NAME : 100-5-1-i
TYPE : ATSP
DIMENSION : 110
EDGE_WEIGHT_TYPE : EXPLICIT
EDGE_WEIGHT_FORMAT : FULL_MATRIX
EDGE_WEIGHT_SECTION
1000000 1000000 1000000 1000000 1000000 3081 3570 1000 5438 2790 4764 4100 3892 425 4211 4526 4163 2746 4950 4702 3912 4904 2502 4111 3202 3307 4429 5421 4361 2303 3808 5097 3734 1553 762 4649 4805 2717 855 5304 3672 1965 5167 2974 4610 3325 4910 4327 2752 3688 3302 4131 1924 2759 4421 3453 5323 5281 2684 944 1209 3993 2693 5941 3158 3536 5500 2210 3758 4628 641 3424 5250 1171 4273 4528 5576 2907 3141 1789 3009 2597 2508 1985 4460 1100 4702 4528 4429 4000 4540 2185 2214 825 283 3424 200 2641 3467 4811 3105 4429 4754 5457 4523 0 1000000 1000000 1000000 1000000 
1000000 1000000 1000000 1000000 1000000 1514 1887 3993 3802 2409 3982 500 2786 4243 1237 4302 2693 5382 1650 1020 3232 317 2237 4387 4221 1390 2845 4205 4793 5441 3047 2335 2417 3270 3848 2403 762 1898 3749 4653 2997 2631 4456 1703 2817 1300 3623 4966 1900 3713 3329 566 3329 3895 4754 1861 3215 3115 2970 4002 4473 2530 3183 4411 5587 4883 4202 2550 5187 1404 4333 5942 4329 4105 5009 4428 3906 4046 4281 4466 1712 2562 2119 3721 4081 4505 1020 4177 2845 1030 300 4921 4842 3766 4439 1209 4555 4173 4605 2600 5376 413 2702 3325 3591 1000000 0 1000000 1000000 1000000 
1000000 1000000 1000000 1000000 1000000 2916 3802 1747 5955 3107 5382 3902 4342 729 4302 5221 4581 3722 5093 4730 4456 4700 2641 4855 3983 3299 4861 6011 5148 3300 4319 5367 4105 1980 922 4974 4768 2693 990 5982 4178 1869 5826 2700 5022 3256 5449 5143 2502 4342 3895 4032 2484 3499 5198 3668 5743 5686 3183 448 2138 4383 3256 6507 4131 4402 6082 2419 4649 4744 1530 4411 5880 317 5100 5244 6096 3672 3936 2693 2702 2942 2530 2693 5123 142 4730 5201 4861 4027 4419 3141 3158 1064 1205 3355 807 3444 4296 5163 4061 4329 5132 5883 5092 1000000 1000000 0 1000000 1000000 
1000000 1000000 1000000 1000000 1000000 2221 2303 400 4105 1504 3466 3177 2550 1273 3015 3281 2824 2214 3702 3536 2581 3940 1393 2916 2062 2248 3088 4111 3221 2025 2470 3786 2405 361 1030 3325 3688 1750 985 4046 2333 1304 3895 2263 3270 2326 3581 3232 2052 2409 1985 3102 584 1566 3265 2200 3982 3940 1342 1566 861 2658 1361 4623 2571 2550 4187 1078 2829 3402 807 2913 3960 1879 3196 3302 4244 1747 2025 1078 2335 1304 1527 762 3190 2081 3536 3265 3088 2864 3512 1616 1582 895 1078 2417 1443 1553 2405 3479 2434 3384 3418 4115 3202 1000000 1000000 1000000 0 1000000 
1000000 1000000 1000000 1000000 1000000 4178 3713 1898 4429 3024 3552 5033 3374 2702 4518 3105 3668 425 4998 5054 3115 5721 3253 2597 1803 4046 3833 4198 2641 142 3141 4806 3479 2386 2746 4296 5284 3680 2766 3828 3060 3362 3765 4281 4032 4178 3912 2506 4081 2600 2550 4861 2122 1747 2732 3672 4602 4605 2506 3215 1335 3614 2326 4730 807 1656 4296 2974 1721 4793 1911 1020 3930 3506 2419 3037 4540 1712 1703 1000 4361 2861 3472 1703 3158 3506 5054 3179 3833 4495 5244 500 584 2669 2200 4253 2608 1432 1773 4357 849 5104 4243 4700 3506 1000000 1000000 1000000 1000000 0 
1000000 1000000 1000000 1000000 1000000 0 1487 2556 3940 1432 3766 1020 2452 2730 1563 3906 2530 4221 2361 1879 2817 1825 944 3812 3353 584 2786 4206 4220 4173 2618 2832 2062 1861 2335 2608 1869 500 2237 4473 2508 1119 4276 361 2864 425 3574 4342 448 3107 2618 1119 2062 2916 4211 1361 3499 3414 1993 2502 3081 2309 2214 4570 4495 4017 4238 1205 4333 2000 2864 4855 4221 2631 4357 4002 4072 3102 3384 3183 448 1487 708 2500 3713 3027 1879 3812 2786 1221 1504 3688 3624 2257 2942 500 3042 3131 3765 2831 4305 1415 2866 3636 3374 3081 1514 2916 2221 4178 
1000000 1000000 1000000 1000000 1000000 1487 0 2702 2460 800 2309 1677 1000 3353 807 2518 1045 3606 1400 1342 1415 2141 1167 2530 2344 922 1300 2721 2942 3758 1217 1566 600 2023 2974 1205 1582 1281 2880 3015 1141 2000 2817 1839 1390 1119 2089 3102 1836 1839 1443 1342 1812 2062 2913 142 2062 1985 1209 3355 3027 825 1390 3088 3765 3000 2752 1393 3302 1119 3107 4111 2746 3585 3139 2631 2595 2194 2409 2847 1932 1000 1346 2089 2309 3936 1342 2409 1300 861 1641 3221 3131 2847 3338 1105 3614 2361 2721 1415 3547 1500 1422 2203 1911 3570 1887 3802 2303 3713 
1000000 1000000 1000000 1000000 1000000 2556 2702 0 4442 1903 3765 3535 2916 1030 3414 3539 3196 2122 4102 3932 2916 4309 1773 3141 2248 2625 3454 4421 3414 1839 2818 4178 2790 729 906 3711 4080 2103 900 4314 2684 1556 4173 2562 3641 2693 3912 3400 2344 2691 2303 3479 949 1781 3467 2600 4347 4309 1709 1432 584 3037 1700 4941 2508 2658 4500 1457 2913 3802 413 2829 4253 1747 3355 3547 4580 1942 2196 1000 2625 1703 1879 990 3466 1879 3932 3536 3454 3256 3890 1514 1504 800 722 2786 1132 1700 2550 3861 2400 3765 3795 4478 3523 1000 3993 1747 400 1898 
1000000 1000000 1000000 1000000 1000000 3940 2460 4442 0 2907 906 3848 1628 5361 2631 1432 1443 4105 2221 2802 1527 3906 3500 1911 2631 3362 1167 500 2089 4540 1641 1530 1942 3983 5045 1415 3107 3722 4968 1132 1781 4342 1000 4296 1078 3547 539 2309 4295 1869 2148 3437 3523 2847 1993 2595 633 729 2781 5523 4478 1665 2746 633 4005 2907 448 3613 3042 2400 4838 4230 782 5800 2405 1553 142 2790 2730 4017 4387 3042 3745 3489 1304 6096 2802 1316 1167 2962 3502 4080 3982 4905 5163 3512 5548 3105 2700 1205 3802 3406 1119 584 949 5438 3802 5955 4105 4429 
1000000 1000000 1000000 1000000 1000000 1432 800 1903 2907 0 2508 2062 1281 2600 1553 2550 1487 2974 2200 2089 1524 2702 633 2400 1932 1082 1770 3053 2802 3053 1342 2309 1000 1237 2237 1879 2285 1000 2148 3196 1209 1443 3009 1703 1921 1253 2442 2916 1604 1703 1200 1844 1020 1527 2800 708 2641 2581 584 2663 2237 1281 807 3500 3190 2600 3107 708 2916 1911 2309 3547 2997 2921 2928 2631 3048 1700 1970 2103 1803 200 922 1342 2377 3245 2089 2474 1770 1477 2221 2524 2442 2103 2550 1304 2847 1781 2341 2060 2984 2081 2025 2781 2148 2790 2409 3107 1504 3024 
1000000 1000000 1000000 1000000 1000000 3766 2309 3765 906 2508 0 3912 1316 4739 2746 539 1304 3215 2595 3068 985 4149 3139 1005 1773 3225 1141 671 1209 3668 1171 2000 1712 3406 4460 1656 3384 3449 4394 708 1300 3936 510 4100 1209 3424 500 1432 4053 1082 1487 3523 2900 2060 1119 2419 1304 1361 2221 4968 3722 1500 2127 1209 3102 2003 762 3177 2138 2658 4141 3325 500 5264 1524 671 1000 1970 1869 3221 4198 2595 3418 2781 400 5523 3068 413 1141 3015 3688 3229 3133 4319 4483 3414 4892 2285 1803 1527 2900 3570 1390 1342 400 4764 3982 5382 3466 3552 
1000000 1000000 1000000 1000000 1000000 1020 1677 3535 3848 2062 3912 0 2648 3749 1217 4178 2608 5021 1836 1221 3081 807 1803 4206 3945 990 2800 4211 4618 5045 2887 2470 2257 2818 3355 2434 1064 1432 3256 4605 2817 2138 4405 1205 2808 861 3602 4776 1400 3512 3088 413 2921 3581 4589 1616 3299 3202 2641 3502 4032 2419 2861 4473 5250 4615 4220 2110 4925 1524 3863 5609 4300 3606 4811 4296 3963 3745 3997 4061 1217 2194 1656 3331 3963 4005 1221 4061 2800 900 584 4535 4460 3276 3957 782 4061 3842 4342 2648 5045 566 2730 3421 3513 4100 500 3902 3177 5033 
1000000 1000000 1000000 1000000 1000000 2452 1000 2916 1628 1281 1316 2648 0 3774 1566 1530 300 3163 1721 2000 448 2997 1887 1613 1700 1911 539 1789 2013 3453 283 1432 400 2386 3441 922 2303 2155 3361 2023 317 2721 1825 2790 729 2110 1167 2196 2752 990 825 2281 1970 1628 1970 1105 1432 1393 1209 3906 3060 283 1237 2221 3221 2281 1836 1985 2550 1628 3325 3536 1773 4178 2248 1650 1770 1677 1789 2702 2887 1415 2148 2040 1316 4483 2000 1415 539 1773 2508 2928 2829 3302 3625 2103 3983 1942 2000 1000 2997 2377 906 1566 922 3892 2786 4342 2550 3374 
1000000 1000000 1000000 1000000 1000000 2730 3353 1030 5361 2600 4739 3749 3774 0 3946 4546 4032 3007 4708 4419 3842 4555 2237 4162 3276 3002 4305 5382 4442 2608 3721 4905 3578 1390 400 4478 4502 2400 500 5316 3581 1613 5167 2597 4478 3002 4842 4430 2377 3680 3256 3806 1844 2802 4495 3229 5198 5148 2581 539 1415 3848 2625 5890 3414 3677 5457 1965 3922 4374 807 3702 5233 807 4383 4561 5500 2969 3225 1965 2625 2417 2203 2000 4460 855 4419 4535 4305 3713 4211 2419 2434 510 510 3102 317 2730 3578 4652 3338 4105 4607 5334 4469 425 4243 729 1273 2702 
1000000 1000000 1000000 1000000 1000000 1563 807 3414 2631 1553 2746 1217 1566 3946 0 3068 1457 4411 807 539 2013 1432 1712 3177 3112 1030 1613 3002 3578 4562 1836 1304 1221 2702 3552 1217 782 1616 3453 3424 1803 2436 3225 1911 1600 1141 2403 3759 2000 2524 2194 807 2571 2861 3535 855 2089 1993 2013 3861 3786 1300 2196 3256 4561 3754 3007 2003 4046 448 3806 4905 3107 4050 3808 3196 2746 2984 3183 3641 1980 1747 1773 2880 2847 4428 539 2942 1613 361 949 4025 3936 3437 4002 1064 4230 3163 3472 1432 4342 825 1514 2214 2354 4211 1237 4302 3015 4518 
1000000 1000000 1000000 1000000 1000000 3906 2518 3539 1432 2550 539 4178 1530 4546 3068 0 1616 2746 3024 3444 1105 4495 3179 510 1390 3402 1527 1105 671 3229 1304 2476 1924 3276 4302 2081 3758 3536 4244 782 1400 3922 671 4220 1641 3602 1030 895 4144 895 1393 3808 2746 1770 584 2608 1836 1887 2155 4826 3421 1773 2013 1628 2602 1504 1205 3163 1613 3042 3890 2808 825 5132 985 142 1514 1641 1477 2885 4319 2597 3472 2550 224 5361 3444 142 1527 3299 4017 2824 2732 4162 4243 3606 4670 1942 1335 1985 2409 3890 1844 1879 782 4526 4302 5221 3281 3105 
1000000 1000000 1000000 1000000 1000000 2530 1045 3196 1443 1487 1304 2608 300 4032 1457 1616 0 3449 1487 1836 641 2880 2062 1781 1970 1965 283 1677 2164 3749 539 1141 500 2642 3690 633 2148 2283 3606 2000 609 2907 1800 2880 448 2159 1045 2361 2864 1221 1119 2221 2248 1924 2110 1171 1167 1119 1487 4141 3355 224 1530 2060 3493 2524 1709 2194 2781 1443 3606 3802 1712 4405 2421 1747 1582 1965 2062 3002 2974 1641 2303 2335 1393 4721 1836 1487 283 1712 2405 3225 3126 3552 3900 2138 4249 2237 2248 700 3270 2281 609 1304 906 4163 2693 4581 2824 3668 
1000000 1000000 1000000 1000000 1000000 4221 3606 2122 4105 2974 3215 5021 3163 3007 4411 2746 3449 0 4834 4940 2864 5673 3281 2237 1514 4032 3591 3848 2248 566 2913 4589 3311 2508 3007 4081 5187 3721 3015 3449 2847 3493 3396 4357 3786 4178 3600 2103 4168 2320 2341 4817 2164 1566 2341 3581 4319 4329 2421 3500 1600 3418 2221 4374 413 1265 3946 3024 1304 4653 2203 708 3570 3802 2013 2669 4211 1487 1415 1141 4442 2829 3523 1721 2817 3833 4940 2829 3591 4421 5186 609 633 2916 2518 4245 2943 1253 1415 4124 425 5045 4003 4411 3202 2746 5382 3722 2214 425 
1000000 1000000 1000000 1000000 1000000 2361 1400 4102 2221 2200 2595 1836 1721 4708 807 3024 1487 4834 0 633 2127 1703 2474 3256 3414 1836 1500 2669 3624 5060 2000 700 1524 3414 4318 944 906 2417 4221 3196 2025 3232 3009 2702 1390 1942 2155 3829 2802 2702 2506 1443 3207 3270 3561 1504 1604 1504 2550 4649 4419 1443 2693 2802 4925 4000 2648 2746 4264 361 4505 5248 2847 4847 3895 3163 2309 3355 3499 4198 2766 2400 2564 3453 2802 5221 633 2885 1500 1141 1361 4523 4428 4198 4727 1861 4982 3585 3721 1078 4702 1300 1209 1700 2248 4950 1650 5093 3702 4998 
1000000 1000000 1000000 1000000 1000000 1879 1342 3932 2802 2089 3068 1221 2000 4419 539 3444 1836 4940 633 0 2442 1105 2200 3606 3613 1432 1932 3225 3997 5100 2281 1316 1698 3215 4020 1432 317 2040 3921 3711 2268 2864 3518 2196 1869 1487 2669 4189 2326 2984 2691 849 3105 3384 3945 1393 2203 2103 2550 4296 4318 1721 2730 3402 5081 4243 3215 2502 4528 413 4319 5421 3374 4465 4244 3578 2900 3500 3688 4179 2248 2281 2221 3418 3221 4851 0 3311 1932 708 729 4562 4473 3912 4502 1393 4710 3690 3960 1613 4861 671 1727 2309 2693 4702 1020 4730 3536 5054 
1000000 1000000 1000000 1000000 1000000 2817 1415 2916 1527 1524 985 3081 448 3842 2013 1105 641 2864 2127 2442 0 3444 2155 1167 1361 2300 729 1563 1566 3207 200 1747 825 2476 3539 1253 2746 2474 3466 1677 317 2953 1487 3141 922 2500 1000 1750 3081 584 633 2721 2000 1404 1524 1504 1514 1504 1273 4032 2974 722 1221 2052 2880 1887 1628 2196 2141 2062 3313 3179 1477 4319 1803 1217 1665 1404 1457 2550 3239 1613 2436 1970 900 4597 2442 1000 729 2214 2955 2700 2600 3398 3636 2502 4023 1700 1613 1265 2658 2824 1141 1628 641 3912 3232 4456 2581 3115 
1000000 1000000 1000000 1000000 1000000 1825 2141 4309 3906 2702 4149 807 2997 4555 1432 4495 2880 5673 1703 1105 3444 0 2550 4607 4483 1700 3009 4329 5009 5743 3265 2403 2642 3585 4160 2532 800 2214 4061 4806 3225 2943 4610 2000 2962 1616 3766 5189 2203 3945 3581 861 3636 4173 4966 2127 3300 3200 3256 4305 4786 2732 3466 4500 5870 5141 4319 2864 5441 1514 4649 6223 4473 4402 5236 4624 4002 4319 4546 4771 2003 2861 2436 4023 4273 4802 1105 4366 3009 1281 500 5221 5141 4080 4754 1524 4867 4456 4861 2717 5657 641 2829 3402 3765 4904 317 4700 3940 5721 
1000000 1000000 1000000 1000000 1000000 944 1167 1773 3500 633 3139 1803 1887 2237 1712 3179 2062 3281 2474 2200 2155 2550 0 3007 2452 855 2344 3672 3402 3256 1970 2730 1563 1045 1844 2361 2320 448 1747 3828 1839 849 3641 1141 2476 944 3053 3502 1005 2320 1812 1709 1132 1993 3406 1030 3183 3115 1105 2194 2237 1844 1316 4105 3552 3105 3722 317 3421 2138 2138 3912 3625 2419 3506 3256 3641 2185 2474 2268 1237 600 300 1563 3009 2774 2200 3105 2344 1504 2119 2759 2691 1727 2303 1030 2518 2194 2864 2562 3362 1993 2550 3325 2774 2502 2237 2641 1393 3253 
1000000 1000000 1000000 1000000 1000000 3812 2530 3141 1911 2400 1005 4206 1613 4162 3177 510 1781 2237 3256 3606 1167 4607 3007 0 922 3355 1770 1613 413 2721 1342 2781 1970 2955 3945 2335 3912 3400 3895 1253 1393 3688 1171 4102 1921 3552 1457 584 4002 708 1200 3863 2417 1361 400 2597 2248 2285 1924 4478 2974 1887 1747 2138 2100 1000 1712 2943 1141 3221 3472 2320 1335 4789 641 448 2003 1205 1000 2421 4202 2409 3307 2164 609 4993 3606 600 1770 3362 4115 2326 2237 3808 3829 3570 4264 1487 825 2281 1903 3982 2141 2309 1119 4111 4387 4855 2916 2597 
1000000 1000000 1000000 1000000 1000000 3353 2344 2248 2631 1932 1773 3945 1700 3276 3112 1390 1970 1514 3414 3613 1361 4483 2452 922 0 2997 2089 2436 1167 1911 1432 3102 1921 2159 3088 2600 3890 2887 3047 2164 1390 3002 2060 3591 2281 3179 2110 1171 3453 807 922 3662 1628 510 1221 2361 2808 2817 1361 3625 2052 1973 1141 2974 1524 671 2530 2309 985 3281 2562 1836 2194 3940 1141 1361 2746 317 100 1500 3688 1869 2746 1300 1393 4119 3613 1432 2089 3202 3983 1457 1361 2955 2921 3221 3361 566 413 2625 1300 3842 2500 2902 1703 3202 4221 3983 2062 1803 
1000000 1000000 1000000 1000000 1000000 584 922 2625 3362 1082 3225 990 1911 3002 1030 3402 1965 4032 1836 1432 2300 1700 855 3355 2997 0 2214 3641 3766 4061 2100 2263 1514 1898 2602 2025 1500 609 2502 3932 2003 1432 3734 944 2285 200 3009 3906 990 2648 2185 855 1942 2608 3749 807 2916 2831 1665 2864 3088 1747 1887 3993 4264 3668 3669 1171 3982 1477 2984 4623 3668 3037 3930 3506 3493 2779 3042 3081 1030 1205 800 2344 3200 3421 1432 3300 2214 729 1265 3547 3472 2500 3126 224 3300 2861 3402 2248 4061 1141 2283 3053 2829 3307 1390 3299 2248 4046 
1000000 1000000 1000000 1000000 1000000 2786 1300 3454 1167 1770 1141 2800 539 4305 1613 1527 283 3591 1500 1932 729 3009 2344 1770 2089 2214 0 1432 2127 3921 700 1030 782 2916 3967 566 2248 2556 3884 1812 807 3190 1613 3139 200 2405 807 2335 3131 1300 1300 2403 2508 2103 2062 1432 895 855 1747 4421 3591 500 1773 1789 3606 2595 1457 2476 2831 1524 3863 3900 1500 4687 2405 1665 1304 2122 2185 3215 3232 1921 2581 2571 1304 5000 1932 1390 0 1900 2550 3406 3307 3828 4163 2377 4518 2409 2326 539 3384 2434 413 1030 762 4429 2845 4861 3088 3833 
1000000 1000000 1000000 1000000 1000000 4206 2721 4421 500 3053 671 4211 1789 5382 3002 1105 1677 3848 2669 3225 1563 4329 3672 1613 2436 3641 1432 0 1712 4318 1721 1993 2155 4032 5092 1803 3536 3940 5021 641 1861 4495 539 4555 1404 3833 633 1924 4532 1750 2127 3806 3539 2730 1613 2847 1119 1209 2832 5591 4391 1898 2759 539 3706 2608 100 3745 2702 2817 4802 3902 317 5880 2023 1200 500 2641 2530 3892 4649 3163 3936 3441 1045 6153 3225 1020 1432 3314 3906 3890 3795 4950 5141 3808 5545 2955 2434 1613 3513 3802 1504 1082 922 5421 4205 6011 4111 4198 
1000000 1000000 1000000 1000000 1000000 4220 2942 3414 2089 2802 1209 4618 2013 4442 3578 671 2164 2248 3624 3997 1566 5009 3402 413 1167 3766 2127 1712 0 2774 1747 3115 2377 3290 4249 2691 4305 3802 4205 1217 1803 4061 1200 4505 2263 3963 1700 224 4400 1119 1604 4273 2752 1656 100 3009 2506 2556 2309 4786 3190 2283 2122 2200 2040 985 1812 3325 1005 3606 3721 2203 1404 5100 317 539 2159 1477 1221 2618 4605 2802 3702 2460 861 5284 3997 807 2127 3770 4519 2442 2361 4115 4081 3982 4523 1721 922 2618 1869 4387 2476 2550 1422 4361 4793 5148 3221 2641 
1000000 1000000 1000000 1000000 1000000 4173 3758 1839 4540 3053 3668 5045 3453 2608 4562 3229 3749 566 5060 5100 3207 5743 3256 2721 1911 4061 3921 4318 2774 0 3225 4884 3545 2361 2669 4374 5324 3677 2693 3957 3141 3329 3890 4264 4120 4187 4020 2642 4061 2702 2631 4883 2127 1825 2864 3713 4700 4702 2550 3126 1265 3688 2377 4851 944 1789 4415 2970 1861 4847 1825 1141 4053 3414 2556 3163 4653 1803 1812 990 4342 2885 3466 1721 3276 3402 5100 3299 3921 4528 5270 539 633 2597 2103 4264 2502 1514 1898 4441 990 5132 4329 4802 3613 2303 5441 3300 2025 142 
1000000 1000000 1000000 1000000 1000000 2618 1217 2818 1641 1342 1171 2887 283 3721 1836 1304 539 2913 2000 2281 200 3265 1970 1342 1432 2100 700 1721 1747 3225 0 1677 633 2344 3406 1171 2581 2281 3331 1869 142 2779 1677 2943 900 2300 1132 1924 2887 708 600 2530 1887 1404 1709 1304 1553 1530 1141 3890 2913 566 1119 2194 2955 2000 1781 2025 2268 1911 3221 3265 1656 4173 1973 1415 1781 1432 1524 2518 3042 1443 2248 1898 1100 4460 2281 1200 700 2025 2774 2708 2608 3265 3536 2303 3912 1712 1721 1217 2732 2641 1105 1677 807 3808 3047 4319 2470 3141 
1000000 1000000 1000000 1000000 1000000 2832 1566 4178 1530 2309 2000 2470 1432 4905 1304 2476 1141 4589 700 1316 1747 2403 2730 2781 3102 2263 1030 1993 3115 4884 1677 0 1404 3545 4532 510 1604 2781 4439 2550 1747 3552 2371 3190 861 2409 1527 3331 3253 2326 2257 2062 3239 3060 3042 1700 906 807 2508 4920 4411 1205 2600 2103 4624 3624 1965 2955 3859 949 4590 4925 2194 5148 3406 2618 1613 3105 3196 4105 3265 2500 2885 3402 2263 5501 1316 2335 1030 1665 2040 4357 4258 4402 4851 2344 5155 3374 3355 500 4402 1965 641 1000 1698 5097 2335 5367 3786 4806 
1000000 1000000 1000000 1000000 1000000 2062 600 2790 1942 1000 1712 2257 400 3578 1221 1924 500 3311 1524 1698 825 2642 1563 1970 1921 1514 782 2155 2377 3545 633 1404 0 2194 3225 922 1985 1789 3139 2419 584 2409 2221 2405 922 1712 1524 2550 2377 1304 1000 1898 1844 1747 2341 708 1641 1582 1105 3662 3007 283 1205 2556 3414 2546 2194 1703 2832 1361 3202 3745 2159 3921 2595 2040 2081 1836 2000 2717 2500 1167 1803 2000 1712 4244 1698 1812 782 1393 2148 3009 2913 3089 3479 1703 3808 2062 2263 1078 3191 2013 1030 1781 1316 3734 2417 4105 2405 3479 
1000000 1000000 1000000 1000000 1000000 1861 2023 729 3983 1237 3406 2818 2386 1390 2702 3276 2642 2508 3414 3215 2476 3585 1045 2955 2159 1898 2916 4032 3290 2361 2344 3545 2194 0 1064 3102 3355 1390 990 4023 2203 985 3861 1911 3089 1970 3472 3325 1703 2386 1921 2752 539 1650 3325 1911 3808 3759 1205 1563 1221 2460 1281 4528 2847 2708 4102 729 3002 3102 1105 3196 3906 1861 3299 3313 4124 1844 2138 1390 1985 1045 1167 900 3163 2122 3215 3245 2916 2532 3163 1924 1879 922 1316 2062 1616 1703 2532 3270 2693 3037 3221 3945 3112 1553 3270 1980 361 2386 
1000000 1000000 1000000 1000000 1000000 2335 2974 906 5045 2237 4460 3355 3441 400 3552 4302 3690 3007 4318 4020 3539 4160 1844 3945 3088 2602 3967 5092 4249 2669 3406 4532 3225 1064 0 4115 4102 2000 100 5061 3265 1217 4905 2214 4135 2602 4535 4255 1993 3421 2974 3406 1563 2595 4295 2847 4855 4803 2268 539 1415 3499 2335 5591 3402 3545 5163 1582 3808 3982 855 3713 4958 855 4216 4327 5186 2774 3047 1903 2248 2060 1803 1789 4202 1064 4020 4281 3967 3314 3812 2403 2400 142 708 2702 708 2564 3418 4295 3302 3706 4255 4993 4173 762 3848 922 1030 2746 
1000000 1000000 1000000 1000000 1000000 2608 1205 3711 1415 1879 1656 2434 922 4478 1217 2081 633 4081 944 1432 1253 2532 2361 2335 2600 2025 566 1803 2691 4374 1171 510 922 3102 4115 0 1747 2476 4025 2281 1237 3202 2089 2969 448 2196 1237 2900 3000 1836 1747 2023 2766 2550 2625 1346 895 807 2023 4528 3921 700 2103 2040 4124 3139 1800 2556 3384 1020 4124 4429 1942 4771 2970 2221 1530 2597 2693 3602 3053 2062 2550 2907 1861 5111 1432 1942 566 1553 2103 3848 3749 3982 4397 2148 4717 2864 2866 224 3900 2000 300 1030 1304 4649 2403 4974 3325 4296 
1000000 1000000 1000000 1000000 1000000 1869 1582 4080 3107 2285 3384 1064 2303 4502 782 3758 2148 5187 906 317 2746 800 2320 3912 3890 1500 2248 3536 4305 5324 2581 1604 1985 3355 4102 1747 0 2103 4002 4027 2562 2916 3833 2155 2185 1514 2984 4495 2309 3281 2970 762 3290 3641 4255 1613 2500 2400 2779 4342 4493 2025 2969 3700 5342 4528 3523 2631 4817 729 4456 5686 3688 4492 4549 3892 3202 3765 3963 4387 2194 2470 2300 3625 3535 4884 317 3625 2248 825 500 4789 4702 4000 4618 1415 4800 3941 4245 1924 5123 500 2040 2602 3009 4805 762 4768 3688 5284 
1000000 1000000 1000000 1000000 1000000 500 1281 2103 3722 1000 3449 1432 2155 2400 1616 3536 2283 3721 2417 2040 2474 2214 448 3400 2887 609 2556 3940 3802 3677 2281 2781 1789 1390 2000 2476 2103 0 1900 4149 2159 825 3957 708 2663 609 3311 3912 609 2702 2200 1415 1563 2436 3800 1141 3343 3265 1530 2257 2608 2060 1747 4342 3997 3545 3982 708 3861 2062 2436 4357 3922 2436 3921 3623 3859 2625 2913 2688 807 1020 224 2000 3355 2817 2040 3453 2556 1335 1825 3190 3125 1903 2550 708 2702 2641 3299 2691 3808 1712 2702 3483 3068 2717 1898 2693 1750 3680 
1000000 1000000 1000000 1000000 1000000 2237 2880 900 4968 2148 4394 3256 3361 500 3453 4244 3606 3015 4221 3921 3466 4061 1747 3895 3047 2502 3884 5021 4205 2693 3331 4439 3139 990 100 4025 4002 1900 0 5000 3190 1119 4842 2119 4050 2502 4460 4216 1898 3361 2907 3307 1500 2550 4249 2752 4771 4717 2194 584 1432 3414 2268 5518 3406 3518 5092 1487 3786 3884 895 3722 4892 895 4179 4273 5109 2732 3009 1900 2155 1973 1703 1747 4141 1132 3921 4221 3884 3215 3713 2409 2403 100 782 2602 807 2530 3384 4206 3300 3606 4168 4910 4102 855 3749 990 985 2766 
1000000 1000000 1000000 1000000 1000000 4473 3015 4314 1132 3196 708 4605 2023 5316 3424 782 2000 3449 3196 3711 1677 4806 3828 1253 2164 3932 1812 641 1217 3957 1869 2550 2419 4023 5061 2281 4027 4149 5000 0 1993 4610 200 4806 1844 4131 1045 1404 4754 1641 2110 4211 3500 2550 1119 3126 1721 1803 2866 5581 4202 2203 2746 1020 3256 2185 722 3849 2221 3299 4670 3414 361 5883 1504 807 1141 2421 2248 3662 4904 3270 4111 3325 861 6123 3711 782 1812 3706 4357 3578 3489 4921 5021 4120 5446 2721 2062 2119 3081 4243 1993 1703 1105 5304 4653 5982 4046 3828 
1000000 1000000 1000000 1000000 1000000 2508 1141 2684 1781 1209 1300 2817 317 3581 1803 1400 609 2847 2025 2268 317 3225 1839 1393 1390 2003 807 1861 1803 3141 142 1747 584 2203 3265 1237 2562 2159 3190 1993 0 2642 1803 2829 1005 2203 1273 1970 2766 722 510 2470 1750 1316 1773 1217 1677 1650 1000 3749 2790 584 985 2335 2907 1985 1921 1887 2263 1911 3088 3225 1789 4032 2013 1504 1921 1361 1477 2409 2928 1304 2119 1773 1205 4319 2268 1304 807 1970 2730 2618 2518 3125 3400 2210 3774 1628 1703 1304 2684 2595 1200 1803 944 3672 2997 4178 2333 3060 
1000000 1000000 1000000 1000000 1000000 1119 2000 1556 4342 1443 3936 2138 2721 1613 2436 3922 2907 3493 3232 2864 2953 2943 849 3688 3002 1432 3190 4495 4061 3329 2779 3552 2409 985 1217 3202 2916 825 1119 4610 2642 0 4429 1030 3325 1404 3884 4131 807 3037 2530 2200 1415 2500 4080 1861 4032 3963 1773 1432 2127 2691 1942 4941 3828 3606 4549 762 3912 2880 1803 4179 4430 1616 4120 3985 4483 2700 3000 2371 1082 1342 671 1844 3770 1993 2864 3863 3190 2159 2602 2907 2864 1141 1839 1504 1924 2618 3400 3406 3669 2500 3398 4173 3585 1965 2631 1869 1304 3362 
1000000 1000000 1000000 1000000 1000000 4276 2817 4173 1000 3009 510 4405 1825 5167 3225 671 1800 3396 3009 3518 1487 4610 3641 1171 2060 3734 1613 539 1200 3890 1677 2371 2221 3861 4905 2089 3833 3957 4842 200 1803 4429 0 4610 1650 3932 855 1404 4561 1487 1942 4012 3343 2421 1100 2928 1563 1641 2693 5421 4081 2003 2581 1000 3225 2138 633 3668 2203 3105 4535 3402 224 5721 1504 729 1030 2303 2148 3552 4708 3088 3922 3183 708 5967 3518 641 1613 3506 4160 3493 3402 4764 4884 3921 5304 2608 1993 1932 3042 4045 1803 1556 906 5167 4456 5826 3895 3765 
1000000 1000000 1000000 1000000 1000000 361 1839 2562 4296 1703 4100 1205 2790 2597 1911 4220 2880 4357 2702 2196 3141 2000 1141 4102 3591 944 3139 4555 4505 4264 2943 3190 2405 1911 2214 2969 2155 708 2119 4806 2829 1030 4610 0 3221 782 3922 4618 224 3400 2902 1393 2196 3133 4502 1709 3859 3774 2237 2309 3115 2658 2452 4925 4653 4245 4589 1342 4561 2344 2831 5012 4561 2403 4628 4311 4429 3325 3614 3281 100 1727 855 2642 4032 2802 2196 4131 3139 1563 1747 3802 3745 2155 2864 849 2913 3325 4003 3191 4473 1677 3225 3997 3711 2974 1703 2700 2263 4281 
1000000 1000000 1000000 1000000 1000000 2864 1390 3641 1078 1921 1209 2808 729 4478 1600 1641 448 3786 1390 1869 922 2962 2476 1921 2281 2285 200 1404 2263 4120 900 861 922 3089 4135 448 2185 2663 4050 1844 1005 3325 1650 3221 0 2470 807 2476 3225 1487 1500 2403 2693 2303 2194 1527 722 671 1932 4581 3786 641 1965 1709 3795 2774 1415 2625 3002 1457 4050 4086 1514 4842 2550 1781 1209 2320 2377 3414 3311 2081 2702 2766 1422 5162 1869 1500 200 1911 2518 3606 3506 3997 4347 2436 4696 2608 2508 361 3574 2409 224 861 861 4610 2817 5022 3270 4032 
1000000 1000000 1000000 1000000 1000000 425 1119 2693 3547 1253 3424 861 2110 3002 1141 3602 2159 4178 1942 1487 2500 1616 944 3552 3179 200 2405 3833 3963 4187 2300 2409 1712 1970 2602 2196 1514 609 2502 4131 2203 1404 3932 782 2470 0 3202 4100 861 2845 2377 807 2062 2779 3946 1005 3089 3002 1836 2829 3177 1942 2060 4179 4421 3849 3861 1253 4163 1582 3037 4781 3864 2984 4124 3706 3677 2953 3221 3202 861 1361 825 2476 3400 3374 1487 3500 2405 807 1217 3680 3607 2508 3158 100 3307 3024 3585 2419 4221 1105 2460 3225 3027 3325 1300 3256 2326 4178 
1000000 1000000 1000000 1000000 1000000 3574 2089 3912 539 2442 500 3602 1167 4842 2403 1030 1045 3600 2155 2669 1000 3766 3053 1457 2110 3009 807 633 1700 4020 1132 1527 1524 3472 4535 1237 2984 3311 4460 1045 1273 3884 855 3922 807 3202 0 1924 3900 1335 1613 3200 3000 2309 1613 2214 807 861 2268 5021 3940 1265 2221 1064 3523 2434 671 3141 2597 2257 4305 3766 708 5304 2013 1167 671 2257 2210 3479 4017 2562 3313 2953 855 5591 2669 895 807 2702 3325 3552 3453 4394 4633 3179 5022 2571 2210 1078 3314 3215 949 855 413 4910 3623 5449 3581 3912 
1000000 1000000 1000000 1000000 1000000 4342 3102 3400 2309 2916 1432 4776 2196 4430 3759 895 2361 2103 3829 4189 1750 5189 3502 584 1171 3906 2335 1924 224 2642 1924 3331 2550 3325 4255 2900 4495 3912 4216 1404 1970 4131 1404 4618 2476 4100 1924 0 4505 1265 1727 4439 2790 1677 317 3163 2730 2779 2400 4793 3141 2470 2203 2403 1869 861 2023 3406 825 3802 3690 2010 1613 5108 100 762 2377 1487 1209 2562 4717 2902 3802 2470 1082 5278 4189 1030 2335 3940 4696 2344 2268 4124 4050 4124 4495 1700 861 2832 1709 4562 2691 2774 1641 4327 4966 5143 3232 2506 
1000000 1000000 1000000 1000000 1000000 448 1836 2344 4295 1604 4053 1400 2752 2377 2000 4144 2864 4168 2802 2326 3081 2203 1005 4002 3453 990 3131 4532 4400 4061 2887 3253 2377 1703 1993 3000 2309 609 1898 4754 2766 807 4561 224 3225 861 3900 4505 0 3307 2802 1553 2013 2984 4402 1700 3884 3802 2110 2103 2900 2641 2320 4920 4473 4100 4570 1171 4415 2442 2608 4831 4523 2210 4510 4230 4430 3179 3472 3081 283 1604 708 2460 3963 2608 2326 4061 3131 1665 1924 3606 3552 1932 2641 944 2693 3163 3864 3221 4296 1844 3245 4023 3669 2752 1900 2502 2052 4081 
1000000 1000000 1000000 1000000 1000000 3107 1839 2691 1869 1703 1082 3512 990 3680 2524 895 1221 2320 2702 2984 584 3945 2320 708 807 2648 1300 1750 1119 2702 708 2326 1304 2386 3421 1836 3281 2702 3361 1641 722 3037 1487 3400 1487 2845 1335 1265 3307 0 510 3179 1861 985 1105 1898 2003 2010 1265 3941 2642 1273 1119 2283 2309 1304 1836 2281 1563 2618 3062 2600 1563 4244 1300 949 1993 922 906 2155 3500 1727 2618 1703 782 4483 2984 861 1300 2684 3449 2221 2122 3281 3406 2864 3821 1237 1030 1839 2089 3313 1709 2100 922 3688 3713 4342 2409 2600 
1000000 1000000 1000000 1000000 1000000 2618 1443 2303 2148 1200 1487 3088 825 3256 2194 1393 1119 2341 2506 2691 633 3581 1812 1200 922 2185 1300 2127 1604 2631 600 2257 1000 1921 2974 1747 2970 2200 2907 2110 510 2530 1942 2902 1500 2377 1613 1727 2802 510 0 2779 1415 807 1600 1477 2138 2122 762 3483 2341 1078 641 2641 2419 1563 2203 1773 1861 2361 2693 2746 1985 3781 1747 1457 2283 855 1000 1924 3002 1217 2110 1342 1253 4037 2691 1342 1300 2303 3081 2110 2010 2832 3024 2405 3421 1119 1281 1812 2196 2942 1703 2257 1221 3302 3329 3895 1985 2550 
1000000 1000000 1000000 1000000 1000000 1119 1342 3479 3437 1844 3523 413 2281 3806 807 3808 2221 4817 1443 849 2721 861 1709 3863 3662 855 2403 3806 4273 4883 2530 2062 1898 2752 3406 2023 762 1415 3307 4211 2470 2200 4012 1393 2403 807 3200 4439 1553 3179 2779 0 2779 3331 4238 1304 2887 2790 2405 3613 3940 2040 2618 4061 5021 4327 3812 2025 4633 1119 3833 5376 3902 3749 4478 3930 3552 3483 3721 3912 1432 2000 1628 3163 3591 4144 849 3688 2403 510 413 4361 4281 3314 3963 708 4111 3607 4050 2237 4811 300 2320 3009 3126 4131 566 4032 3102 4861 
1000000 1000000 1000000 1000000 1000000 2062 1812 949 3523 1020 2900 2921 1970 1844 2571 2746 2248 2164 3207 3105 2000 3636 1132 2417 1628 1942 2508 3539 2752 2127 1887 3239 1844 539 1563 2766 3290 1563 1500 3500 1750 1415 3343 2196 2693 2062 3000 2790 2013 1861 1415 2779 0 1119 2786 1727 3402 3362 762 2081 1217 2089 782 4046 2460 2200 3613 861 2502 2928 1361 2818 3398 2386 2766 2779 3662 1316 1613 1141 2283 825 1361 448 2641 2625 3105 2721 2508 2470 3177 1628 1563 1422 1656 2141 2025 1205 2010 2913 2285 3042 2847 3535 2625 1924 3329 2484 584 2122 
1000000 1000000 1000000 1000000 1000000 2916 2062 1781 2847 1527 2060 3581 1628 2802 2861 1770 1924 1566 3270 3384 1404 4173 1993 1361 510 2608 2103 2730 1656 1825 1404 3060 1747 1650 2595 2550 3641 2436 2550 2550 1316 2500 2421 3133 2303 2779 2309 1677 2984 985 807 3331 1119 0 1700 2052 2916 2907 944 3131 1665 1869 722 3265 1703 1119 2818 1825 1432 3089 2122 2052 2524 3444 1650 1770 2974 200 500 1171 3229 1432 2281 807 1721 3636 3384 1781 2103 2900 3677 1304 1205 2460 2476 2831 2907 317 900 2618 1487 3536 2508 3027 1898 2759 3895 3499 1566 1747 
1000000 1000000 1000000 1000000 1000000 4211 2913 3467 1993 2800 1119 4589 1970 4495 3535 584 2110 2341 3561 3945 1524 4966 3406 400 1221 3749 2062 1613 100 2864 1709 3042 2341 3325 4295 2625 4255 3800 4249 1119 1773 4080 1100 4502 2194 3946 1613 317 4402 1105 1600 4238 2786 1700 0 2984 2419 2470 2320 4831 3256 2237 2138 2100 2138 1078 1712 3338 1105 3552 3781 2303 1304 5143 413 448 2062 1527 1281 2688 4602 2808 3706 2506 782 5334 3945 722 2062 3734 4478 2524 2442 4160 4141 3963 4581 1781 1000 2546 1965 4347 2405 2460 1346 4421 4754 5198 3265 2732 
1000000 1000000 1000000 1000000 1000000 1361 142 2600 2595 708 2419 1616 1105 3229 855 2608 1171 3581 1504 1393 1504 2127 1030 2597 2361 807 1432 2847 3009 3713 1304 1700 708 1911 2847 1346 1613 1141 2752 3126 1217 1861 2928 1709 1527 1005 2214 3163 1700 1898 1477 1304 1727 2052 2984 0 2203 2127 1167 3221 2943 949 1361 3221 3754 3024 2880 1265 3329 1205 3002 4104 2864 3449 3196 2717 2730 2194 2421 2786 1803 906 1205 2025 2403 3802 1393 2502 1432 849 1628 3177 3089 2721 3225 1000 3493 2344 2746 1556 3539 1487 1563 2344 2023 3453 1861 3668 2200 3672 
1000000 1000000 1000000 1000000 1000000 3499 2062 4347 633 2641 1304 3299 1432 5198 2089 1836 1167 4319 1604 2203 1514 3300 3183 2248 2808 2916 895 1119 2506 4700 1553 906 1641 3808 4855 895 2500 3343 4771 1721 1677 4032 1563 3859 722 3089 807 2730 3884 2003 2138 2887 3402 2916 2419 2203 0 100 2641 5301 4465 1361 2658 1200 4276 3202 1078 3343 3384 1812 4754 4536 1361 5561 2818 1973 708 2902 2907 4061 3945 2802 3398 3449 1656 5883 2203 1700 895 2436 2916 4205 4105 4717 5057 3042 5413 3207 2962 671 4061 2829 641 142 1141 5323 3215 5743 3982 4602 
1000000 1000000 1000000 1000000 1000000 3414 1985 4309 729 2581 1361 3202 1393 5148 1993 1887 1119 4329 1504 2103 1504 3200 3115 2285 2817 2831 855 1209 2556 4702 1530 807 1582 3759 4803 807 2400 3265 4717 1803 1650 3963 1641 3774 671 3002 861 2779 3802 2010 2122 2790 3362 2907 2470 2127 100 0 2600 5244 4439 1304 2625 1300 4296 3229 1171 3281 3418 1712 4717 4561 1443 5500 2866 2025 807 2900 2916 4045 3859 2746 3325 3421 1700 5825 2103 1750 855 2341 2817 4202 4102 4665 5016 2953 5367 3202 2984 584 4080 2730 566 224 1171 5281 3115 5686 3940 4605 
1000000 1000000 1000000 1000000 1000000 1993 1209 1709 2781 584 2221 2641 1209 2581 2013 2155 1487 2421 2550 2550 1273 3256 1105 1924 1361 1665 1747 2832 2309 2550 1141 2508 1105 1205 2268 2023 2779 1530 2194 2866 1000 1773 2693 2237 1932 1836 2268 2400 2110 1265 762 2405 762 944 2320 1167 2641 2600 0 2759 1903 1335 224 3325 2618 2025 2900 1020 2341 2309 2119 2974 2721 3048 2403 2214 2921 1119 1393 1650 2335 510 1404 906 2013 3325 2550 2103 1747 2000 2766 2013 1924 2127 2417 1887 2779 1205 1773 2159 2409 2625 2089 2774 1911 2684 2970 3183 1342 2506 
1000000 1000000 1000000 1000000 1000000 2502 3355 1432 5523 2663 4968 3502 3906 539 3861 4826 4141 3500 4649 4296 4032 4305 2194 4478 3625 2864 4421 5591 4786 3126 3890 4920 3662 1563 539 4528 4342 2257 584 5581 3749 1432 5421 2309 4581 2829 5021 4793 2103 3941 3483 3613 2081 3131 4831 3221 5301 5244 2759 0 1900 3941 2843 6082 3902 4081 5659 1973 4342 4302 1304 4202 5468 317 4754 4855 5664 3311 3585 2419 2320 2500 2089 2326 4721 584 4296 4802 4421 3591 4005 2902 2907 671 1045 2928 782 3102 3957 4717 3812 3912 4688 5441 4670 944 4002 448 1566 3215 
1000000 1000000 1000000 1000000 1000000 3081 3027 584 4478 2237 3722 4032 3060 1415 3786 3421 3355 1600 4419 4318 2974 4786 2237 2974 2052 3088 3591 4391 3190 1265 2913 4411 3007 1221 1415 3921 4493 2608 1432 4202 2790 2127 4081 3115 3786 3177 3940 3141 2900 2642 2341 3940 1217 1665 3256 2943 4465 4439 1903 1900 0 3225 1825 4925 2003 2333 4478 1924 2550 4144 609 2303 4189 2203 3081 3406 4610 1781 1980 584 3183 2040 2386 1020 3384 2257 4318 3441 3591 3669 4347 1005 1020 1335 949 3265 1393 1487 2281 4045 1924 4216 3963 4589 3535 1209 4473 2138 861 1335 
1000000 1000000 1000000 1000000 1000000 2309 825 3037 1665 1281 1500 2419 283 3848 1300 1773 224 3418 1443 1721 722 2732 1844 1887 1973 1747 500 1898 2283 3688 566 1205 283 2460 3499 700 2025 2060 3414 2203 584 2691 2003 2658 641 1942 1265 2470 2641 1273 1078 2040 2089 1869 2237 949 1361 1304 1335 3941 3225 0 1404 2283 3489 2562 1932 1985 2832 1346 3449 3808 1924 4202 2524 1898 1803 1932 2060 2902 2752 1443 2081 2210 1553 4523 1721 1650 500 1530 2248 3158 3060 3362 3734 1924 4072 2185 2281 825 3265 2119 762 1500 1100 3993 2530 4383 2658 3614 
1000000 1000000 1000000 1000000 1000000 2214 1390 1700 2746 807 2127 2861 1237 2625 2196 2013 1530 2221 2693 2730 1221 3466 1316 1747 1141 1887 1773 2759 2122 2377 1119 2600 1205 1281 2335 2103 2969 1747 2268 2746 985 1942 2581 2452 1965 2060 2221 2203 2320 1119 641 2618 782 722 2138 1361 2658 2625 224 2843 1825 1404 0 3265 2405 1803 2832 1205 2119 2470 2103 2759 2625 3141 2200 2062 2885 895 1171 1514 2550 729 1613 807 1887 3398 2730 1973 1773 2203 2974 1839 1747 2194 2419 2110 2802 990 1553 2221 2194 2832 2138 2786 1844 2693 3183 3256 1361 2326 
1000000 1000000 1000000 1000000 1000000 4570 3088 4941 633 3500 1209 4473 2221 5890 3256 1628 2060 4374 2802 3402 2052 4500 4105 2138 2974 3993 1789 539 2200 4851 2194 2103 2556 4528 5591 2040 3700 4342 5518 1020 2335 4941 1000 4925 1709 4179 1064 2403 4920 2283 2641 4061 4046 3265 2100 3221 1200 1300 3325 6082 4925 2283 3265 0 4220 3126 448 4202 3202 3007 5326 4402 807 6366 2502 1712 510 3179 3068 4429 5016 3624 4357 3967 1582 6649 3402 1553 1789 3591 4111 4428 4333 5449 5662 4144 6061 3493 2962 1825 4032 4020 1747 1105 1422 5941 4411 6507 4623 4730 
1000000 1000000 1000000 1000000 1000000 4495 3765 2508 4005 3190 3102 5250 3221 3414 4561 2602 3493 413 4925 5081 2880 5870 3552 2100 1524 4264 3606 3706 2040 944 2955 4624 3414 2847 3402 4124 5342 3997 3406 3256 2907 3828 3225 4653 3795 4421 3523 1869 4473 2309 2419 5021 2460 1703 2138 3754 4276 4296 2618 3902 2003 3489 2405 4220 0 1100 3806 3313 1045 4771 2608 361 3414 4205 1773 2508 4102 1582 1432 1514 4742 3062 3808 2013 2702 4243 5081 2700 3606 4602 5376 1000 1005 3307 2928 4483 3355 1415 1316 4144 224 5235 4017 4357 3141 3158 5587 4131 2571 807 
1000000 1000000 1000000 1000000 1000000 4017 3000 2658 2907 2600 2003 4615 2281 3677 3754 1504 2524 1265 4000 4243 1887 5141 3105 1000 671 3668 2595 2608 985 1789 2000 3624 2546 2708 3545 3139 4528 3545 3518 2185 1985 3606 2138 4245 2774 3849 2434 861 4100 1304 1563 4327 2200 1119 1078 3024 3202 3229 2025 4081 2333 2562 1803 3126 1100 0 2708 2943 317 3895 2907 1335 2320 4397 782 1415 3002 922 633 1750 4342 2530 3396 1812 1604 4532 4243 1600 2595 3861 4641 1487 1415 3421 3265 3892 3713 1005 283 3131 906 4500 2997 3276 2062 3536 4883 4402 2550 1656 
1000000 1000000 1000000 1000000 1000000 4238 2752 4500 448 3107 762 4220 1836 5457 3007 1205 1709 3946 2648 3215 1628 4319 3722 1712 2530 3669 1457 100 1812 4415 1781 1965 2194 4102 5163 1800 3523 3982 5092 722 1921 4549 633 4589 1415 3861 671 2023 4570 1836 2203 3812 3613 2818 1712 2880 1078 1171 2900 5659 4478 1932 2832 448 3806 2708 0 3802 2802 2808 4883 4002 413 5947 2122 1300 425 2732 2625 3982 4682 3221 3983 3523 1141 6223 3215 1119 1457 3325 3902 3985 3890 5021 5221 3833 5623 3047 2532 1604 3613 3800 1500 1030 990 5500 4202 6082 4187 4296 
1000000 1000000 1000000 1000000 1000000 1205 1393 1457 3613 708 3177 2110 1985 1965 2003 3163 2194 3024 2746 2502 2196 2864 317 2943 2309 1171 2476 3745 3325 2970 2025 2955 1703 729 1582 2556 2631 708 1487 3849 1887 762 3668 1342 2625 1253 3141 3406 1171 2281 1773 2025 861 1825 3338 1265 3343 3281 1020 1973 1924 1985 1205 4202 3313 2943 3802 0 3256 2419 1825 3672 3672 2221 3402 3229 3754 2023 2320 1980 1432 584 500 1304 3009 2556 2502 3102 2476 1812 2436 2484 2421 1457 2000 1342 2237 1993 2717 2746 3131 2309 2721 3483 2831 2210 2550 2419 1078 2974 
1000000 1000000 1000000 1000000 1000000 4333 3302 2913 3042 2916 2138 4925 2550 3922 4046 1613 2781 1304 4264 4528 2141 5441 3421 1141 985 3982 2831 2702 1005 1861 2268 3859 2832 3002 3808 3384 4817 3861 3786 2221 2263 3912 2203 4561 3002 4163 2597 825 4415 1563 1861 4633 2502 1432 1105 3329 3384 3418 2341 4342 2550 2832 2119 3202 1045 317 2802 3256 0 4173 3139 1200 2400 4658 729 1504 3126 1237 949 1970 4658 2847 3711 2103 1747 4776 4528 1727 2831 4162 4941 1641 1582 3688 3493 4205 3940 1300 584 3362 895 4802 3225 3449 2248 3758 5187 4649 2829 1721 
1000000 1000000 1000000 1000000 1000000 2000 1119 3802 2400 1911 2658 1524 1628 4374 448 3042 1443 4653 361 413 2062 1514 2138 3221 3281 1477 1524 2817 3606 4847 1911 949 1361 3102 3982 1020 729 2062 3884 3299 1911 2880 3105 2344 1457 1582 2257 3802 2442 2618 2361 1119 2928 3089 3552 1205 1812 1712 2309 4302 4144 1346 2470 3007 4771 3895 2808 2419 4173 0 4200 5104 2962 4495 3861 3177 2502 3191 3361 3957 2409 2110 2214 3202 2818 4871 413 2907 1524 782 1105 4309 4216 3864 4411 1500 4653 3400 3613 1205 4549 1020 1316 1924 2285 4628 1404 4744 3402 4793 
1000000 1000000 1000000 1000000 1000000 2864 3107 413 4838 2309 4141 3863 3325 807 3806 3890 3606 2203 4505 4319 3313 4649 2138 3472 2562 2984 3863 4802 3721 1825 3221 4590 3202 1105 855 4124 4456 2436 895 4670 3088 1803 4535 2831 4050 3037 4305 3690 2608 3062 2693 3833 1361 2122 3781 3002 4754 4717 2119 1304 609 3449 2103 5326 2608 2907 4883 1825 3139 4200 0 2900 4623 1600 3636 3890 4974 2268 2500 1171 2885 2110 2214 1361 3829 1650 4319 3895 3863 3635 4245 1613 1628 807 361 3133 807 2000 2831 4273 2532 4124 4206 4885 3912 641 4333 1530 807 1911 
