NAME : 100-10-2-i
TYPE : ATSP
DIMENSION : 120
EDGE_WEIGHT_TYPE : EXPLICIT
EDGE_WEIGHT_FORMAT : FULL_MATRIX
EDGE_WEIGHT_SECTION
1000000 1000000 1000000 1000000 1000000 1000000 1000000 1000000 1000000 1000000 3722 2326 2237 3048 4391 4023 2403 4513 3963 3957 4220 3890 2419 3276 4357 3133 4387 3624 4189 2203 3700 4202 4255 3102 3256 2103 4111 2546 4925 2984 3581 2532 4662 2608 4206 3302 4357 2148 2808 3467 3945 2832 4032 3702 4562 3802 2110 3861 1703 3737 4111 3828 3202 4977 2642 3215 2774 4786 4702 2602 3613 4429 2335 2864 3606 3982 3700 4238 4439 2708 3302 2717 3765 4717 3500 5029 4610 4319 4705 5127 4273 2730 3884 3677 4400 4702 4319 2752 4131 4311 4940 3745 4754 3766 4319 3141 3102 3489 3002 3930 0 1000000 1000000 1000000 1000000 1000000 1000000 1000000 1000000 1000000 
1000000 1000000 1000000 1000000 1000000 1000000 1000000 1000000 1000000 1000000 2474 1985 1921 1217 3015 2508 2885 3900 3585 3102 2817 3179 2721 2155 2907 2721 3276 2530 2708 2779 3829 4281 3202 3325 1628 2907 3325 1221 3502 2766 2138 2702 3570 2921 2943 3466 2907 1861 3048 2185 2648 1432 3774 3765 3338 2320 2642 2309 2752 3177 1942 1477 1200 2371 539 1304 400 2221 2110 708 1209 1861 448 413 985 1422 1443 1616 1836 633 1119 539 1141 2103 1335 2405 2025 2164 2281 2508 1650 1217 1300 1082 2062 2377 1844 142 2062 2110 2326 1432 2138 1205 2164 1100 922 1000 1030 1316 1000000 0 1000000 1000000 1000000 1000000 1000000 1000000 1000000 1000000 
1000000 1000000 1000000 1000000 1000000 1000000 1000000 1000000 1000000 1000000 1727 2721 2752 1582 1665 1361 3536 3002 3068 2341 1566 2530 3338 1903 1527 2702 2110 1924 1432 3570 3688 3922 2148 3506 1487 3786 2508 2110 1844 2900 1500 3225 2281 3414 1789 3523 1527 2786 3402 1700 1677 1879 3290 3591 2000 1415 3493 1316 3890 2693 3239 895 1422 1415 2062 3225 2025 1064 1221 2974 2600 1078 2818 1973 1712 1200 2902 1553 1300 2847 1346 2752 1800 1443 1132 1844 1167 3374 2916 1628 1773 3421 2110 1514 3009 3196 2597 2237 3437 3276 1487 944 1973 2203 3374 1487 2845 1393 3060 1911 1000000 1000000 0 1000000 1000000 1000000 1000000 1000000 1000000 1000000 
1000000 1000000 1000000 1000000 1000000 1000000 1000000 1000000 1000000 1000000 2023 3221 3265 2194 1727 1613 3957 3037 3225 2508 1703 2708 3765 2309 1613 3042 2159 2221 1600 4017 3906 4061 2237 3821 2025 4238 2631 2702 1700 3256 1898 3641 2248 3808 1911 3806 1613 3313 3766 2089 1903 2442 3437 3806 1993 1747 3957 1650 4387 2902 3806 1566 2052 1747 2721 3864 2693 1457 1650 3641 3215 1604 3489 2642 2354 1825 3506 2103 1812 3512 2000 3418 2419 1869 1781 2194 1628 3921 3396 1924 2309 4081 2702 2159 3536 3688 3126 2907 4005 3821 1839 1613 2405 2808 3921 2127 3493 2062 3711 2502 1000000 1000000 1000000 0 1000000 1000000 1000000 1000000 1000000 1000000 
1000000 1000000 1000000 1000000 1000000 1000000 1000000 1000000 1000000 1000000 3361 3313 3265 2194 3713 3225 4249 4861 4670 4061 3536 4187 4071 3183 3578 3906 4082 3483 3400 4163 5045 5449 4050 4605 2550 4309 4281 2470 4086 4000 3000 4032 4342 4255 3722 4721 3578 3221 4357 3125 3467 2562 4880 4968 4071 3107 4032 3053 4177 4245 825 1747 2052 1566 1789 1064 1566 1650 1457 1361 361 1404 1604 1477 861 1237 539 906 1217 1237 1844 1217 671 1300 1942 1346 1432 985 855 1582 729 1500 317 1030 708 1000 413 1361 1020 895 1477 1789 990 283 985 1980 895 1361 1082 510 1000000 1000000 1000000 1000000 0 1000000 1000000 1000000 1000000 1000000 
1000000 1000000 1000000 1000000 1000000 1000000 1000000 1000000 1000000 1000000 539 1361 1457 1665 895 906 1641 1078 861 300 825 361 1487 671 949 641 722 361 906 1770 1432 1700 584 1335 1281 1985 510 1650 1346 861 861 1346 985 1443 671 1304 949 1553 1342 708 600 1393 1082 1335 922 855 1770 949 2268 448 4581 2221 1781 3535 2285 4115 2460 3179 3265 3512 3802 3002 3133 2506 2974 2781 4105 3281 3191 3454 1985 3362 3183 3449 1911 3895 3177 4781 4597 3758 3483 4017 3539 2829 4535 4811 4173 2774 4744 4702 3578 2141 3884 3547 4781 1861 3713 2476 3849 3395 1000000 1000000 1000000 1000000 1000000 0 1000000 1000000 1000000 1000000 
1000000 1000000 1000000 1000000 1000000 1000000 1000000 1000000 1000000 1000000 413 1300 1393 1527 861 800 1665 1209 1000 413 762 500 1500 539 895 671 762 224 825 1781 1553 1836 633 1415 1141 2000 633 1530 1346 895 722 1361 1045 1477 641 1400 895 1487 1393 566 510 1265 1221 1457 944 729 1770 825 2263 584 4441 2081 1641 3402 2155 3982 2326 3047 3131 3384 3662 2866 3009 2371 2832 2641 3967 3141 3053 3325 1844 3232 3042 3313 1770 3759 3042 4641 4456 3625 3343 3890 3398 2688 4394 4670 4032 2641 4605 4561 3444 2000 3745 3406 4641 1721 3578 2335 3717 3253 1000000 1000000 1000000 1000000 1000000 1000000 0 1000000 1000000 1000000 
1000000 1000000 1000000 1000000 1000000 1000000 1000000 1000000 1000000 1000000 4000 3912 3859 2829 4342 3859 4838 5500 5308 4702 4168 4828 4665 3821 4206 4535 4717 4124 4032 4742 5673 6083 4688 5221 3190 4876 4921 3081 4702 4623 3641 4633 4974 4855 4357 5342 4206 3808 4965 3765 4105 3190 5518 5598 4702 3745 4607 3690 4717 4884 361 2371 2691 1924 2386 1141 2164 2100 1900 1703 762 1924 2040 2081 1500 1839 600 1432 1712 1613 2484 1628 1304 1703 2581 1582 1903 400 448 1869 1217 1650 944 1665 100 413 400 1924 539 300 1825 2419 1237 922 400 2618 1205 2000 1304 1119 1000000 1000000 1000000 1000000 1000000 1000000 1000000 0 1000000 1000000 
1000000 1000000 1000000 1000000 1000000 1000000 1000000 1000000 1000000 1000000 1900 1205 1141 807 2518 2040 2110 3229 2864 2452 2320 2500 1942 1514 2434 1973 2702 1911 2237 2013 3062 3523 2608 2546 1141 2155 2669 510 3042 2000 1613 1921 3002 2141 2403 2691 2434 1082 2268 1600 2103 800 3042 3000 2802 1825 1879 1844 2040 2470 2721 1527 922 2766 400 2062 609 2530 2474 1390 1973 2185 985 708 1504 1747 2221 2103 2237 1361 1000 1281 1712 2532 1205 2907 2377 2942 3009 2943 2203 1879 1965 1504 2818 3131 2564 807 2843 2885 2746 1443 2702 1898 2942 849 1698 1237 1781 1924 1000000 1000000 1000000 1000000 1000000 1000000 1000000 1000000 0 1000000 
1000000 1000000 1000000 1000000 1000000 1000000 1000000 1000000 1000000 1000000 3400 2470 2377 2237 4012 3523 3163 4688 4273 3932 3812 3963 3053 3007 3921 3353 4202 3406 3722 3000 4339 4834 4105 3759 2618 3048 4144 2003 4528 3325 3107 3089 4502 3276 3902 3936 3921 2285 3449 3100 3602 2300 4428 4296 4302 3314 2861 3325 2759 3906 2203 2642 2281 3421 1553 1304 1524 3325 3190 762 1773 2970 722 1566 2052 2550 1812 2641 2907 895 2248 944 2141 3141 2470 3362 3115 2409 2829 3523 2608 825 2148 2194 2508 2802 2474 1304 2221 2403 3361 2595 3042 2013 2409 2185 1237 2164 1105 2248 1000000 1000000 1000000 1000000 1000000 1000000 1000000 1000000 1000000 0 
1000000 1000000 1000000 1000000 1000000 1000000 1000000 1000000 1000000 1000000 0 1422 1500 1265 671 413 1970 1500 1390 708 500 861 1789 448 641 1020 807 200 500 2060 1965 2237 729 1803 855 2283 922 1404 1209 1237 361 1656 1105 1803 510 1803 641 1582 1747 300 224 1100 1613 1869 906 317 2025 413 2500 985 4135 1703 1342 2997 1942 3734 2089 2641 2730 3179 3362 2470 2829 2119 2500 2268 3672 2766 2663 3105 1527 3009 2702 2916 1422 3362 2642 4327 4104 3221 2974 3688 3062 2344 4061 4328 3688 2405 4305 4244 3042 1628 3361 3081 4327 1432 3325 2000 3479 2907 3722 2474 1727 2023 3361 539 413 4000 1900 3400 
1000000 1000000 1000000 1000000 1000000 1000000 1000000 1000000 1000000 1000000 1422 0 100 1304 2081 1770 949 2300 1825 1650 1921 1613 762 990 2062 906 2062 1304 1911 906 1887 2371 1932 1346 1237 1100 1825 855 2608 855 1361 722 2341 944 1887 1500 2062 200 1064 1205 1641 900 1965 1836 2237 1563 800 1641 1171 1500 3921 2200 1504 3606 1527 3256 1750 3300 3307 2562 3163 3007 2141 1836 2564 2631 3421 3081 3126 2550 1712 2476 2786 3424 1800 3848 3207 4141 4160 3812 3229 3024 3088 2500 3997 4305 3713 2000 4046 4081 3613 2100 3711 3042 4141 1514 2900 2159 2974 3009 2326 1985 2721 3221 3313 1361 1300 3912 1205 2470 
1000000 1000000 1000000 1000000 1000000 1000000 1000000 1000000 1000000 1000000 1500 100 0 1300 2164 1839 985 2400 1924 1747 2000 1712 807 1064 2141 1005 2155 1390 1985 922 1973 2460 2025 1422 1265 1105 1924 825 2693 949 1422 782 2436 1000 1973 1582 2141 100 1132 1273 1721 906 2062 1924 2326 1628 807 1703 1141 1600 3861 2203 1500 3602 1477 3183 1700 3302 3302 2484 3107 3002 2062 1789 2530 2618 3361 3060 3115 2476 1703 2405 2752 3414 1803 3833 3202 4081 4115 3806 3202 2942 3047 2474 3945 4255 3668 1942 3983 4023 3606 2103 3688 2997 4081 1504 2832 2138 2900 2974 2237 1921 2752 3265 3265 1457 1393 3859 1141 2377 
1000000 1000000 1000000 1000000 1000000 1000000 1000000 1000000 1000000 1000000 1265 1304 1300 0 1803 1300 2237 2730 2484 1924 1604 2025 2040 1000 1700 1721 2062 1342 1500 2210 2861 3256 1993 2460 413 2403 2148 539 2303 1836 922 1965 2354 2185 1727 2556 1700 1304 2248 985 1432 413 2691 2781 2122 1105 2103 1100 2419 2062 2921 906 200 2303 700 2470 825 2003 2003 1924 2141 1703 1600 855 1361 1335 2442 1803 1825 1844 413 1747 1582 2122 510 2550 1903 3125 3000 2508 1970 2434 1921 1253 2900 3190 2562 1141 3081 3048 2309 807 2436 1911 3125 224 2062 895 2214 1803 3048 1217 1582 2194 2194 1665 1527 2829 807 2237 
1000000 1000000 1000000 1000000 1000000 1000000 1000000 1000000 1000000 1000000 671 2081 2164 1803 0 510 2524 1342 1504 807 200 1005 2361 1119 142 1527 448 782 317 2641 2203 2335 510 2214 1400 2861 906 2040 539 1750 906 2221 641 2333 224 2159 142 2248 2237 949 448 1727 1712 2103 361 700 2625 708 3115 1217 4519 1973 1825 3062 2502 4221 2618 2702 2832 3722 3770 2618 3402 2631 2864 2524 4086 3000 2832 3635 1965 3536 3042 3042 1803 3472 2759 4696 4383 3281 3221 4230 3400 2684 4391 4633 3997 2928 4702 4607 3125 1924 3539 3444 4696 1924 3808 2377 3982 3225 4391 3015 1665 1727 3713 895 861 4342 2518 4012 
1000000 1000000 1000000 1000000 1000000 1000000 1000000 1000000 1000000 1000000 413 1770 1839 1300 510 0 2377 1703 1709 985 317 1171 2194 782 400 1432 861 609 200 2460 2335 2564 849 2210 906 2684 1167 1582 1005 1650 448 2062 1119 2214 500 2200 400 1911 2159 566 317 1265 1932 2237 855 224 2419 200 2885 1335 4025 1500 1316 2693 2000 3711 2110 2333 2442 3215 3270 2203 2900 2122 2371 2062 3585 2550 2409 3126 1457 3027 2556 2641 1300 3081 2361 4206 3921 2916 2766 3722 2916 2196 3912 4162 3523 2419 4205 4119 2746 1443 3115 2953 4206 1415 3299 1879 3472 2746 4023 2508 1361 1613 3225 906 800 3859 2040 3523 
1000000 1000000 1000000 1000000 1000000 1000000 1000000 1000000 1000000 1000000 1970 949 985 2237 2524 2377 0 2194 1616 1839 2419 1703 200 1650 2556 1000 2335 1789 2460 200 1304 1812 2194 700 2100 361 1921 1803 2984 782 2062 317 2550 224 2303 900 2556 1030 413 1869 2148 1825 1650 1300 2550 2214 317 2309 729 1500 4826 3115 2434 4528 2460 4111 2684 4211 4230 3398 4082 3932 2974 2774 3512 3570 4327 4027 4061 3406 2648 3343 3734 4357 2717 4786 4131 5048 5100 4739 4177 3821 4032 3449 4925 5236 4652 2916 4941 4993 4540 3015 4658 3982 5048 2452 3781 3105 3829 3957 2403 2885 3536 3957 4249 1641 1665 4838 2110 3163 
1000000 1000000 1000000 1000000 1000000 1000000 1000000 1000000 1000000 1000000 1500 2300 2400 2730 1342 1703 2194 0 584 807 1443 729 2119 1747 1477 1404 895 1390 1582 2377 1221 1119 861 1582 2333 2550 584 2721 1404 1530 1861 1993 807 1970 1221 1422 1477 2500 1789 1750 1415 2470 641 1141 1045 1770 2436 1839 2916 800 5631 3183 2831 4383 3362 5190 3535 4023 4141 4589 4855 3906 4206 3578 4000 3749 5163 4243 4111 4532 3024 4439 4202 4342 2921 4781 4061 5825 5598 4605 4456 5093 4561 3842 5561 5826 5186 3849 5799 5743 4441 3115 4817 4581 5825 2916 4786 3500 4925 4405 4513 3900 3002 3037 4861 1078 1209 5500 3229 4688 
1000000 1000000 1000000 1000000 1000000 1000000 1000000 1000000 1000000 1000000 1390 1825 1924 2484 1504 1709 1616 584 0 729 1530 539 1553 1487 1613 922 1105 1221 1650 1803 729 855 1000 1000 2122 1970 600 2371 1747 1000 1721 1432 1171 1393 1316 849 1613 2023 1209 1563 1393 2164 224 633 1316 1700 1869 1789 2341 425 5404 3081 2618 4383 3053 4888 3245 4025 4119 4249 4623 3859 3849 3302 3819 3641 4921 4141 4050 4206 2829 4119 4032 4305 2766 4751 4032 5609 5449 4607 4342 4743 4385 3680 5376 5657 5021 3552 5561 5532 4430 3000 4744 4387 5609 2691 4495 3325 4615 4245 3963 3585 3068 3225 4670 861 1000 5308 2864 4273 
1000000 1000000 1000000 1000000 1000000 1000000 1000000 1000000 1000000 1000000 708 1650 1747 1924 807 985 1839 807 729 0 807 200 1703 949 900 861 500 584 922 1985 1400 1582 361 1432 1527 2194 224 1942 1167 1064 1064 1563 722 1628 600 1361 900 1844 1500 944 671 1677 949 1300 722 1000 2000 1082 2500 413 4826 2409 2025 3672 2564 4387 2732 3313 3414 3795 4050 3163 3421 2774 3202 2974 4357 3472 3361 3734 2221 3641 3406 3606 2127 4050 3329 5022 4811 3895 3680 4302 3765 3048 4764 5033 4394 3047 4993 4941 3722 2335 4061 3781 5022 2110 3982 2702 4124 3613 3957 3102 2341 2508 4061 300 413 4702 2452 3932 
1000000 1000000 1000000 1000000 1000000 1000000 1000000 1000000 1000000 1000000 500 1921 2000 1604 200 317 2419 1443 1530 807 0 1005 2248 944 142 1432 566 641 142 2524 2203 2377 584 2159 1200 2746 949 1844 729 1656 708 2110 807 2237 224 2122 142 2081 2155 762 283 1530 1747 2103 539 500 2500 510 2984 1200 4339 1803 1628 2942 2303 4027 2419 2581 2702 3523 3585 2476 3202 2434 2684 2361 3900 2843 2688 3437 1773 3338 2866 2907 1616 3343 2625 4518 4221 3163 3062 4032 3225 2506 4220 4466 3828 2730 4519 4430 3000 1750 3395 3265 4518 1727 3614 2194 3786 3053 4220 2817 1566 1703 3536 825 762 4168 2320 3812 
1000000 1000000 1000000 1000000 1000000 1000000 1000000 1000000 1000000 1000000 861 1613 1712 2025 1005 1171 1703 729 539 200 1005 0 1582 1030 1100 762 671 708 1119 1861 1200 1393 539 1253 1641 2062 224 1993 1342 944 1205 1443 849 1487 800 1171 1100 1812 1346 1064 855 1747 762 1100 895 1167 1887 1253 2386 224 4941 2562 2141 3848 2641 4473 2818 3489 3585 3863 4162 3329 3479 2866 3331 3125 4466 3624 3523 3808 2344 3717 3539 3774 2263 4220 3499 5141 4950 4071 3829 4366 3895 3183 4892 5167 4528 3131 5104 5061 3895 2484 4221 3906 5141 2221 4071 2832 4205 3749 3890 3179 2530 2708 4187 361 500 4828 2500 3963 
1000000 1000000 1000000 1000000 1000000 1000000 1000000 1000000 1000000 1000000 1789 762 807 2040 2361 2194 200 2119 1553 1703 2248 1582 0 1457 2386 849 2194 1613 2283 283 1335 1844 2052 729 1900 500 1803 1616 2832 641 1869 142 2421 224 2141 922 2386 861 413 1677 1973 1628 1613 1316 2405 2025 317 2119 807 1390 4662 2916 2237 4329 2283 3963 2506 4012 4032 3253 3912 3734 2829 2595 3325 3374 4162 3833 3864 3256 2452 3190 3547 4160 2518 4590 3932 4883 4920 4540 3985 3688 3849 3258 4751 5061 4473 2746 4781 4826 4342 2817 4465 3802 4883 2257 3624 2913 3680 3770 2419 2721 3338 3765 4071 1487 1500 4665 1942 3053 
1000000 1000000 1000000 1000000 1000000 1000000 1000000 1000000 1000000 1000000 448 990 1064 1000 1119 782 1650 1747 1487 949 944 1030 1457 0 1082 825 1205 400 922 1709 1924 2281 1100 1628 641 1932 1171 1005 1656 1005 413 1335 1504 1514 949 1677 1082 1141 1500 224 671 729 1698 1836 1335 584 1656 671 2110 1064 3921 1656 1132 3037 1616 3444 1789 2693 2752 2847 3141 2470 2474 1836 2335 2196 3441 2693 2641 2786 1346 2693 2550 2916 1304 3362 2658 4124 3970 3258 2885 3353 2900 2203 3890 4173 3539 2103 4081 4046 3068 1566 3313 2900 4124 1205 3042 1844 3179 2766 3276 2155 1903 2309 3183 671 539 3821 1514 3007 
1000000 1000000 1000000 1000000 1000000 1000000 1000000 1000000 1000000 1000000 641 2062 2141 1700 142 400 2556 1477 1613 900 142 1100 2386 1082 0 1566 584 782 200 2663 2300 2452 633 2281 1304 2885 1020 1965 609 1789 825 2248 782 2371 300 2237 0 2221 2285 895 425 1650 1825 2200 500 609 2641 600 3125 1304 4387 1836 1712 2921 2400 4100 2508 2562 2691 3613 3641 2476 3300 2518 2732 2386 3957 2861 2691 3523 1844 3424 2907 2900 1677 3331 2618 4562 4244 3141 3081 4120 3265 2550 4255 4495 3859 2817 4570 4473 2984 1789 3398 3311 4562 1812 3688 2248 3864 3089 4357 2907 1527 1613 3578 949 895 4206 2434 3921 
1000000 1000000 1000000 1000000 1000000 1000000 1000000 1000000 1000000 1000000 1020 906 1005 1721 1527 1432 1000 1404 922 861 1432 762 849 825 1566 0 1346 825 1487 1132 1141 1563 1205 807 1432 1346 985 1500 1985 224 1205 708 1582 807 1304 855 1566 1105 729 1005 1171 1346 1078 1064 1556 1304 1141 1404 1641 609 4597 2470 1887 3861 2203 4023 2409 3518 3574 3362 3819 3290 2953 2476 3081 2997 4104 3489 3454 3329 2110 3245 3302 3734 2103 4179 3479 4809 4721 4081 3672 3848 3641 2969 4610 4905 4281 2702 4743 4739 3890 2377 4115 3624 4809 1942 3641 2608 3745 3523 3133 2721 2702 3042 3906 641 671 4535 1973 3353 
1000000 1000000 1000000 1000000 1000000 1000000 1000000 1000000 1000000 1000000 807 2062 2155 2062 448 861 2335 895 1105 500 566 671 2194 1205 584 1346 0 807 708 2476 1825 1911 142 1924 1650 2688 510 2200 671 1556 1141 2052 300 2127 361 1839 584 2248 2000 1105 633 1903 1300 1727 224 985 2484 1030 2984 895 4877 2361 2119 3500 2746 4523 2887 3141 3265 3982 4115 3042 3635 2913 3225 2921 4429 3406 3253 3906 2285 3808 3414 3472 2148 3906 3190 5061 4781 3721 3624 4492 3774 3053 4771 5022 4383 3202 5054 4974 3561 2303 3960 3808 5061 2214 4111 2730 4273 3606 4387 3276 2110 2159 4082 722 762 4717 2702 4202 
1000000 1000000 1000000 1000000 1000000 1000000 1000000 1000000 1000000 1000000 200 1304 1390 1342 782 609 1789 1390 1221 584 641 708 1613 400 782 825 807 0 671 1887 1773 2060 700 1604 944 2110 807 1404 1304 1045 500 1477 1105 1616 584 1604 782 1477 1553 361 361 1119 1443 1677 949 510 1861 609 2344 807 4244 1861 1443 3179 1993 3808 2155 2824 2907 3229 3467 2642 2864 2194 2625 2421 3774 2921 2831 3163 1641 3068 2832 3089 1556 3536 2818 4441 4243 3402 3125 3737 3190 2476 4187 4460 3821 2470 4411 4361 3221 1781 3523 3202 4441 1527 3402 2127 3547 3042 3624 2530 1924 2221 3483 361 224 4124 1911 3406 
1000000 1000000 1000000 1000000 1000000 1000000 1000000 1000000 1000000 1000000 500 1911 1985 1500 317 200 2460 1582 1650 922 142 1119 2283 922 200 1487 708 671 0 2556 2309 2500 722 2237 1105 2779 1078 1773 807 1709 633 2148 944 2285 361 2210 200 2062 2214 722 317 1457 1869 2210 671 413 2524 400 3000 1304 4205 1665 1514 2802 2200 3906 2309 2442 2562 3414 3454 2335 3100 2320 2550 2221 3770 2702 2546 3325 1650 3225 2730 2766 1487 3202 2484 4383 4081 3024 2921 3921 3089 2371 4082 4327 3690 2618 4387 4295 2861 1613 3253 3131 4383 1613 3493 2062 3668 2916 4189 2708 1432 1600 3400 906 825 4032 2237 3722 
1000000 1000000 1000000 1000000 1000000 1000000 1000000 1000000 1000000 1000000 2060 906 922 2210 2641 2460 200 2377 1803 1985 2524 1861 283 1709 2663 1132 2476 1887 2556 0 1504 2010 2335 900 2110 224 2081 1747 3115 922 2119 425 2702 413 2421 1100 2663 949 609 1932 2248 1803 1844 1500 2688 2285 142 2377 539 1665 4717 3102 2409 4510 2377 3983 2600 4202 4211 3265 3983 3912 2843 2693 3449 3536 4220 3982 4032 3281 2618 3221 3669 4329 2702 4752 4111 4940 5016 4717 4124 3677 3957 3396 4831 5143 4570 2818 4826 4888 4518 3002 4610 3900 4940 2419 3662 3060 3702 3890 2203 2779 3570 4017 4163 1770 1781 4742 2013 3000 
1000000 1000000 1000000 1000000 1000000 1000000 1000000 1000000 1000000 1000000 1965 1887 1973 2861 2203 2335 1304 1221 729 1400 2203 1200 1335 1924 2300 1141 1825 1773 2309 1504 0 510 1712 609 2556 1604 1316 2618 2474 1064 2248 1265 1898 1119 2000 413 2300 2060 922 2062 2023 2484 584 100 2040 2281 1613 2377 2003 1005 5729 3578 3024 4940 3325 5123 3536 4589 4662 4441 4952 4387 4023 3607 4221 4119 5233 4615 4562 4421 3245 4342 4441 4834 3225 5281 4570 5942 5861 5163 4803 4910 4781 4105 5749 6045 5421 3821 5870 5873 4977 3489 5236 4764 5942 3081 4751 3745 4842 4662 3700 3829 3688 3906 5045 1432 1553 5673 3062 4339 
1000000 1000000 1000000 1000000 1000000 1000000 1000000 1000000 1000000 1000000 2237 2371 2460 3256 2335 2564 1812 1119 855 1582 2377 1393 1844 2281 2452 1563 1911 2060 2500 2010 510 0 1825 1119 2921 2100 1432 3062 2502 1527 2556 1773 1903 1628 2159 922 2452 2550 1432 2386 2248 2900 633 539 2103 2550 2122 2641 2500 1253 6156 3912 3406 5233 3765 5581 3970 4876 4965 4910 5376 4702 4495 4037 4610 4466 5664 4965 4888 4883 3624 4802 4828 5148 3581 5595 4877 6366 6249 5457 5162 5386 5174 4483 6156 6445 5814 4264 6304 6294 5278 3828 5576 5167 6366 3472 5201 4124 5301 5045 4202 4281 3922 4061 5449 1700 1836 6083 3523 4834 
1000000 1000000 1000000 1000000 1000000 1000000 1000000 1000000 1000000 1000000 729 1932 2025 1993 510 849 2194 861 1000 361 584 539 2052 1100 633 1205 142 700 722 2335 1712 1825 0 1789 1582 2546 400 2103 807 1415 1078 1911 413 1985 361 1709 633 2119 1861 1020 584 1812 1205 1613 361 944 2344 1000 2843 762 4838 2344 2062 3523 2669 4460 2817 3163 3281 3906 4071 3048 3552 2847 3191 2907 4383 3398 3256 3833 2237 3737 3384 3483 2110 3921 3202 5025 4764 3745 3613 4415 3745 3024 4744 5000 4361 3133 5012 4940 3581 2281 3963 3774 5025 2155 4050 2693 4206 3581 4255 3202 2148 2237 4050 584 633 4688 2608 4105 
1000000 1000000 1000000 1000000 1000000 1000000 1000000 1000000 1000000 1000000 1803 1346 1422 2460 2214 2210 700 1582 1000 1432 2159 1253 729 1628 2281 807 1924 1604 2237 900 609 1119 1789 0 2214 1020 1443 2141 2595 633 2010 671 2081 510 1993 200 2281 1500 317 1812 1924 2060 985 600 2148 2100 1005 2200 1415 1030 5250 3258 2641 4658 2843 4602 3062 4318 4369 3906 4483 4081 3483 3141 3808 3770 4751 4255 4238 3895 2864 3821 4032 4523 2880 4965 4273 5468 5438 4877 4429 4361 4357 3713 5301 5604 4993 3331 5382 5404 4685 3163 4885 4327 5468 2684 4243 3355 4319 4255 3102 3325 3506 3821 4605 1335 1415 5221 2546 3759 
1000000 1000000 1000000 1000000 1000000 1000000 1000000 1000000 1000000 1000000 855 1237 1265 413 1400 906 2100 2333 2122 1527 1200 1641 1900 641 1304 1432 1650 944 1105 2110 2556 2921 1582 2214 0 2320 1750 722 1911 1582 510 1803 1942 2010 1316 2285 1304 1300 2040 584 1020 425 2335 2470 1712 700 2023 708 2405 1698 3302 1045 500 2452 1105 2880 1237 2122 2159 2335 2524 1869 2003 1265 1698 1566 2831 2060 2025 2257 708 2159 1911 2309 671 2752 2062 3500 3331 2669 2248 2845 2263 1563 3256 3536 2900 1553 3467 3421 2474 949 2684 2268 3500 584 2470 1205 2625 2127 3256 1628 1487 2025 2550 1281 1141 3190 1141 2618 
1000000 1000000 1000000 1000000 1000000 1000000 1000000 1000000 1000000 1000000 2283 1100 1105 2403 2861 2684 361 2550 1970 2194 2746 2062 500 1932 2885 1346 2688 2110 2779 224 1604 2100 2546 1020 2320 0 2281 1924 3331 1132 2341 641 2907 584 2641 1217 2885 1119 762 2155 2470 2000 1993 1613 2900 2508 300 2600 400 1861 4838 3300 2602 4705 2530 4081 2752 4400 4405 3361 4115 4105 2942 2847 3614 3722 4342 4160 4220 3384 2808 3329 3833 4518 2900 4937 4305 5061 5163 4910 4296 3754 4111 3570 4966 5281 4717 2955 4940 5012 4710 3200 4786 4050 5061 2608 3774 3239 3802 4053 2103 2907 3786 4238 4309 1985 2000 4876 2155 3048 
1000000 1000000 1000000 1000000 1000000 1000000 1000000 1000000 1000000 1000000 922 1825 1924 2148 906 1167 1921 584 600 224 949 224 1803 1171 1020 985 510 807 1078 2081 1316 1432 400 1443 1750 2281 0 2159 1171 1167 1281 1665 641 1703 729 1342 1020 2023 1556 1167 861 1898 807 1217 729 1205 2110 1281 2608 425 5048 2618 2248 3859 2786 4610 2955 3499 3606 4017 4273 3361 3641 2997 3421 3183 4580 3680 3561 3957 2442 3863 3624 3802 2344 4244 3523 5244 5025 4082 3890 4523 3983 3265 4982 5250 4610 3270 5216 5162 3912 2546 4264 4000 5244 2333 4205 2921 4347 3829 4111 3325 2508 2631 4281 510 633 4921 2669 4144 
1000000 1000000 1000000 1000000 1000000 1000000 1000000 1000000 1000000 1000000 1404 855 825 539 2040 1582 1803 2721 2371 1942 1844 1993 1616 1005 1965 1500 2200 1404 1773 1747 2618 3062 2103 2141 722 1924 2159 0 2571 1556 1141 1566 2500 1789 1911 2268 1965 807 1887 1105 1613 317 2556 2550 2309 1361 1628 1393 1903 1970 3115 1432 729 2802 708 2524 922 2518 2502 1879 2344 2203 1487 1000 1709 1803 2618 2237 2303 1836 906 1750 1932 2602 1045 3015 2403 3331 3313 3000 2377 2377 2237 1650 3163 3467 2866 1205 3253 3265 2800 1335 2864 2196 3331 708 2141 1316 2248 2155 2546 1221 2110 2702 2470 1650 1530 3081 510 2003 
1000000 1000000 1000000 1000000 1000000 1000000 1000000 1000000 1000000 1000000 1209 2608 2693 2303 539 1005 2984 1404 1747 1167 729 1342 2832 1656 609 1985 671 1304 807 3115 2474 2502 807 2595 1911 3331 1171 2571 0 2203 1432 2691 600 2781 722 2508 609 2779 2663 1487 985 2257 1924 2377 448 1217 3112 1205 3607 1566 4905 2341 2303 3256 3002 4670 3102 2907 3062 4205 4177 2885 3902 3107 3258 2864 4493 3313 3107 4111 2419 4012 3418 3281 2237 3688 3000 5070 4702 3466 3536 4710 3770 3068 4743 4965 4339 3406 5093 4977 3331 2309 3802 3828 5070 2403 4258 2790 4441 3585 4925 3502 1844 1700 4086 1346 1346 4702 3042 4528 
1000000 1000000 1000000 1000000 1000000 1000000 1000000 1000000 1000000 1000000 1237 855 949 1836 1750 1650 782 1530 1000 1064 1656 944 641 1005 1789 224 1556 1045 1709 922 1064 1527 1415 633 1582 1132 1167 1556 2203 0 1400 500 1781 584 1527 722 1789 1045 510 1200 1393 1443 1119 1000 1770 1514 944 1613 1443 762 4670 2625 2013 4027 2263 4061 2476 3688 3737 3384 3895 3449 2969 2550 3191 3139 4173 3625 3606 3361 2237 3281 3414 3890 2248 4333 3641 4884 4826 4245 3802 3859 3745 3089 4702 5000 4383 2759 4809 4817 4053 2530 4255 3721 4884 2060 3688 2730 3781 3636 2984 2766 2900 3256 4000 861 895 4623 2000 3325 
1000000 1000000 1000000 1000000 1000000 1000000 1000000 1000000 1000000 1000000 361 1361 1422 922 906 448 2062 1861 1721 1064 708 1205 1869 413 825 1205 1141 500 633 2119 2248 2556 1078 2010 510 2341 1281 1141 1432 1400 0 1747 1432 1924 807 2040 825 1487 1903 200 510 825 1942 2155 1205 224 2062 283 2506 1304 3774 1361 985 2693 1613 3384 1747 2341 2417 2845 3002 2148 2508 1773 2141 1921 3313 2421 2333 2766 1167 2669 2344 2595 1064 3042 2326 3967 3749 2916 2625 3355 2702 1985 3702 3970 3331 2062 3945 3884 2732 1281 3024 2721 3967 1078 2974 1641 3133 2550 3581 2138 1500 1898 3000 861 722 3641 1613 3107 
1000000 1000000 1000000 1000000 1000000 1000000 1000000 1000000 1000000 1000000 1656 722 782 1965 2221 2062 317 1993 1432 1563 2110 1443 142 1335 2248 708 2052 1477 2148 425 1265 1773 1911 671 1803 641 1665 1566 2691 500 1747 0 2281 224 2000 855 2248 849 361 1553 1836 1553 1504 1237 2263 1898 448 1993 944 1253 4641 2829 2159 4243 2248 3960 2470 3921 3946 3256 3884 3650 2832 2556 3270 3299 4141 3765 3786 3253 2377 3183 3493 4080 2434 4513 3848 4861 4877 4456 3922 3702 3802 3196 4717 5025 4430 2721 4764 4802 4258 2730 4397 3759 4861 2185 3613 2847 3677 3717 2532 2702 3225 3641 4032 1346 1361 4633 1921 3089 
1000000 1000000 1000000 1000000 1000000 1000000 1000000 1000000 1000000 1000000 1105 2341 2436 2354 641 1119 2550 807 1171 722 807 849 2421 1504 782 1582 300 1105 944 2702 1898 1903 413 2081 1942 2907 641 2500 600 1781 1432 2281 0 2335 633 1973 782 2530 2194 1404 922 2203 1335 1803 283 1265 2721 1300 3221 1064 5143 2608 2405 3688 3042 4809 3179 3331 3466 4276 4387 3256 3932 3202 3489 3163 4702 3641 3472 4198 2564 4100 3672 3677 2417 4104 3395 5324 5022 3906 3861 4786 4032 3313 5025 5270 4633 3493 5323 5236 3754 2556 4178 4071 5324 2500 4397 2997 4561 3859 4662 3570 2281 2248 4342 985 1045 4974 3002 4502 
1000000 1000000 1000000 1000000 1000000 1000000 1000000 1000000 1000000 1000000 1803 944 1000 2185 2333 2214 224 1970 1393 1628 2237 1487 224 1514 2371 807 2127 1616 2285 413 1119 1628 1985 510 2010 584 1703 1789 2781 584 1924 224 2335 0 2110 708 2371 1064 200 1727 1970 1773 1432 1105 2344 2062 500 2159 949 1281 4861 3042 2377 4456 2470 4173 2693 4131 4160 3466 4105 3864 3042 2779 3493 3518 4361 3985 4003 3466 2597 3398 3717 4296 2648 4730 4061 5081 5100 4670 4144 3906 4025 3418 4940 5248 4653 2942 4982 5022 4473 2943 4618 3983 5081 2405 3829 3068 3890 3940 2608 2921 3414 3808 4255 1443 1477 4855 2141 3276 
1000000 1000000 1000000 1000000 1000000 1000000 1000000 1000000 1000000 1000000 510 1887 1973 1727 224 500 2303 1221 1316 600 224 800 2141 949 300 1304 361 584 361 2421 2000 2159 361 1993 1316 2641 729 1911 722 1527 807 2000 633 2110 0 1942 300 2060 2013 807 300 1604 1530 1900 400 633 2409 671 2900 1005 4518 2000 1773 3163 2419 4177 2550 2802 2921 3650 3758 2691 3314 2571 2866 2562 4072 3048 2900 3570 1932 3472 3053 3125 1789 3561 2843 4702 4421 3384 3265 4160 3414 2693 4411 4662 4023 2864 4696 4615 3221 1942 3607 3449 4702 1869 3765 2371 3930 3245 4206 2943 1789 1911 3722 671 641 4357 2403 3902 
1000000 1000000 1000000 1000000 1000000 1000000 1000000 1000000 1000000 1000000 1803 1500 1582 2556 2159 2200 900 1422 849 1361 2122 1171 922 1677 2237 855 1839 1604 2210 1100 413 922 1709 200 2285 1217 1342 2268 2508 722 2040 855 1973 708 1942 0 2237 1665 510 1844 1903 2164 807 400 2062 2110 1205 2210 1613 949 5382 3325 2730 4713 2974 4751 3190 4369 4428 4061 4610 4144 3641 3265 3912 3849 4884 4339 4309 4046 2953 3970 4135 4589 2955 5033 4333 5598 5548 4934 4518 4523 4466 3808 5421 5721 5104 3466 5518 5532 4744 3232 4966 4441 5598 2779 4387 3449 4469 4357 3302 3466 3523 3806 4721 1304 1400 5342 2691 3936 
1000000 1000000 1000000 1000000 1000000 1000000 1000000 1000000 1000000 1000000 641 2062 2141 1700 142 400 2556 1477 1613 900 142 1100 2386 1082 0 1566 584 782 200 2663 2300 2452 633 2281 1304 2885 1020 1965 609 1789 825 2248 782 2371 300 2237 0 2221 2285 895 425 1650 1825 2200 500 609 2641 600 3125 1304 4387 1836 1712 2921 2400 4100 2508 2562 2691 3613 3641 2476 3300 2518 2732 2386 3957 2861 2691 3523 1844 3424 2907 2900 1677 3331 2618 4562 4244 3141 3081 4120 3265 2550 4255 4495 3859 2817 4570 4473 2984 1789 3398 3311 4562 1812 3688 2248 3864 3089 4357 2907 1527 1613 3578 949 895 4206 2434 3921 
1000000 1000000 1000000 1000000 1000000 1000000 1000000 1000000 1000000 1000000 1582 200 100 1304 2248 1911 1030 2500 2023 1844 2081 1812 861 1141 2221 1105 2248 1477 2062 949 2060 2550 2119 1500 1300 1119 2023 807 2779 1045 1487 849 2530 1064 2060 1665 2221 0 1205 1346 1803 922 2159 2013 2417 1698 825 1770 1119 1700 3802 2210 1504 3600 1432 3112 1656 3307 3300 2409 3053 3000 1985 1747 2500 2608 3302 3042 3107 2405 1700 2335 2721 3406 1812 3821 3200 4023 4072 3802 3179 2861 3009 2452 3895 4206 3625 1887 3921 3967 3602 2110 3668 2955 4023 1500 2766 2122 2829 2942 2148 1861 2786 3313 3221 1553 1487 3808 1082 2285 
1000000 1000000 1000000 1000000 1000000 1000000 1000000 1000000 1000000 1000000 1747 1064 1132 2248 2237 2159 413 1789 1209 1500 2155 1346 413 1500 2285 729 2000 1553 2214 609 922 1432 1861 317 2040 762 1556 1887 2663 510 1903 361 2194 200 2013 510 2285 1205 0 1703 1898 1839 1237 906 2221 2023 700 2122 1141 1132 4982 3081 2436 4492 2581 4314 2802 4160 4198 3613 4221 3906 3190 2885 3578 3574 4483 4050 4053 3607 2658 3536 3802 4342 2693 4781 4100 5201 5198 4708 4216 4061 4119 3493 5048 5354 4751 3062 5109 5141 4513 2984 4682 4082 5201 2470 3963 3139 4032 4025 2808 3048 3402 3766 4357 1342 1393 4965 2268 3449 
1000000 1000000 1000000 1000000 1000000 1000000 1000000 1000000 1000000 1000000 300 1205 1273 985 949 566 1869 1750 1563 944 762 1064 1677 224 895 1005 1105 361 722 1932 2062 2386 1020 1812 584 2155 1167 1105 1487 1200 200 1553 1404 1727 807 1844 895 1346 1703 0 510 800 1781 1970 1205 361 1879 448 2333 1141 3884 1527 1082 2880 1650 3454 1803 2530 2600 2887 3107 2326 2532 1839 2268 2081 3414 2581 2506 2817 1281 2721 2476 2774 1205 3221 2508 4081 3890 3102 2781 3396 2832 2122 3829 4104 3466 2119 4050 4000 2916 1443 3191 2843 4081 1167 3047 1770 3196 2688 3467 2185 1700 2089 3125 708 566 3765 1600 3100 
1000000 1000000 1000000 1000000 1000000 1000000 1000000 1000000 1000000 1000000 224 1641 1721 1432 448 317 2148 1415 1393 671 283 855 1973 671 425 1171 633 361 317 2248 2023 2248 584 1924 1020 2470 861 1613 985 1393 510 1836 922 1970 300 1903 425 1803 1898 510 0 1304 1616 1924 700 361 2221 425 2702 1020 4255 1770 1487 3002 2122 3890 2257 2642 2746 3355 3489 2500 3015 2281 2608 2335 3802 2829 2702 3276 1656 3179 2802 2942 1527 3384 2663 4442 4187 3225 3042 3864 3163 2442 4162 4421 3781 2571 4430 4357 3053 1703 3406 3191 4442 1582 3479 2110 3641 3000 3945 2648 1677 1903 3467 600 510 4105 2103 3602 
1000000 1000000 1000000 1000000 1000000 1000000 1000000 1000000 1000000 1000000 1100 900 906 413 1727 1265 1825 2470 2164 1677 1530 1747 1628 729 1650 1346 1903 1119 1457 1803 2484 2900 1812 2060 425 2000 1898 317 2257 1443 825 1553 2203 1773 1604 2164 1650 922 1839 800 1304 0 2361 2409 2003 1045 1700 1078 2040 1750 3256 1300 609 2708 895 2730 1082 2400 2409 2119 2476 2110 1747 1141 1750 1747 2766 2214 2237 2062 825 1970 1973 2532 900 2962 2309 3466 3384 2916 2377 2625 2303 1656 3265 3561 2942 1390 3406 3395 2717 1200 2847 2281 3466 633 2333 1300 2460 2196 2832 1432 1879 2442 2562 1393 1265 3190 800 2300 
1000000 1000000 1000000 1000000 1000000 1000000 1000000 1000000 1000000 1000000 1613 1965 2062 2691 1712 1932 1650 641 224 949 1747 762 1613 1698 1825 1078 1300 1443 1869 1844 584 633 1205 985 2335 1993 807 2556 1924 1119 1942 1504 1335 1432 1530 807 1825 2159 1237 1781 1616 2361 0 500 1504 1924 1924 2013 2377 641 5609 3302 2829 4607 3245 5078 3441 4249 4342 4430 4828 4082 4025 3500 4032 3861 5123 4361 4273 4391 3042 4305 4245 4528 2984 4974 4255 5814 5664 4831 4561 4920 4597 3895 5587 5870 5235 3745 5763 5739 4653 3221 4965 4597 5814 2900 4688 3539 4803 4460 4032 3774 3290 3437 4880 1082 1221 5518 3042 4428 
1000000 1000000 1000000 1000000 1000000 1000000 1000000 1000000 1000000 1000000 1869 1836 1924 2781 2103 2237 1300 1141 633 1300 2103 1100 1316 1836 2200 1064 1727 1677 2210 1500 100 539 1613 600 2470 1613 1217 2550 2377 1000 2155 1237 1803 1105 1900 400 2200 2013 906 1970 1924 2409 500 0 1942 2185 1604 2281 2010 906 5657 3489 2942 4847 3256 5061 3466 4495 4570 4383 4880 4296 3967 3536 4141 4032 5163 4528 4473 4361 3163 4281 4361 4743 3139 5190 4478 5870 5781 5070 4717 4855 4702 4023 5673 5967 5342 3754 5800 5800 4885 3400 5148 4687 5870 3000 4687 3662 4781 4581 3702 3765 3591 3806 4968 1335 1457 5598 3000 4296 
1000000 1000000 1000000 1000000 1000000 1000000 1000000 1000000 1000000 1000000 906 2237 2326 2122 361 855 2550 1045 1316 722 539 895 2405 1335 500 1556 224 949 671 2688 2040 2103 361 2148 1712 2900 729 2309 448 1770 1205 2263 283 2344 400 2062 500 2417 2221 1205 700 2003 1504 1942 0 1020 2691 1045 3190 1119 4876 2333 2159 3406 2817 4561 2943 3048 3183 4045 4124 2974 3713 2962 3221 2885 4439 3361 3190 3963 2309 3864 3400 3395 2155 3821 3112 5054 4744 3624 3581 4555 3759 3042 4751 4993 4357 3256 5057 4965 3472 2283 3895 3802 5054 2257 4149 2732 4318 3585 4562 3338 2000 1993 4071 922 944 4702 2802 4302 
1000000 1000000 1000000 1000000 1000000 1000000 1000000 1000000 1000000 1000000 317 1563 1628 1105 700 224 2214 1770 1700 1000 500 1167 2025 584 609 1304 985 510 413 2285 2281 2550 944 2100 700 2508 1205 1361 1217 1514 224 1898 1265 2062 633 2110 609 1698 2023 361 361 1045 1924 2185 1020 0 2237 100 2693 1300 3895 1415 1141 2684 1803 3545 1924 2326 2419 3027 3131 2164 2702 1942 2248 1980 3444 2476 2361 2943 1300 2845 2442 2608 1167 3053 2333 4082 3829 2907 2688 3536 2802 2081 3802 4061 3421 2237 4071 3997 2730 1346 3062 2831 4082 1237 3133 1750 3299 2641 3802 2320 1415 1747 3107 855 729 3745 1825 3314 
1000000 1000000 1000000 1000000 1000000 1000000 1000000 1000000 1000000 1000000 2025 800 807 2103 2625 2419 317 2436 1869 2000 2500 1887 317 1656 2641 1141 2484 1861 2524 142 1613 2122 2344 1005 2023 300 2110 1628 3112 944 2062 448 2721 500 2409 1205 2641 825 700 1879 2221 1700 1924 1604 2691 2237 0 2326 500 1700 4580 3000 2303 4405 2248 3842 2470 4100 4105 3125 3848 3806 2702 2564 3325 3424 4082 3864 3921 3141 2508 3081 3545 4220 2600 4639 4005 4803 4885 4610 4003 3536 3828 3276 4696 5009 4439 2684 4688 4751 4411 2900 4492 3770 4803 2309 3523 2943 3561 3765 2110 2642 3493 3957 4032 1770 1770 4607 1879 2861 
1000000 1000000 1000000 1000000 1000000 1000000 1000000 1000000 1000000 1000000 413 1641 1703 1100 708 200 2309 1839 1789 1082 510 1253 2119 671 600 1404 1030 609 400 2377 2377 2641 1000 2200 708 2600 1281 1393 1205 1613 283 1993 1300 2159 671 2210 600 1770 2122 448 425 1078 2013 2281 1045 100 2326 0 2779 1393 3848 1346 1119 2595 1800 3518 1911 2237 2333 3015 3088 2081 2700 1924 2196 1911 3402 2405 2281 2928 1265 2829 2386 2524 1119 2969 2248 4032 3765 2818 2618 3523 2746 2025 3745 4000 3361 2221 4025 3945 2642 1281 2984 2779 4032 1217 3105 1700 3276 2581 3861 2309 1316 1650 3053 949 825 3690 1844 3325 
1000000 1000000 1000000 1000000 1000000 1000000 1000000 1000000 1000000 1000000 2500 1171 1141 2419 3115 2885 729 2916 2341 2500 2984 2386 807 2110 3125 1641 2984 2344 3000 539 2003 2500 2843 1415 2405 400 2608 1903 3607 1443 2506 944 3221 949 2900 1613 3125 1119 1141 2333 2702 2040 2377 2010 3190 2693 500 2779 0 2196 4652 3325 2618 4705 2434 3859 2648 4419 4405 3139 3957 4105 2730 2746 3536 3700 4163 4111 4200 3177 2808 3131 3749 4500 2928 4905 4305 4876 5029 4902 4230 3500 4003 3513 4811 5127 4589 2817 4742 4834 4702 3225 4727 3930 4876 2608 3578 3202 3585 3963 1703 2752 3890 4387 4177 2268 2263 4717 2040 2759 
1000000 1000000 1000000 1000000 1000000 1000000 1000000 1000000 1000000 1000000 985 1500 1600 2062 1217 1335 1500 800 425 413 1200 224 1390 1064 1304 609 895 807 1304 1665 1005 1253 762 1030 1698 1861 425 1970 1566 762 1304 1253 1064 1281 1005 949 1304 1700 1132 1141 1020 1750 641 906 1119 1300 1700 1393 2196 0 4982 2663 2194 3982 2642 4478 2831 3625 3713 3849 4202 3449 3454 2885 3395 3221 4500 3721 3636 3802 2405 3713 3607 3895 2344 4342 3624 5186 5025 4205 3921 4347 3960 3256 4952 5233 4597 3139 5141 5109 4025 2581 4327 3963 5186 2268 4082 2900 4206 3821 3737 3177 2693 2902 4245 448 584 4884 2470 3906 
1000000 1000000 1000000 1000000 1000000 1000000 1000000 1000000 1000000 1000000 4135 3921 3861 2921 4519 4025 4826 5631 5404 4826 4339 4941 4662 3921 4387 4597 4877 4244 4205 4717 5729 6156 4838 5250 3302 4838 5048 3115 4905 4670 3774 4641 5143 4861 4518 5382 4387 3802 4982 3884 4255 3256 5609 5657 4876 3895 4580 3848 4652 4982 0 2564 2802 2257 2409 900 2194 2409 2210 1553 782 2203 1932 2122 1656 2062 500 1703 2000 1487 2608 1524 1487 2023 2730 1932 2203 224 782 2214 1500 1404 1141 1839 425 633 729 1921 200 200 2159 2600 1582 1078 224 2721 1078 2148 1119 1335 4111 1942 3239 3806 825 4581 4441 361 2721 2203 
1000000 1000000 1000000 1000000 1000000 1000000 1000000 1000000 1000000 1000000 1703 2200 2203 906 1973 1500 3115 3183 3081 2409 1803 2562 2916 1656 1836 2470 2361 1861 1665 3102 3578 3912 2344 3258 1045 3300 2618 1432 2341 2625 1361 2829 2608 3042 2000 3325 1836 2210 3081 1527 1770 1300 3302 3489 2333 1415 3000 1346 3325 2663 2564 0 708 1415 1205 2400 1141 1100 1119 2089 1844 825 1924 1082 922 566 2159 1064 985 1965 539 1869 1078 1265 400 1709 1020 2732 2421 1628 1273 2550 1432 729 2419 2663 2025 1342 2752 2641 1432 100 1665 1487 2732 729 2003 510 2210 1253 3828 1477 895 1566 1747 2221 2081 2371 1527 2642 
1000000 1000000 1000000 1000000 1000000 1000000 1000000 1000000 1000000 1000000 1342 1504 1500 200 1825 1316 2434 2831 2618 2025 1628 2141 2237 1132 1712 1887 2119 1443 1514 2409 3024 3406 2062 2641 500 2602 2248 729 2303 2013 985 2159 2405 2377 1773 2730 1712 1504 2436 1082 1487 609 2829 2942 2159 1141 2303 1119 2618 2194 2802 708 0 2103 729 2405 800 1803 1803 1903 2025 1504 1613 807 1205 1141 2333 1616 1628 1812 224 1712 1422 1924 317 2354 1703 3000 2843 2309 1789 2409 1770 1082 2759 3042 2409 1105 2969 2921 2110 609 2248 1770 3000 100 1993 722 2159 1641 3202 1200 1422 2052 2052 1781 1641 2691 922 2281 
1000000 1000000 1000000 1000000 1000000 1000000 1000000 1000000 1000000 1000000 2997 3606 3602 2303 3062 2693 4528 4383 4383 3672 2942 3848 4329 3037 2921 3861 3500 3179 2802 4510 4940 5233 3523 4658 2452 4705 3859 2802 3256 4027 2693 4243 3688 4456 3163 4713 2921 3600 4492 2880 3002 2708 4607 4847 3406 2684 4405 2595 4705 3982 2257 1415 2103 0 2377 2608 2214 361 300 2691 1887 600 2746 2119 1390 1020 2103 782 539 2550 1900 2484 1281 283 1812 448 400 2320 1703 224 861 2984 1361 1300 1911 2003 1530 2237 2452 2221 100 1514 700 1500 2320 2100 2344 1530 2562 1205 4977 2371 1415 1747 1566 3535 3402 1924 2766 3421 
