NAME : 100-10-3-i
TYPE : ATSP
DIMENSION : 120
EDGE_WEIGHT_TYPE : EXPLICIT
EDGE_WEIGHT_FORMAT : FULL_MATRIX
EDGE_WEIGHT_SECTION
1000000 1000000 1000000 1000000 1000000 1000000 1000000 1000000 1000000 1000000 4220 3163 3325 2602 4302 3808 3602 3355 2802 3765 2708 3437 3225 3614 2721 4441 3702 4302 3606 3669 3225 3861 2600 3115 4610 3702 3081 3702 3493 4311 1422 200 1237 1141 100 1171 1221 906 1566 1656 1200 539 1487 922 1393 900 510 671 1700 855 700 1773 1304 1281 1141 1141 1005 361 1020 922 4273 4221 2663 3861 3861 3922 4676 4441 4025 3499 3374 2781 3384 2484 2693 4102 4328 2642 3062 2268 2600 3398 3614 3081 2829 2386 3225 2730 3343 4880 4243 2436 3313 4361 4667 3115 4264 4281 2829 3131 0 1000000 1000000 1000000 1000000 1000000 1000000 1000000 1000000 1000000 
1000000 1000000 1000000 1000000 1000000 1000000 1000000 1000000 1000000 1000000 584 1861 1237 1911 200 1281 922 1390 1712 1500 1803 1253 1393 1415 2103 510 800 283 949 1563 1393 1281 1903 1415 224 800 1700 800 1304 283 3795 4510 4397 3424 4505 3414 3957 3606 3158 3105 4685 4002 3518 3864 3256 3602 4005 4258 2802 4258 4540 2829 3930 3614 3424 3406 3506 4717 4786 3613 2377 3859 2693 3721 3721 4817 3677 2658 4421 3963 4968 2802 3749 3414 2556 3225 3624 2506 2766 3131 4189 2974 4952 2625 3141 2774 2268 2419 2759 3449 3265 4305 2194 2693 3418 2974 2864 3808 3141 4111 1000000 0 1000000 1000000 1000000 1000000 1000000 1000000 1000000 1000000 
1000000 1000000 1000000 1000000 1000000 1000000 1000000 1000000 1000000 1000000 3518 4012 2600 3179 3068 3921 3115 3600 3141 4111 2864 3502 3402 3906 3864 2641 2928 3258 3215 4105 3402 1942 3081 2708 2997 2928 3713 2928 2203 2880 4751 4597 5162 3967 4528 3406 4771 3921 2984 4115 5342 3960 2974 4441 4032 3842 4178 4687 3400 3721 4023 2969 3221 4442 3967 3483 3861 4811 4032 4000 762 895 1861 1005 1005 2119 539 500 1616 1500 2618 1703 1415 2025 1887 413 584 1973 1422 2194 2377 1064 2452 1443 1641 2141 1487 1924 1141 448 300 2597 1457 448 300 1346 300 807 1641 1911 1000000 1000000 0 1000000 1000000 1000000 1000000 1000000 1000000 1000000 
1000000 1000000 1000000 1000000 1000000 1000000 1000000 1000000 1000000 1000000 4333 3523 3256 2732 4296 4071 3669 3578 2916 4082 2721 3625 3402 3895 3081 4319 3711 4342 3700 3997 3402 3602 2693 3081 4555 3711 3362 3711 3307 4258 2248 1205 2210 1641 1105 1167 2089 1361 1335 2203 2203 895 1000 1709 1921 1281 1171 1613 1887 283 317 1677 609 2013 1641 1221 1422 1335 300 1443 3734 3395 2159 3042 3042 2955 3906 3849 3107 2625 2377 2214 2546 1750 2237 3384 3547 2221 2470 1677 1665 2730 2625 2530 2148 1924 2766 2320 2732 4162 3523 1477 2864 3758 3941 2460 3624 3466 2148 2221 1000000 1000000 1000000 0 1000000 1000000 1000000 1000000 1000000 1000000 
1000000 1000000 1000000 1000000 1000000 1000000 1000000 1000000 1000000 1000000 2913 2127 1900 1300 2916 2642 2257 2148 1487 2663 1316 2194 1970 2470 1698 3007 2320 2943 2281 2581 1970 2405 1265 1703 3202 2320 1942 2320 2040 2902 1582 1524 1942 762 1487 300 1566 708 300 1105 2127 922 671 1221 906 641 1030 1487 500 1171 1432 317 990 1265 762 317 641 1747 1709 782 2907 3196 1361 2847 2847 3302 3536 3112 3225 2631 2984 1527 2452 1514 1346 2916 3221 1273 1803 1141 2040 2196 3141 1781 1709 1082 1844 1346 2081 3662 3053 1993 1921 3042 3467 1924 2984 3232 1709 2400 1000000 1000000 1000000 1000000 0 1000000 1000000 1000000 1000000 1000000 
1000000 1000000 1000000 1000000 1000000 1000000 1000000 1000000 1000000 1000000 1432 2194 849 1703 985 1911 1141 1709 1556 2122 1443 1582 1566 1942 2221 641 922 1171 1237 2138 1566 224 1641 1064 990 922 1924 922 539 807 3662 4081 4220 3088 4053 2864 3774 3196 2518 2942 4478 3493 2800 3578 3002 3163 3574 3940 2417 3606 3912 2257 3202 3414 3088 2887 3102 4302 4100 3232 1335 2779 1773 2641 2641 3749 2625 1628 3343 2900 3941 1839 2691 2470 1650 2148 2550 1628 1750 2257 3221 1911 3906 1613 2148 1924 1253 1530 1703 2434 2194 3362 1167 1650 2377 1942 1803 2730 2148 3081 1000000 1000000 1000000 1000000 1000000 0 1000000 1000000 1000000 1000000 
1000000 1000000 1000000 1000000 1000000 1000000 1000000 1000000 1000000 1000000 413 1641 1078 1703 100 1082 708 1167 1504 1304 1613 1030 1171 1205 1879 609 609 100 729 1361 1171 1253 1700 1237 425 609 1477 609 1205 300 3574 4305 4177 3215 4302 3225 3737 3402 2984 2887 4465 3806 3353 3650 3042 3400 3802 4045 2600 4080 4357 2648 3765 3396 3215 3215 3302 4510 4610 3406 2405 3848 2581 3690 3690 4764 3700 2693 4383 3906 4884 2702 3688 3302 2442 3221 3625 2386 2688 3002 4081 2921 4880 2546 3048 2642 2194 2303 2702 3493 3270 4189 2127 2721 3449 2900 2880 3802 3048 4032 1000000 1000000 1000000 1000000 1000000 1000000 0 1000000 1000000 1000000 
1000000 1000000 1000000 1000000 1000000 1000000 1000000 1000000 1000000 1000000 2417 1887 1316 922 2354 2268 1747 1770 1064 2335 807 1781 1563 2122 1524 2400 1773 2405 1789 2268 1563 1773 849 1141 2618 1773 1641 1773 1415 2320 2025 2155 2476 1273 2119 922 2062 1304 609 1393 2691 1553 985 1770 1304 1253 1656 2081 671 1712 2003 317 1393 1721 1273 949 1221 2377 2237 1361 2335 2845 922 2518 2518 3179 3102 2562 3007 2409 2997 1119 2203 1361 855 2470 2817 762 1361 949 2060 1773 3102 1300 1400 700 1281 807 1616 3177 2600 2081 1346 2500 2997 1530 2470 2864 1400 2281 1000000 1000000 1000000 1000000 1000000 1000000 1000000 0 1000000 1000000 
1000000 1000000 1000000 1000000 1000000 1000000 1000000 1000000 1000000 1000000 3808 3115 2693 2248 3737 3606 3139 3107 2419 3641 2194 3139 2916 3441 2688 3734 3163 3795 3179 3561 2916 3000 2196 2530 3982 3163 2921 3163 2717 3688 2210 1477 2335 1457 1390 807 2100 1217 807 1970 2405 922 413 1700 1709 1119 1217 1747 1487 500 807 1167 0 1924 1457 895 1237 1665 906 1316 3139 2921 1553 2562 2562 2669 3395 3265 2732 2196 2200 1616 2081 1205 1628 2843 3042 1613 1879 1078 1335 2164 2409 1932 1582 1316 2159 1712 2148 3624 2984 1205 2257 3177 3406 1887 3053 2984 1582 1839 1000000 1000000 1000000 1000000 1000000 1000000 1000000 1000000 0 1000000 
1000000 1000000 1000000 1000000 1000000 1000000 1000000 1000000 1000000 1000000 2060 2409 1005 1616 1703 2354 1553 2003 1553 2532 1300 1911 1800 2320 2281 1443 1393 1861 1650 2518 1800 584 1524 1105 1781 1393 2110 1393 633 1556 3398 3578 3895 2702 3535 2326 3466 2746 1932 2702 4124 2955 2138 3202 2688 2693 3089 3523 2052 2962 3276 1750 2518 3112 2702 2371 2663 3802 3424 2802 985 2119 1005 1924 1924 2984 2103 1265 2608 2127 3141 1045 1911 1677 900 1530 1942 906 944 1504 2417 1141 3115 807 1342 1205 448 807 922 2023 1613 2564 361 1237 1903 1141 1304 2089 1342 2281 1000000 1000000 1000000 1000000 1000000 1000000 1000000 1000000 1000000 0 
1000000 1000000 1000000 1000000 1000000 1000000 1000000 1000000 1000000 1000000 0 1342 1205 1628 510 708 671 922 1432 922 1616 807 1000 861 1650 1020 708 317 633 990 1000 1582 1650 1304 807 708 1237 708 1443 708 3374 4205 3982 3102 4211 3202 3552 3314 3009 2717 4276 3749 3402 3506 2902 3325 3713 3906 2532 4081 4342 2658 3808 3225 3102 3179 3215 4402 4618 3307 2766 4163 2759 3983 3983 5022 4053 3060 4665 4162 5094 2900 3941 3472 2618 3547 3957 2550 2921 3141 4253 3191 5109 2781 3256 2781 2442 2476 2969 3864 3606 4342 2386 3081 3808 3141 3229 4124 3256 4253 4220 584 3518 4333 2913 1432 413 2417 3808 2060 
1000000 1000000 1000000 1000000 1000000 1000000 1000000 1000000 1000000 1000000 1342 0 1432 985 1703 708 1082 500 922 609 1237 641 633 510 448 2127 1304 1582 1000 510 633 2214 1078 1304 2062 1304 300 1304 1844 1839 2103 3105 2708 2025 3133 2361 2300 2285 2335 1530 3007 2774 2759 2335 1773 2326 2658 2730 1641 3245 3449 1985 3115 2010 2025 2303 2194 3276 3774 2248 3355 4429 2625 4160 4160 4998 4502 3650 4754 4177 4877 2817 3957 3221 2500 3902 4305 2405 2962 2818 3945 3338 4966 2845 3163 2508 2608 2377 3126 4429 4000 3967 2602 3635 4311 3179 3713 4419 3163 4124 3163 1861 4012 3523 2127 2194 1641 1887 3115 2409 
1000000 1000000 1000000 1000000 1000000 1000000 1000000 1000000 1000000 1000000 1205 1432 0 861 1045 1361 584 1000 708 1530 633 906 807 1316 1390 1119 500 1119 671 1514 807 807 807 224 1304 500 1141 500 413 1005 2831 3355 3400 2309 3338 2200 2953 2452 1924 2110 3668 2808 2281 2786 2194 2434 2845 3163 1650 3027 3314 1604 2693 2595 2309 2203 2354 3570 3552 2474 1924 3105 1556 2880 2880 3859 3107 2221 3535 3002 3895 1703 2779 2268 1415 2532 2943 1346 1750 1942 3048 2062 3921 1613 2062 1582 1300 1273 1839 3007 2618 3141 1265 2210 2900 1973 2300 3081 2062 3062 3325 1237 2600 3256 1900 849 1078 1316 2693 1005 
1000000 1000000 1000000 1000000 1000000 1000000 1000000 1000000 1000000 1000000 1628 985 861 0 1712 1361 1000 861 200 1415 317 895 671 1205 700 1932 1119 1700 1005 1346 671 1628 100 641 2040 1119 722 1119 1205 1747 1973 2602 2550 1514 2600 1582 2103 1700 1443 1253 2824 2122 1861 1965 1361 1703 2100 2354 906 2470 2721 1082 2248 1747 1514 1553 1600 2808 3009 1703 2600 3502 1650 3215 3215 4017 3635 2880 3786 3202 3895 1844 2984 2237 1530 3015 3406 1432 2010 1836 2969 2403 3982 1903 2185 1524 1712 1415 2200 3614 3126 3000 1727 2847 3472 2221 2887 3500 2185 3139 2602 1911 3179 2732 1300 1703 1703 922 2248 1616 
1000000 1000000 1000000 1000000 1000000 1000000 1000000 1000000 1000000 1000000 510 1703 1045 1712 0 1167 729 1221 1514 1390 1604 1082 1209 1281 1924 510 600 200 762 1443 1209 1167 1703 1217 361 600 1527 600 1141 200 3606 4311 4206 3225 4305 3215 3765 3406 2962 2913 4493 3802 3325 3668 3060 3402 3806 4061 2602 4061 4342 2631 3737 3421 3225 3207 3307 4518 4590 3414 2309 3759 2524 3606 3606 4687 3606 2597 4302 3829 4817 2641 3613 3245 2386 3131 3535 2333 2618 2953 4023 2843 4809 2476 2984 2595 2122 2248 2625 3396 3179 4135 2052 2625 3353 2829 2786 3713 2984 3963 4302 200 3068 4296 2916 985 100 2354 3737 1703 
1000000 1000000 1000000 1000000 1000000 1000000 1000000 1000000 1000000 1000000 708 708 1361 1361 1167 0 807 500 1205 224 1487 500 708 200 1105 1656 1000 1000 708 283 708 2000 1422 1342 1500 1000 729 1000 1727 1342 2808 3766 3414 2669 3786 2907 3002 2913 2802 2210 3713 3384 3221 3015 2434 2942 3299 3414 2194 3802 4032 2442 3606 2702 2669 2864 2817 3946 4339 2887 3202 4465 2831 4238 4238 5189 4441 3502 4885 4339 5162 3002 4115 3500 2693 3884 4296 2608 3088 3125 4264 3418 5216 2955 3362 2781 2658 2556 3196 4305 3963 4319 2625 3506 4220 3311 3623 4439 3362 4357 3808 1281 3921 4071 2642 1911 1082 2268 3606 2354 
1000000 1000000 1000000 1000000 1000000 1000000 1000000 1000000 1000000 1000000 671 1082 584 1000 729 807 0 584 800 1000 949 448 500 807 1221 1064 224 700 100 1005 500 1205 1005 641 1078 224 849 224 922 807 2880 3602 3479 2508 3600 2550 3037 2700 2341 2185 3765 3115 2732 2943 2335 2702 3100 3338 1903 3421 3688 1993 3139 2693 2508 2532 2600 3806 3957 2702 2400 3669 2127 3454 3454 4442 3635 2700 4115 3585 4469 2281 3362 2829 1985 3081 3493 1911 2333 2484 3607 2641 4500 2196 2641 2127 1879 1844 2417 3502 3158 3688 1839 2702 3414 2556 2817 3641 2641 3641 3602 922 3115 3669 2257 1141 708 1747 3139 1553 
1000000 1000000 1000000 1000000 1000000 1000000 1000000 1000000 1000000 1000000 922 500 1000 861 1221 500 584 0 708 584 1000 142 224 361 729 1628 807 1119 500 539 224 1747 922 922 1582 807 317 807 1404 1346 2452 3325 3060 2221 3338 2417 2631 2452 2303 1803 3355 2913 2721 2600 2003 2474 2845 3000 1709 3311 3547 1942 3107 2309 2221 2377 2354 3513 3849 2434 2916 4080 2371 3833 3833 4743 4105 3215 4460 3900 4688 2550 3677 3024 2237 3523 3932 2148 2658 2641 3781 3009 4751 2530 2907 2303 2257 2103 2790 4005 3613 3829 2237 3207 3900 2880 3300 4061 2907 3895 3355 1390 3600 3578 2148 1709 1167 1770 3107 2003 
1000000 1000000 1000000 1000000 1000000 1000000 1000000 1000000 1000000 1000000 1432 922 708 200 1514 1205 800 708 0 1281 317 722 500 1064 729 1747 922 1500 807 1221 500 1500 224 500 1844 922 633 922 1082 1553 2148 2802 2732 1712 2800 1773 2285 1900 1613 1432 3009 2320 2025 2159 1553 1903 2300 2550 1105 2658 2913 1253 2419 1932 1712 1747 1800 3007 3196 1903 2530 3513 1709 3239 3239 4086 3613 2817 3833 3258 3997 1898 3037 2333 1582 3002 3400 1487 2040 1942 3081 2419 4071 1924 2248 1613 1700 1457 2210 3570 3107 3125 1703 2790 3437 2257 2845 3506 2248 3221 2802 1712 3141 2916 1487 1556 1504 1064 2419 1553 
1000000 1000000 1000000 1000000 1000000 1000000 1000000 1000000 1000000 1000000 922 609 1530 1415 1390 224 1000 584 1281 0 1582 633 807 224 1045 1879 1205 1221 900 100 807 2203 1487 1487 1721 1205 722 1205 1911 1566 2700 3711 3302 2625 3737 2916 2902 2880 2843 2138 3602 3362 3265 2943 2377 2916 3258 3338 2196 3808 4025 2484 3641 2618 2625 2866 2786 3884 4342 2847 3400 4633 2953 4397 4397 5323 4628 3700 5033 4478 5270 3131 4255 3606 2818 4061 4473 2730 3232 3221 4361 3574 5334 3102 3489 2885 2817 2684 3353 4502 4144 4405 2790 3702 4411 3454 3812 4610 3489 4478 3765 1500 4111 4082 2663 2122 1304 2335 3641 2532 
1000000 1000000 1000000 1000000 1000000 1000000 1000000 1000000 1000000 1000000 1616 1237 633 317 1604 1487 949 1000 317 1582 0 990 782 1361 1005 1747 1005 1628 985 1527 782 1346 224 413 1903 1005 949 1005 922 1604 2221 2730 2779 1677 2717 1613 2333 1825 1393 1500 3042 2200 1789 2155 1566 1812 2221 2530 1020 2474 2746 1045 2194 1973 1677 1604 1727 2943 3009 1844 2285 3207 1393 2928 2928 3770 3325 2564 3518 2942 3690 1582 2721 2025 1265 2708 3102 1171 1727 1641 2781 2110 3759 1613 1932 1304 1404 1141 1903 3299 2817 2832 1415 2530 3158 1942 2571 3202 1932 2907 2708 1803 2864 2721 1316 1443 1613 807 2194 1300 
1000000 1000000 1000000 1000000 1000000 1000000 1000000 1000000 1000000 1000000 807 641 906 895 1082 500 448 142 722 633 990 0 224 413 855 1487 671 985 361 609 224 1628 944 855 1443 671 448 671 1300 1205 2571 3414 3179 2309 3424 2470 2746 2532 2333 1911 3472 2984 2746 2702 2100 2550 2928 3102 1773 3362 3606 1973 3139 2419 2309 2436 2434 3606 3900 2518 2808 4003 2333 3765 3765 4696 4012 3107 4402 3849 4662 2506 3625 3000 2196 3437 3848 2110 2600 2625 3765 2942 4717 2470 2866 2281 2185 2060 2721 3902 3523 3821 2159 3102 3802 2824 3202 3982 2866 3859 3437 1253 3502 3625 2194 1582 1030 1781 3139 1911 
1000000 1000000 1000000 1000000 1000000 1000000 1000000 1000000 1000000 1000000 1000 633 807 671 1209 708 500 224 500 807 782 224 0 584 722 1563 708 1141 448 762 0 1582 722 708 1566 708 361 708 1217 1304 2405 3207 3009 2103 3215 2248 2571 2320 2110 1727 3299 2766 2524 2508 1903 2335 2717 2907 1553 3139 3384 1750 2916 2237 2103 2214 2221 3402 3677 2309 2730 3864 2148 3614 3614 4519 3902 3027 4238 3677 4466 2326 3454 2802 2013 3314 3722 1924 2436 2421 3561 2790 4528 2309 2684 2081 2040 1879 2571 3812 3406 3613 2023 3015 3702 2658 3102 3848 2684 3672 3225 1393 3402 3402 1970 1566 1171 1563 2916 1800 
1000000 1000000 1000000 1000000 1000000 1000000 1000000 1000000 1000000 1000000 861 510 1316 1205 1281 200 807 361 1064 224 1361 413 584 0 906 1750 1020 1132 708 200 584 2010 1273 1265 1628 1020 539 1020 1703 1443 2608 3570 3215 2474 3591 2730 2802 2721 2641 2010 3513 3196 3062 2817 2237 2752 3105 3215 2013 3624 3849 2281 3441 2502 2474 2684 2625 3749 4160 2693 3202 4415 2730 4177 4177 5100 4419 3502 4811 4255 5048 2907 4032 3384 2595 3848 4258 2506 3009 3000 4141 3353 5111 2880 3265 2663 2597 2460 3133 4300 3932 4187 2571 3500 4205 3232 3606 4394 3265 4255 3614 1415 3906 3895 2470 1942 1205 2122 3441 2320 
1000000 1000000 1000000 1000000 1000000 1000000 1000000 1000000 1000000 1000000 1650 448 1390 700 1924 1105 1221 729 729 1045 1005 855 722 906 0 2281 1422 1839 1167 949 722 2196 800 1209 2283 1422 413 1422 1789 2025 1727 2669 2335 1582 2693 1921 1911 1839 1921 1105 2631 2326 2344 1911 1335 1879 2214 2309 1205 2802 3002 1582 2688 1600 1582 1861 1747 2845 3329 1803 3258 4202 2335 3912 3912 4685 4329 3545 4473 3884 4519 2532 3668 2880 2221 3713 4105 2122 2708 2470 3578 3102 4624 2602 2864 2185 2409 2110 2900 4296 3821 3585 2419 3518 4160 2916 3570 4200 2864 3795 2721 2103 3864 3081 1698 2221 1879 1524 2688 2281 
1000000 1000000 1000000 1000000 1000000 1000000 1000000 1000000 1000000 1000000 1020 2127 1119 1932 510 1656 1064 1628 1747 1879 1747 1487 1563 1750 2281 0 861 708 1132 1924 1563 861 1898 1335 361 861 1911 861 1020 317 3892 4473 4478 3421 4456 3307 4032 3570 3002 3179 4754 3921 3325 3890 3290 3552 3963 4273 2766 4105 4402 2702 3734 3677 3421 3314 3472 4688 4618 3591 1879 3384 2377 3265 3265 4385 3179 2155 3970 3539 4581 2460 3331 3088 2248 2746 3139 2214 2386 2847 3848 2550 4546 2248 2779 2500 1887 2119 2344 2942 2779 3982 1803 2194 2916 2581 2371 3329 2779 3721 4441 510 2641 4319 3007 641 609 2400 3734 1443 
1000000 1000000 1000000 1000000 1000000 1000000 1000000 1000000 1000000 1000000 708 1304 500 1119 600 1000 224 807 922 1205 1005 671 708 1020 1422 861 0 633 317 1217 708 1000 1105 633 922 0 1064 0 762 633 3047 3713 3641 2631 3706 2618 3196 2808 2377 2341 3922 3202 2752 3081 2474 2802 3207 3472 2003 3472 3749 2040 3163 2847 2631 2608 2708 3921 4003 2817 2203 3512 2052 3311 3311 4327 3453 2502 3983 3467 4387 2194 3245 2766 1911 2913 3325 1844 2221 2442 3547 2506 4405 2081 2550 2081 1750 1770 2283 3307 2984 3641 1700 2508 3225 2442 2631 3479 2550 3547 3702 800 2928 3711 2320 922 609 1773 3163 1393 
1000000 1000000 1000000 1000000 1000000 1000000 1000000 1000000 1000000 1000000 317 1582 1119 1700 200 1000 700 1119 1500 1221 1628 985 1141 1132 1839 708 633 0 708 1281 1141 1342 1703 1265 500 633 1432 633 1273 400 3545 4302 4149 3207 4300 3239 3711 3400 3009 2864 4439 3812 3384 3635 3027 3402 3800 4032 2602 4100 4374 2669 3795 3374 3207 3225 3300 4505 4633 3402 2500 3936 2641 3774 3774 4842 3795 2790 4466 3983 4952 2766 3765 3361 2500 3311 3717 2442 2759 3053 4141 3000 4952 2618 3115 2693 2268 2361 2781 3591 3362 4244 2203 2817 3545 2974 2974 3892 3115 4102 4302 283 3258 4342 2943 1171 100 2405 3795 1861 
1000000 1000000 1000000 1000000 1000000 1000000 1000000 1000000 1000000 1000000 633 1000 671 1005 762 708 100 500 807 900 985 361 448 708 1167 1132 317 708 0 906 448 1304 1020 708 1119 317 782 317 1020 861 2847 3600 3449 2502 3602 2571 3009 2702 2377 2159 3737 3126 2774 2928 2320 2708 3102 3325 1911 3449 3711 2025 3179 2669 2502 2550 2602 3802 3985 2700 2500 3765 2203 3547 3547 4528 3734 2800 4205 3672 4546 2361 3449 2900 2062 3179 3591 1985 2419 2550 3677 2732 4581 2283 2721 2194 1970 1921 2508 3602 3256 3754 1932 2802 3513 2642 2916 3737 2721 3721 3606 949 3215 3700 2281 1237 729 1789 3179 1650 
1000000 1000000 1000000 1000000 1000000 1000000 1000000 1000000 1000000 1000000 990 510 1514 1346 1443 283 1005 539 1221 100 1527 609 762 200 949 1924 1217 1281 906 0 762 2210 1422 1457 1781 1217 641 1217 1903 1613 2600 3614 3202 2530 3641 2831 2802 2786 2766 2040 3502 3270 3190 2845 2281 2824 3163 3239 2110 3722 3936 2409 3561 2518 2530 2779 2693 3786 4255 2752 3402 4610 2907 4369 4369 5281 4618 3702 4998 4439 5216 3088 4216 3552 2774 4045 4456 2684 3196 3163 4302 3545 5284 3068 3444 2831 2790 2641 3325 4500 4131 4342 2766 3700 4405 3418 3806 4590 3444 4430 3669 1563 4105 3997 2581 2138 1361 2268 3561 2518 
1000000 1000000 1000000 1000000 1000000 1000000 1000000 1000000 1000000 1000000 1000 633 807 671 1209 708 500 224 500 807 782 224 0 584 722 1563 708 1141 448 762 0 1582 722 708 1566 708 361 708 1217 1304 2405 3207 3009 2103 3215 2248 2571 2320 2110 1727 3299 2766 2524 2508 1903 2335 2717 2907 1553 3139 3384 1750 2916 2237 2103 2214 2221 3402 3677 2309 2730 3864 2148 3614 3614 4519 3902 3027 4238 3677 4466 2326 3454 2802 2013 3314 3722 1924 2436 2421 3561 2790 4528 2309 2684 2081 2040 1879 2571 3812 3406 3613 2023 3015 3702 2658 3102 3848 2684 3672 3225 1393 3402 3402 1970 1566 1171 1563 2916 1800 
1000000 1000000 1000000 1000000 1000000 1000000 1000000 1000000 1000000 1000000 1582 2214 807 1628 1167 2000 1205 1747 1500 2203 1346 1628 1582 2010 2196 861 1000 1342 1304 2210 1582 0 1556 1000 1205 1000 1932 1000 425 1000 3561 3922 4105 2953 3890 2693 3662 3047 2335 2843 4357 3325 2602 3449 2885 3009 3418 3802 2283 3414 3722 2089 3000 3302 2953 2721 2955 4144 3902 3088 1205 2595 1553 2442 2442 3539 2474 1504 3141 2688 3721 1616 2476 2248 1432 1970 2377 1415 1527 2040 2997 1698 3688 1390 1924 1712 1030 1316 1487 2309 2025 3139 944 1514 2237 1721 1650 2550 1924 2861 3861 1281 1942 3602 2405 224 1253 1773 3000 584 
1000000 1000000 1000000 1000000 1000000 1000000 1000000 1000000 1000000 1000000 1650 1078 807 100 1703 1422 1005 922 224 1487 224 944 722 1273 800 1898 1105 1703 1020 1422 722 1556 0 584 2023 1105 807 1105 1132 1727 2025 2608 2595 1530 2602 1553 2148 1703 1390 1304 2864 2110 1803 1993 1393 1700 2103 2377 900 2436 2693 1030 2196 1789 1530 1530 1604 2817 2974 1712 2508 3402 1553 3115 3115 3922 3536 2786 3688 3105 3808 1747 2887 2148 1432 2916 3307 1335 1911 1750 2885 2303 3892 1803 2089 1432 1613 1316 2100 3518 3027 2921 1628 2752 3374 2122 2790 3400 2089 3047 2600 1903 3081 2693 1265 1641 1700 849 2196 1524 
1000000 1000000 1000000 1000000 1000000 1000000 1000000 1000000 1000000 1000000 1304 1304 224 641 1217 1342 641 922 500 1487 413 855 708 1265 1209 1335 633 1265 708 1457 708 1000 584 0 1500 633 1005 633 584 1200 2608 3141 3177 2089 3126 2003 2730 2237 1747 1887 3444 2602 2119 2564 1970 2221 2631 2942 1432 2845 3126 1415 2530 2371 2089 2000 2138 3355 3374 2257 2062 3158 1500 2913 2913 3848 3200 2354 3547 2997 3842 1665 2774 2194 1361 2608 3015 1281 1747 1844 2970 2089 3884 1616 2025 1487 1335 1221 1869 3126 2702 3048 1316 2335 3007 1970 2409 3141 2025 3024 3115 1415 2708 3081 1703 1064 1237 1141 2530 1105 
1000000 1000000 1000000 1000000 1000000 1000000 1000000 1000000 1000000 1000000 807 2062 1304 2040 361 1500 1078 1582 1844 1721 1903 1443 1566 1628 2283 361 922 500 1119 1781 1566 1205 2023 1500 0 922 1887 922 1300 300 3957 4628 4555 3552 4618 3502 4111 3722 3225 3258 4839 4102 3570 4003 3396 3713 4120 4394 2916 4329 4618 2907 3982 3765 3552 3500 3623 4838 4851 3734 2237 3745 2684 3624 3624 4739 3535 2508 4328 3890 4921 2779 3680 3400 2550 3107 3499 2508 2721 3139 4168 2900 4892 2581 3107 2786 2221 2417 2691 3290 3139 4295 2141 2550 3270 2921 2730 3690 3107 4061 4610 224 2997 4555 3202 990 425 2618 3982 1781 
1000000 1000000 1000000 1000000 1000000 1000000 1000000 1000000 1000000 1000000 708 1304 500 1119 600 1000 224 807 922 1205 1005 671 708 1020 1422 861 0 633 317 1217 708 1000 1105 633 922 0 1064 0 762 633 3047 3713 3641 2631 3706 2618 3196 2808 2377 2341 3922 3202 2752 3081 2474 2802 3207 3472 2003 3472 3749 2040 3163 2847 2631 2608 2708 3921 4003 2817 2203 3512 2052 3311 3311 4327 3453 2502 3983 3467 4387 2194 3245 2766 1911 2913 3325 1844 2221 2442 3547 2506 4405 2081 2550 2081 1750 1770 2283 3307 2984 3641 1700 2508 3225 2442 2631 3479 2550 3547 3702 800 2928 3711 2320 922 609 1773 3163 1393 
1000000 1000000 1000000 1000000 1000000 1000000 1000000 1000000 1000000 1000000 1237 300 1141 722 1527 729 849 317 633 722 949 448 361 539 413 1911 1064 1432 782 641 361 1932 807 1005 1887 1064 0 1064 1553 1641 2138 3042 2746 1942 3060 2196 2320 2185 2127 1500 3042 2658 2550 2303 1712 2214 2571 2702 1477 3089 3311 1770 2921 2003 1942 2148 2089 3225 3624 2159 3060 4131 2341 3864 3864 4717 4202 3355 4465 3890 4615 2530 3669 2953 2214 3602 4005 2119 2669 2556 3690 3042 4696 2550 2880 2237 2309 2089 2829 4131 3700 3721 2303 3338 4012 2887 3414 4120 2880 3849 3081 1700 3713 3362 1942 1924 1477 1641 2921 2110 
1000000 1000000 1000000 1000000 1000000 1000000 1000000 1000000 1000000 1000000 708 1304 500 1119 600 1000 224 807 922 1205 1005 671 708 1020 1422 861 0 633 317 1217 708 1000 1105 633 922 0 1064 0 762 633 3047 3713 3641 2631 3706 2618 3196 2808 2377 2341 3922 3202 2752 3081 2474 2802 3207 3472 2003 3472 3749 2040 3163 2847 2631 2608 2708 3921 4003 2817 2203 3512 2052 3311 3311 4327 3453 2502 3983 3467 4387 2194 3245 2766 1911 2913 3325 1844 2221 2442 3547 2506 4405 2081 2550 2081 1750 1770 2283 3307 2984 3641 1700 2508 3225 2442 2631 3479 2550 3547 3702 800 2928 3711 2320 922 609 1773 3163 1393 
1000000 1000000 1000000 1000000 1000000 1000000 1000000 1000000 1000000 1000000 1443 1844 413 1205 1141 1727 922 1404 1082 1911 922 1300 1217 1703 1789 1020 762 1273 1020 1903 1217 425 1132 584 1300 762 1553 762 0 1030 3141 3545 3690 2550 3518 2335 3245 2658 2003 2421 3945 2962 2309 3042 2470 2625 3037 3402 1879 3100 3402 1727 2717 2885 2550 2354 2564 3765 3606 2693 1514 2752 1390 2550 2550 3581 2717 1812 3225 2721 3680 1500 2500 2110 1253 2159 2571 1209 1487 1839 2885 1750 3680 1346 1844 1487 1000 1119 1527 2602 2237 3002 944 1803 2502 1703 1903 2721 1844 2829 3493 1304 2203 3307 2040 539 1205 1415 2717 633 
1000000 1000000 1000000 1000000 1000000 1000000 1000000 1000000 1000000 1000000 708 1839 1005 1747 200 1342 807 1346 1553 1566 1604 1205 1304 1443 2025 317 633 400 861 1613 1304 1000 1727 1200 300 633 1641 633 1030 0 3677 4329 4273 3256 4319 3202 3828 3424 2928 2974 4555 3802 3276 3711 3105 3414 3821 4100 2618 4032 4319 2608 3688 3479 3256 3200 3325 4540 4555 3437 2119 3585 2419 3441 3441 4535 3418 2405 4141 3680 4687 2524 3466 3139 2283 2953 3355 2237 2484 2864 3912 2691 4670 2344 2861 2508 1985 2148 2476 3202 2997 4032 1911 2436 3163 2691 2600 3536 2861 3829 4311 283 2880 4258 2902 807 300 2320 3688 1556 
1000000 1000000 1000000 1000000 1000000 1000000 1000000 1000000 1000000 1000000 3374 2103 2831 1973 3606 2808 2880 2452 2148 2700 2221 2571 2405 2608 1727 3892 3047 3545 2847 2600 2405 3561 2025 2608 3957 3047 2138 3047 3141 3677 0 1273 609 825 1346 1514 224 1000 1869 722 906 1361 2110 539 722 1100 1078 782 1361 1993 2013 1789 2210 317 825 1415 1005 1361 2371 900 4342 4776 2907 4428 4428 4817 5100 4581 4786 4198 4405 3088 4027 3081 2866 4473 4793 2779 3355 2721 3502 3758 4600 3313 3290 2641 3302 2831 3624 5198 4607 3402 3361 4523 5012 3493 4495 4811 3290 3932 1422 3795 4751 2248 1582 3662 3574 2025 2210 3398 
1000000 1000000 1000000 1000000 1000000 1000000 1000000 1000000 1000000 1000000 4205 3105 3355 2602 4311 3766 3602 3325 2802 3711 2730 3414 3207 3570 2669 4473 3713 4302 3600 3614 3207 3922 2608 3141 4628 3713 3042 3713 3545 4329 1273 0 1045 1105 100 1253 1064 906 1665 1582 1000 641 1628 807 1335 922 510 500 1712 1045 900 1839 1477 1167 1105 1209 1005 224 1217 900 4383 4383 2781 4023 4023 4111 4828 4561 4205 3672 3570 2907 3552 2641 2802 4245 4483 2746 3190 2405 2786 3536 3808 3202 2974 2500 3329 2831 3472 5021 4387 2625 3414 4483 4811 3253 4394 4441 2974 3311 200 4510 4597 1205 1524 4081 4305 2155 1477 3578 
1000000 1000000 1000000 1000000 1000000 1000000 1000000 1000000 1000000 1000000 3982 2708 3400 2550 4206 3414 3479 3060 2732 3302 2779 3179 3009 3215 2335 4478 3641 4149 3449 3202 3009 4105 2595 3177 4555 3641 2746 3641 3690 4273 609 1045 0 1205 1141 1789 448 1253 2196 1300 300 1415 2341 722 1221 1342 1119 600 1844 2000 1924 2203 2335 807 1205 1700 1304 1030 2257 1167 4811 5100 3302 4743 4743 5001 5471 5033 5029 4460 4518 3467 4309 3362 3281 4855 5148 3202 3745 3042 3668 4135 4739 3721 3624 3024 3754 3265 4023 5604 4993 3536 3821 4968 5409 3859 4921 5143 3624 4149 1237 4397 5162 2210 1942 4220 4177 2476 2335 3895 
1000000 1000000 1000000 1000000 1000000 1000000 1000000 1000000 1000000 1000000 3102 2025 2309 1514 3225 2669 2508 2221 1712 2625 1677 2309 2103 2474 1582 3421 2631 3207 2502 2530 2103 2953 1530 2089 3552 2631 1942 2631 2550 3256 825 1105 1205 0 1119 700 807 283 1045 566 1422 782 1300 500 283 361 633 855 671 1361 1487 1000 1457 510 0 600 224 1300 1839 224 3607 3957 2110 3606 3606 4005 4295 3829 3963 3374 3623 2283 3202 2257 2081 3672 3982 2000 2556 1898 2702 2953 3806 2524 2470 1836 2550 2062 2831 4411 3808 2618 2618 3765 4220 2684 3721 3993 2470 3115 1141 3424 3967 1641 762 3088 3215 1273 1457 2702 
1000000 1000000 1000000 1000000 1000000 1000000 1000000 1000000 1000000 1000000 4211 3133 3338 2600 4305 3786 3600 3338 2800 3737 2717 3424 3215 3591 2693 4456 3706 4300 3602 3641 3215 3890 2602 3126 4618 3706 3060 3706 3518 4319 1346 100 1141 1119 0 1209 1141 900 1613 1616 1100 584 1556 861 1361 906 500 584 1703 949 800 1803 1390 1221 1119 1171 1000 283 1119 906 4327 4302 2721 3941 3941 4017 4751 4500 4115 3585 3472 2843 3467 2562 2746 4173 4405 2693 3125 2335 2693 3466 3711 3141 2900 2442 3276 2779 3406 4950 4314 2530 3362 4421 4739 3183 4328 4361 2900 3221 100 4505 4528 1105 1487 4053 4302 2119 1390 3535 
1000000 1000000 1000000 1000000 1000000 1000000 1000000 1000000 1000000 1000000 3202 2361 2200 1582 3215 2907 2550 2417 1773 2916 1613 2470 2248 2730 1921 3307 2618 3239 2571 2831 2248 2693 1553 2003 3502 2618 2196 2618 2335 3202 1514 1253 1789 700 1209 0 1457 539 425 1171 1942 633 600 1078 922 448 782 1281 722 895 1141 609 807 1205 700 100 510 1477 1432 633 3141 3311 1556 2955 2955 3307 3690 3331 3276 2693 2928 1703 2530 1582 1563 3081 3362 1500 1985 1253 2003 2361 3107 1980 1836 1273 2081 1582 2268 3842 3221 1924 2164 3256 3641 2081 3183 3355 1836 2419 1171 3414 3406 1167 300 2864 3225 922 807 2326 
1000000 1000000 1000000 1000000 1000000 1000000 1000000 1000000 1000000 1000000 3552 2300 2953 2103 3765 3002 3037 2631 2285 2902 2333 2746 2571 2802 1911 4032 3196 3711 3009 2802 2571 3662 2148 2730 4111 3196 2320 3196 3245 3828 224 1064 448 807 1141 1457 0 922 1839 855 729 1217 2040 400 782 1020 922 566 1415 1844 1839 1803 2100 361 807 1361 949 1141 2194 825 4394 4754 2916 4402 4402 4739 5100 4623 4730 4149 4300 3089 3985 3037 2885 4478 4786 2802 3362 2693 3414 3759 4505 3329 3270 2642 3343 2861 3636 5216 4615 3302 3406 4561 5025 3489 4523 4793 3270 3864 1221 3957 4771 2089 1566 3774 3737 2062 2100 3466 
1000000 1000000 1000000 1000000 1000000 1000000 1000000 1000000 1000000 1000000 3314 2285 2452 1700 3406 2913 2700 2452 1900 2880 1825 2532 2320 2721 1839 3570 2808 3400 2702 2786 2320 3047 1703 2237 3722 2808 2185 2808 2658 3424 1000 906 1253 283 900 539 922 0 944 849 1422 500 1119 539 566 100 400 782 807 1082 1205 1000 1217 708 283 448 100 1119 1556 100 3613 3849 2062 3493 3493 3821 4220 3819 3808 3229 3406 2221 3068 2119 2052 3606 3895 1980 2500 1789 2502 2885 3600 2484 2371 1781 2550 2052 2781 4361 3745 2403 2625 3749 4162 2608 3688 3892 2371 2943 906 3606 3921 1361 708 3196 3402 1304 1217 2746 
1000000 1000000 1000000 1000000 1000000 1000000 1000000 1000000 1000000 1000000 3009 2335 1924 1443 2962 2802 2341 2303 1613 2843 1393 2333 2110 2641 1921 3002 2377 3009 2377 2766 2110 2335 1390 1747 3225 2377 2127 2377 2003 2928 1869 1665 2196 1045 1613 425 1839 944 0 1404 2361 1030 425 1477 1205 861 1205 1703 762 1105 1400 361 807 1553 1045 500 895 1887 1628 1030 2721 2916 1132 2564 2564 3002 3276 2907 2928 2335 2693 1281 2159 1217 1141 2663 2953 1082 1563 855 1747 1942 2845 1556 1432 849 1665 1167 1844 3421 2802 1709 1750 2832 3221 1665 2759 2955 1432 2100 1566 3158 2984 1335 300 2518 2984 609 807 1932 
1000000 1000000 1000000 1000000 1000000 1000000 1000000 1000000 1000000 1000000 2717 1530 2110 1253 2913 2210 2185 1803 1432 2138 1500 1911 1727 2010 1105 3179 2341 2864 2159 2040 1727 2843 1304 1887 3258 2341 1500 2341 2421 2974 722 1582 1300 566 1616 1171 855 849 1404 0 1582 1346 1747 807 283 922 1167 1205 729 1921 2052 1217 1970 510 566 1078 782 1747 2405 782 3662 4221 2309 3884 3884 4405 4495 3912 4311 3713 4080 2500 3523 2602 2248 3863 4206 2155 2752 2210 3141 3163 4243 2693 2746 2062 2642 2194 3009 4562 3993 3081 2693 3859 4387 2913 3848 4245 2746 3502 1656 3105 4115 2203 1105 2942 2887 1393 1970 2702 
1000000 1000000 1000000 1000000 1000000 1000000 1000000 1000000 1000000 1000000 4276 3007 3668 2824 4493 3713 3765 3355 3009 3602 3042 3472 3299 3513 2631 4754 3922 4439 3737 3502 3299 4357 2864 3444 4839 3922 3042 3922 3945 4555 906 1000 300 1422 1100 1942 729 1422 2361 1582 0 1487 2460 922 1477 1500 1209 671 2081 2023 1900 2405 2405 1078 1422 1861 1487 922 2210 1346 5021 5236 3483 4877 4877 5070 5631 5235 5127 4570 4555 3641 4429 3489 3472 5022 5300 3398 3921 3191 3737 4302 4786 3906 3774 3202 3960 3466 4202 5781 5162 3591 4032 5167 5581 4023 5109 5284 3774 4238 1200 4685 5342 2203 2127 4478 4465 2691 2405 4124 
1000000 1000000 1000000 1000000 1000000 1000000 1000000 1000000 1000000 1000000 3749 2774 2808 2122 3802 3384 3115 2913 2320 3362 2200 2984 2766 3196 2326 3921 3202 3812 3126 3270 2766 3325 2110 2602 4102 3202 2658 3202 2962 3802 1361 641 1415 782 584 633 1217 500 1030 1346 1487 0 1000 825 1064 448 300 825 1217 633 708 1237 922 1119 782 609 584 861 1064 566 3745 3774 2141 3414 3414 3591 4202 3921 3641 3088 3107 2268 2953 2025 2164 3613 3861 2110 2550 1770 2257 2900 3325 2562 2344 1861 2693 2196 2832 4387 3754 2122 2779 3842 4178 2618 3754 3828 2344 2752 539 4002 3960 895 922 3493 3806 1553 922 2955 
1000000 1000000 1000000 1000000 1000000 1000000 1000000 1000000 1000000 1000000 3402 2759 2281 1861 3325 3221 2732 2721 2025 3265 1789 2746 2524 3062 2344 3325 2752 3384 2774 3190 2524 2602 1803 2119 3570 2752 2550 2752 2309 3276 2110 1628 2341 1300 1556 600 2040 1119 425 1747 2460 1000 0 1650 1514 1020 1253 1789 1167 825 1141 782 413 1803 1300 700 1105 1839 1300 1217 2818 2779 1209 2419 2419 2708 3202 2969 2693 2119 2335 1304 1970 1030 1265 2618 2861 1237 1582 782 1404 1911 2508 1613 1346 949 1803 1335 1861 3395 2759 1335 1898 2885 3183 1628 2781 2831 1346 1825 1487 3518 2974 1000 671 2800 3353 985 413 2138 
1000000 1000000 1000000 1000000 1000000 1000000 1000000 1000000 1000000 1000000 3506 2335 2786 1965 3668 3015 2943 2600 2159 2943 2155 2702 2508 2817 1911 3890 3081 3635 2928 2845 2508 3449 1993 2564 4003 3081 2303 3081 3042 3711 539 807 722 500 861 1078 400 539 1477 807 922 825 1650 0 609 633 539 400 1167 1457 1477 1487 1700 361 500 985 584 949 1836 448 4102 4387 2581 4032 4032 4342 4751 4319 4342 3765 3900 2746 3606 2658 2562 4135 4430 2484 3024 2326 3015 3414 4105 3000 2907 2303 3042 2550 3302 4883 4273 2902 3112 4253 4688 3139 4202 4429 2907 3472 922 3864 4441 1709 1221 3578 3650 1770 1700 3202 
1000000 1000000 1000000 1000000 1000000 1000000 1000000 1000000 1000000 1000000 2902 1773 2194 1361 3060 2434 2335 2003 1553 2377 1566 2100 1903 2237 1335 3290 2474 3027 2320 2281 1903 2885 1393 1970 3396 2474 1712 2474 2470 3105 722 1335 1221 283 1361 922 782 566 1205 283 1477 1064 1514 609 0 641 895 1005 641 1641 1770 1078 1709 425 283 825 500 1514 2122 500 3624 4081 2194 3737 3737 4200 4387 3861 4131 3536 3848 2377 3355 2419 2148 3758 4086 2060 2641 2040 2916 3047 4020 2595 2597 1932 2581 2110 2907 4478 3892 2845 2641 3802 4295 2786 3774 4111 2597 3302 1393 3256 4032 1921 906 3002 3042 1304 1709 2688 
1000000 1000000 1000000 1000000 1000000 1000000 1000000 1000000 1000000 1000000 3325 2326 2434 1703 3402 2942 2702 2474 1903 2916 1812 2550 2335 2752 1879 3552 2802 3402 2708 2824 2335 3009 1700 2221 3713 2802 2214 2802 2625 3414 1100 922 1342 361 906 448 1020 100 861 922 1500 448 1020 633 641 0 413 849 800 1000 1141 944 1119 807 361 361 142 1141 1487 200 3547 3758 1985 3402 3402 3722 4135 3749 3711 3133 3307 2141 2974 2025 1980 3523 3808 1911 2421 1700 2403 2802 3500 2409 2283 1703 2484 1985 2702 4281 3662 2303 2562 3677 4081 2524 3613 3802 2283 2845 900 3602 3842 1281 641 3163 3400 1253 1119 2693 
1000000 1000000 1000000 1000000 1000000 1000000 1000000 1000000 1000000 1000000 3713 2658 2845 2100 3806 3299 3100 2845 2300 3258 2221 2928 2717 3105 2214 3963 3207 3800 3102 3163 2717 3418 2103 2631 4120 3207 2571 3207 3037 3821 1078 510 1119 633 500 782 922 400 1205 1167 1209 300 1253 539 895 413 0 539 1205 922 944 1342 1217 861 633 722 500 729 1304 413 3921 4032 2335 3672 3672 3884 4441 4111 3922 3362 3406 2476 3221 2283 2344 3842 4105 2281 2759 2000 2550 3125 3623 2759 2581 2052 2861 2361 3042 4610 3983 2419 2942 4037 4405 2843 3960 4082 2581 3037 510 4005 4178 1171 1030 3574 3802 1656 1217 3089 
1000000 1000000 1000000 1000000 1000000 1000000 1000000 1000000 1000000 1000000 3906 2730 3163 2354 4061 3414 3338 3000 2550 3338 2530 3102 2907 3215 2309 4273 3472 4032 3325 3239 2907 3802 2377 2942 4394 3472 2702 3472 3402 4100 782 500 600 855 584 1281 566 782 1703 1205 671 825 1789 400 1005 849 539 0 1524 1400 1335 1781 1747 729 855 1205 861 584 1677 722 4394 4566 2832 4206 4206 4415 4965 4597 4460 3900 3921 2984 3758 2818 2829 4361 4633 2759 3265 2524 3081 3641 4144 3256 3107 2550 3331 2832 3547 5123 4500 2943 3406 4526 4921 3361 4460 4615 3107 3574 671 4258 4687 1613 1487 3940 4045 2081 1747 3523 
1000000 1000000 1000000 1000000 1000000 1000000 1000000 1000000 1000000 1000000 2532 1641 1650 906 2602 2194 1903 1709 1105 2196 1020 1773 1553 2013 1205 2766 2003 2602 1911 2110 1553 2283 900 1432 2916 2003 1477 2003 1879 2618 1361 1712 1844 671 1703 722 1415 807 762 729 2081 1217 1167 1167 641 800 1205 1524 0 1613 1839 500 1487 1064 671 671 708 1924 2148 825 2984 3493 1582 3158 3158 3722 3770 3221 3602 3002 3449 1773 2808 1903 1524 3139 3479 1432 2025 1500 2500 2436 3591 1970 2023 1335 1942 1477 2285 3848 3270 2470 2000 3163 3668 2185 3139 3518 2023 2817 1700 2802 3400 1887 500 2417 2600 671 1487 2052 
1000000 1000000 1000000 1000000 1000000 1000000 1000000 1000000 1000000 1000000 4081 3245 3027 2470 4061 3802 3421 3311 2658 3808 2474 3362 3139 3624 2802 4105 3472 4100 3449 3722 3139 3414 2436 2845 4329 3472 3089 3472 3100 4032 1993 1045 2000 1361 949 895 1844 1082 1105 1921 2023 633 825 1457 1641 1000 922 1400 1613 0 317 1432 500 1747 1361 944 1141 1209 539 1167 3625 3406 2025 3048 3048 3068 3890 3759 3177 2663 2532 2103 2562 1703 2089 3343 3536 2062 2371 1566 1747 2663 2766 2417 2081 1773 2625 2159 2642 4124 3483 1582 2721 3672 3906 2386 3552 3472 2081 2283 855 4258 3721 283 1171 3606 4080 1712 500 2962 
1000000 1000000 1000000 1000000 1000000 1000000 1000000 1000000 1000000 1000000 4342 3449 3314 2721 4342 4032 3688 3547 2913 4025 2746 3606 3384 3849 3002 4402 3749 4374 3711 3936 3384 3722 2693 3126 4618 3749 3311 3749 3402 4319 2013 900 1924 1487 800 1141 1839 1205 1400 2052 1900 708 1141 1477 1770 1141 944 1335 1839 317 0 1712 807 1803 1487 1171 1281 1020 361 1273 3940 3680 2341 3325 3325 3270 4178 4071 3414 2921 2693 2417 2832 2000 2405 3641 3821 2377 2684 1879 1973 2969 2942 2732 2386 2089 2942 2474 2953 4421 3781 1789 3037 3983 4202 2693 3859 3749 2386 2524 700 4540 4023 317 1432 3912 4357 2003 807 3276 
1000000 1000000 1000000 1000000 1000000 1000000 1000000 1000000 1000000 1000000 2658 1985 1604 1082 2631 2442 1993 1942 1253 2484 1045 1973 1750 2281 1582 2702 2040 2669 2025 2409 1750 2089 1030 1415 2907 2040 1770 2040 1727 2608 1789 1839 2203 1000 1803 609 1803 1000 361 1217 2405 1237 782 1487 1078 944 1342 1781 500 1432 1712 0 1167 1477 1000 633 922 2062 1965 1064 2618 3009 1119 2669 2669 3225 3311 2832 3102 2502 2974 1300 2309 1404 1082 2684 3009 1000 1566 1000 2025 1970 3105 1527 1530 855 1556 1064 1836 3414 2818 2013 1628 2766 3225 1709 2721 3037 1530 2320 1773 2829 2969 1677 317 2257 2648 317 1167 1750 
1000000 1000000 1000000 1000000 1000000 1000000 1000000 1000000 1000000 1000000 3808 3115 2693 2248 3737 3606 3139 3107 2419 3641 2194 3139 2916 3441 2688 3734 3163 3795 3179 3561 2916 3000 2196 2530 3982 3163 2921 3163 2717 3688 2210 1477 2335 1457 1390 807 2100 1217 807 1970 2405 922 413 1700 1709 1119 1217 1747 1487 500 807 1167 0 1924 1457 895 1237 1665 906 1316 3139 2921 1553 2562 2562 2669 3395 3265 2732 2196 2200 1616 2081 1205 1628 2843 3042 1613 1879 1078 1335 2164 2409 1932 1582 1316 2159 1712 2148 3624 2984 1205 2257 3177 3406 1887 3053 2984 1582 1839 1304 3930 3221 609 990 3202 3765 1393 0 2518 
1000000 1000000 1000000 1000000 1000000 1000000 1000000 1000000 1000000 1000000 3225 2010 2595 1747 3421 2702 2693 2309 1932 2618 1973 2419 2237 2502 1600 3677 2847 3374 2669 2518 2237 3302 1789 2371 3765 2847 2003 2847 2885 3479 317 1167 807 510 1221 1205 361 708 1553 510 1078 1119 1803 361 425 807 861 729 1064 1747 1803 1477 1924 0 510 1105 700 1300 2164 609 4046 4460 2595 4111 4111 4510 4786 4281 4473 3884 4111 2774 3711 2766 2556 4160 4478 2470 3042 2405 3200 3444 4302 3002 2974 2326 3000 2524 3313 4888 4295 3107 3062 4221 4702 3179 4189 4495 2974 3623 1281 3614 4442 2013 1265 3414 3396 1721 1924 3112 
