NAME : 100-10-1-i
TYPE : ATSP
DIMENSION : 120
EDGE_WEIGHT_TYPE : EXPLICIT
EDGE_WEIGHT_FORMAT : FULL_MATRIX
EDGE_WEIGHT_SECTION
1000000 1000000 1000000 1000000 1000000 1000000 1000000 1000000 1000000 1000000 2974 3081 2708 2508 2000 4623 425 2824 3623 2702 5163 3766 1205 2581 1747 1045 500 4605 3570 3967 5781 4810 3355 4206 4120 4120 4739 4528 4319 2203 3062 5523 4361 2887 2474 3400 3800 1712 2721 3963 3606 566 4764 2484 1932 2597 1709 2916 807 1803 4012 1825 3833 2281 5383 4952 6061 4111 3009 2802 4258 708 2802 4702 3225 2808 1477 4104 2866 4319 729 4002 3253 4562 3960 5241 3125 4160 2010 2119 4264 3202 3107 3068 4742 3139 2532 2500 1030 5190 2194 4925 4302 4880 2377 4867 4429 4921 3711 4478 0 1000000 1000000 1000000 1000000 1000000 1000000 1000000 1000000 1000000 
1000000 1000000 1000000 1000000 1000000 1000000 1000000 1000000 1000000 1000000 849 3042 3384 2500 2127 1316 3362 944 4295 3479 2023 949 2693 1304 3802 3749 3270 2341 906 609 3002 4456 1005 3190 3906 4549 5061 1727 1316 2003 1700 2518 2062 4273 1415 400 4050 2203 1898 3547 2843 3985 2138 1500 4105 4198 2060 861 3906 2194 1432 2062 4478 1613 2817 1812 3215 1141 4397 3512 3749 4439 1932 4528 4124 3418 2717 1265 922 1316 3042 1616 1304 2866 1342 1965 1613 425 3623 2730 1105 1514 3900 2730 2864 641 1500 1346 4439 3325 4319 3941 4264 1803 4061 4124 671 1487 4743 2969 1000000 0 1000000 1000000 1000000 1000000 1000000 1000000 1000000 1000000 
1000000 1000000 1000000 1000000 1000000 1000000 1000000 1000000 1000000 1000000 4764 1924 2040 2684 5190 4205 4429 4561 1119 2023 4053 5587 3930 3941 3007 3702 4441 2942 5449 4302 3702 510 5391 1656 849 633 400 3585 3848 3400 3115 3946 3047 1965 4855 4456 922 4885 3081 1205 1911 4305 3353 3745 2943 2257 4478 4623 4005 5016 6083 4834 949 3859 3314 4017 3902 3859 1898 1924 1030 4826 3000 300 1514 1942 3518 3722 4264 3848 4590 6229 3466 2281 3552 4273 3183 4802 2700 2847 4032 5721 1600 2164 2452 4676 5078 4771 4258 2400 2790 1304 500 3922 2434 1005 5048 4439 1304 2089 1000000 1000000 0 1000000 1000000 1000000 1000000 1000000 1000000 1000000 
1000000 1000000 1000000 1000000 1000000 1000000 1000000 1000000 1000000 1000000 1500 1443 1773 906 2203 1839 2484 1304 2693 1869 2281 2344 1703 729 2354 2506 2421 1747 2194 1400 2885 3053 2127 1898 2421 2984 3536 1628 1477 708 200 2618 1477 2669 1677 1253 2484 2010 300 2081 1390 2921 1861 600 2631 2618 1628 1361 2746 2103 2832 1903 2885 807 2506 2081 3163 1300 2790 1898 2333 3472 317 3081 2508 1803 1500 1253 1000 1477 2333 2970 413 1903 1082 2386 224 1825 2110 1217 1487 2470 2285 1141 2023 1415 1898 1582 3276 2518 2808 2721 2766 2000 2502 2824 2122 2155 3131 1903 1000000 1000000 1000000 0 1000000 1000000 1000000 1000000 1000000 1000000 
1000000 1000000 1000000 1000000 1000000 1000000 1000000 1000000 1000000 1000000 1524 1566 1628 807 1709 2556 1703 1300 2691 1703 3048 2470 922 708 1803 1803 1641 2506 2285 1993 3662 3384 2148 2403 2693 3081 3690 2405 2221 100 944 3398 2248 2419 1415 1600 2608 1432 633 2405 1812 2164 2641 500 2110 2285 1020 1393 2013 1553 2907 1361 2907 448 3276 2843 3941 2025 2556 1770 2693 2702 729 3362 2409 1698 762 2000 1119 2221 1566 3002 1141 2571 1844 3141 1000 2320 1650 807 2196 2344 2194 1361 2721 1553 1628 1346 2550 3202 2335 3215 2997 2766 2119 3256 2618 2866 3048 2532 1000000 1000000 1000000 1000000 0 1000000 1000000 1000000 1000000 1000000 
1000000 1000000 1000000 1000000 1000000 1000000 1000000 1000000 1000000 1000000 2608 1869 1500 1361 2164 3802 906 2403 2474 1504 4244 3536 671 1924 782 539 922 3539 3338 3258 4739 3602 3158 3009 2907 2962 3591 3581 3449 1300 2081 4546 3325 1836 2281 2829 2608 1803 1721 2746 2417 1000 3754 1747 1082 1582 1524 2502 782 1942 3906 1836 2693 1613 4319 4050 5021 3265 1973 1604 3042 1582 1781 3502 2089 1600 510 3225 2309 3449 1119 3957 2371 3414 3053 4357 2164 3570 895 944 3444 3196 1942 1879 3606 2700 2436 2257 1304 4032 1361 3711 3102 3967 1361 3650 3864 4115 2641 3313 1000000 1000000 1000000 1000000 1000000 0 1000000 1000000 1000000 1000000 
1000000 1000000 1000000 1000000 1000000 1000000 1000000 1000000 1000000 1000000 807 3561 3680 2832 922 2790 2602 949 4739 3754 3493 944 2214 1527 3625 3299 2502 3613 782 2040 4441 5284 566 4124 4633 5109 5701 3107 2717 2122 2417 3982 3314 4441 641 1404 4623 1200 2386 4305 3624 3307 3502 1721 3940 4273 1361 922 3338 1105 1105 1105 4952 1628 4205 3276 4670 2508 4581 3821 4566 3613 2470 5300 4460 3749 2460 2602 1265 2717 2200 1105 2185 4003 2602 3449 2377 1879 3585 2843 2532 317 4245 3302 4061 1000 448 708 3812 4555 4205 4940 4965 3256 4082 5057 2025 2974 5100 4053 1000000 1000000 1000000 1000000 1000000 1000000 0 1000000 1000000 1000000 
1000000 1000000 1000000 1000000 1000000 1000000 1000000 1000000 1000000 1000000 2155 1300 1825 1221 3000 1604 3191 1993 2474 1924 1803 2861 2419 1504 2730 3048 3139 1000 2746 1527 2194 2476 2730 1221 1942 2641 3107 1141 1205 1432 609 2025 782 2708 2434 1721 2155 2817 895 1582 895 3539 1221 1404 2955 2746 2434 2025 3325 2907 3361 2708 2625 1613 1781 1650 2476 1141 2802 1911 1770 4111 807 2550 2409 1812 2141 1020 1677 1205 3088 3523 762 1100 825 1965 600 2025 2417 1641 1335 3139 2203 1005 1217 2013 2648 2335 3829 1712 3068 2013 2303 1553 2693 2164 2283 1900 2962 1119 1000000 1000000 1000000 1000000 1000000 1000000 1000000 0 1000000 1000000 
1000000 1000000 1000000 1000000 1000000 1000000 1000000 1000000 1000000 1000000 1030 2774 2781 2013 510 2942 1613 922 3861 2843 3585 1812 1171 1020 2595 2257 1514 3374 1613 2203 4402 4589 1404 3552 3900 4273 4888 3047 2730 1300 1900 4025 3081 3472 510 1556 3808 361 1727 3606 2984 2303 3384 1100 2907 3281 317 1000 2309 413 2110 224 4081 906 4081 3362 4662 2506 3613 2921 3890 2669 1825 4570 3547 2861 1443 2550 1082 2730 1237 2138 1844 3602 2470 3606 1903 2281 2581 1921 2608 1361 3343 2564 3713 1221 609 539 2800 4211 3177 4374 4205 3313 3081 4439 2524 3202 4178 3602 1000000 1000000 1000000 1000000 1000000 1000000 1000000 1000000 0 1000000 
1000000 1000000 1000000 1000000 1000000 1000000 1000000 1000000 1000000 1000000 2974 3202 3765 3177 4205 922 4950 2955 4205 3861 224 3102 4173 2861 4696 4965 4880 1200 3115 1677 855 3641 3239 2508 3414 4211 4492 861 1082 3190 2361 317 1237 4610 3493 2341 3800 4168 2721 3102 2631 5404 807 2907 4925 4685 3884 2916 5221 4206 3506 4032 4300 3125 922 448 1005 1304 4688 3833 3126 5955 2663 3808 4243 3737 3983 1281 2730 1082 4751 3706 2122 1825 1415 317 2281 1903 4387 3585 1209 3749 4061 2942 1650 2752 3641 3402 5743 1836 5033 2880 3734 500 4649 3163 1911 807 4705 2023 1000000 1000000 1000000 1000000 1000000 1000000 1000000 1000000 1000000 0 
1000000 1000000 1000000 1000000 1000000 1000000 1000000 1000000 1000000 1000000 0 2900 3107 2221 1281 2062 2597 224 4124 3191 2752 949 2003 861 3276 3100 2500 2808 762 1300 3668 4549 641 3355 3921 4456 5025 2320 1942 1566 1665 3229 2508 3936 566 633 3960 1361 1698 3581 2885 3256 2708 1082 3591 3808 1265 142 3215 1346 1390 1221 4328 1078 3414 2530 3906 1727 4071 3245 3828 3669 1770 4581 3884 3163 2122 1812 500 1942 2248 1500 1393 3202 1800 2732 1613 1273 3163 2326 1773 985 3662 2618 3256 224 671 500 3734 3749 3833 4163 4264 2500 3641 4295 1500 2283 4523 3258 2974 849 4764 1500 1524 2608 807 2155 1030 2974 
1000000 1000000 1000000 1000000 1000000 1000000 1000000 1000000 1000000 1000000 2900 0 584 762 3270 2902 2730 2688 1253 671 3060 3781 2103 2052 1703 2237 2717 2062 3624 2721 3225 1844 3539 1167 1141 1556 2141 2419 2502 1477 1342 3196 1965 1415 2942 2693 1064 2974 1205 900 641 2824 2405 1844 1844 1487 2564 2759 2550 3102 4264 2916 1443 1942 2779 2928 3499 2419 1504 633 1200 3402 1141 1803 1119 539 1700 2309 2409 2502 2800 4394 1747 1703 2110 3239 1432 3196 1346 1000 2618 3829 906 317 1921 2843 3163 2861 2969 2268 1887 1844 1432 2829 1477 1803 3479 3200 1709 1556 3081 3042 1924 1443 1566 1869 3561 1300 2774 3202 
1000000 1000000 1000000 1000000 1000000 1000000 1000000 1000000 1000000 1000000 3107 584 0 895 3245 3406 2403 2885 1082 100 3614 4032 1898 2248 1167 1773 2409 2641 3859 3141 3808 2103 3745 1703 1415 1524 2155 2962 3007 1563 1727 3770 2530 906 3042 3009 1119 2916 1487 1300 1221 2377 2974 2025 1273 922 2524 2969 2089 3053 4495 2885 1304 2062 3362 3472 4082 2900 1020 142 1582 2942 1457 2003 782 100 1487 2802 2642 3007 2550 4605 2138 2281 2602 3786 1825 3591 807 861 3100 3970 566 825 2500 3089 3253 2974 2460 2829 1304 2285 1604 3374 895 2185 3884 3713 1422 2127 2708 3384 2040 1773 1628 1500 3680 1825 2781 3765 
1000000 1000000 1000000 1000000 1000000 1000000 1000000 1000000 1000000 1000000 2221 762 895 0 2508 2669 2119 2000 1911 985 2997 3139 1415 1361 1524 1839 2089 2194 2969 2303 3398 2597 2861 1727 1898 2281 2885 2326 2281 722 906 3245 2000 1773 2203 2119 1803 2214 609 1628 1119 2361 2442 1141 1773 1712 1803 2081 2127 2341 3606 2155 2122 1205 2970 2824 3680 2138 1898 1030 1924 2942 600 2564 1665 944 1045 2062 1750 2281 2122 3721 1300 2060 1869 3139 1005 2730 1237 425 2335 3112 1443 600 2248 2196 2421 2127 2618 2684 1924 2502 2194 2732 1600 2508 3027 2984 2303 1970 2508 2500 2684 906 807 1361 2832 1221 2013 3177 
1000000 1000000 1000000 1000000 1000000 1000000 1000000 1000000 1000000 1000000 1281 3270 3245 2508 0 3313 1727 1253 4327 3302 3982 1839 1500 1504 2942 2508 1628 3848 1656 2556 4839 5093 1432 4061 4402 4751 5372 3479 3139 1803 2403 4439 3552 3890 722 1887 4295 361 2237 4111 3493 2434 3833 1604 3245 3680 722 1304 2500 224 2023 361 4549 1415 4536 3758 5093 2916 4032 3384 4397 2702 2335 5070 4000 3329 1839 2974 1487 3139 1316 2003 2320 4100 2913 3983 2400 2550 2974 2386 2997 1205 3802 3068 4205 1500 641 807 2943 4705 3523 4884 4702 3717 3472 4948 2759 3552 4623 4105 2000 2127 5190 2203 1709 2164 922 3000 510 4205 
1000000 1000000 1000000 1000000 1000000 1000000 1000000 1000000 1000000 1000000 2062 2902 3406 2669 3313 0 4202 2060 4061 3506 708 2203 3441 2052 4177 4339 4124 1346 2203 762 1703 3808 2320 2550 3418 4177 4570 641 400 2506 1773 1205 1167 4302 2595 1432 3711 3302 2119 3068 2452 4717 1000 2141 4439 4319 3048 2013 4566 3329 2631 3163 4198 2344 1582 500 1903 539 4400 3502 3179 5244 2089 3936 4012 3402 3313 609 1861 400 3963 2829 1432 2000 807 671 1677 1005 3906 3037 361 2829 3806 2600 1911 1839 2732 2506 5100 2281 4590 3141 3770 510 4243 3384 1078 317 4555 2164 4623 1316 4205 1839 2556 3802 2790 1604 2942 922 
1000000 1000000 1000000 1000000 1000000 1000000 1000000 1000000 1000000 1000000 2597 2730 2403 2119 1727 4202 0 2436 3374 2409 4739 3424 782 2164 1566 922 100 4189 3225 3552 5361 4500 3015 3833 3802 3864 4492 4104 3895 1781 2641 5100 3941 2693 2122 2997 3513 1404 2303 3623 3229 708 4342 2062 1803 2417 1335 2530 807 1514 3700 1500 3591 1861 4965 4528 5641 3688 2824 2508 3921 1078 2386 4405 2984 2502 1078 3680 2460 3895 413 3706 2829 4163 3536 4817 2702 3758 1773 1747 3842 2907 2845 2693 4339 2752 2203 2138 1217 4793 2081 4571 4005 4456 2194 4528 4032 4500 3512 4086 425 3362 4429 2484 1703 906 2602 3191 1613 4950 
1000000 1000000 1000000 1000000 1000000 1000000 1000000 1000000 1000000 1000000 224 2688 2885 2000 1253 2060 2436 0 3906 2969 2732 1171 1812 641 3060 2902 2341 2700 985 1304 3614 4357 861 3179 3721 4243 4817 2257 1898 1342 1477 3196 2400 3713 539 641 3749 1273 1487 3384 2693 3081 2631 861 3374 3585 1119 100 3027 1281 1613 1132 4111 855 3338 2508 3861 1677 3848 3024 3636 3512 1563 4383 3662 2942 1911 1747 317 1898 2103 1721 1237 3060 1712 2730 1432 1361 2942 2103 1747 1167 3441 2409 3126 317 708 448 3552 3623 3614 3993 4061 2470 3418 4115 1613 2303 4302 3105 2824 944 4561 1304 1300 2403 949 1993 922 2955 
1000000 1000000 1000000 1000000 1000000 1000000 1000000 1000000 1000000 1000000 4124 1253 1082 1911 4327 4061 3374 3906 0 1030 4100 5022 2955 3265 1900 2602 3396 3007 4861 3957 4027 1390 4764 1747 944 500 1119 3513 3668 2618 2595 4131 3002 855 4104 3945 448 3997 2442 1141 1613 3200 3402 3048 1825 1141 3606 3983 2900 4135 5500 3967 224 3112 3591 4005 4273 3614 807 944 1253 3713 2386 1209 400 1000 2550 3493 3641 3668 3574 5623 2997 2452 3299 4302 2684 4439 1613 1942 3808 5021 539 1566 2669 4081 4319 4032 3141 2824 1677 1921 861 3906 1316 1698 4717 4342 500 2257 3623 4295 1119 2693 2691 2474 4739 2474 3861 4205 
1000000 1000000 1000000 1000000 1000000 1000000 1000000 1000000 1000000 1000000 3191 671 100 985 3302 3506 2409 2969 1030 0 3711 4119 1932 2333 1119 1747 2419 2732 3945 3239 3895 2110 3828 1770 1432 1487 2119 3060 3107 1641 1825 3863 2625 807 3115 3102 1105 2969 1582 1342 1304 2354 3068 2110 1205 825 2581 3053 2062 3107 4580 2942 1253 2141 3449 3570 4168 3000 922 100 1616 2913 1553 2000 708 142 1524 2902 2730 3107 2571 4688 2237 2361 2702 3884 1924 3688 762 922 3200 4046 500 922 2581 3177 3325 3048 2417 2900 1221 2326 1600 3472 807 2214 3982 3812 1346 2203 2702 3479 2023 1869 1703 1504 3754 1924 2843 3861 
1000000 1000000 1000000 1000000 1000000 1000000 1000000 1000000 1000000 1000000 2752 3060 3614 2997 3982 708 4739 2732 4100 3711 0 2900 3963 2641 4519 4771 4667 1119 2907 1457 1020 3606 3027 2434 3338 4131 4439 671 861 2984 2164 500 1105 4473 3270 2119 3706 3945 2524 3015 2508 5201 708 2691 4754 4536 3662 2693 5022 3983 3314 3808 4205 2907 1000 224 1200 1082 4555 3688 3060 5749 2470 3765 4120 3591 3781 1064 2506 861 4535 3513 1911 1773 1205 224 2081 1700 4216 3400 985 3536 3932 2790 1616 2530 3418 3179 5548 1861 4871 2864 3668 283 4493 3139 1727 633 4600 1965 5163 2023 4053 2281 3048 4244 3493 1803 3585 224 
1000000 1000000 1000000 1000000 1000000 1000000 1000000 1000000 1000000 1000000 949 3781 4032 3139 1839 2203 3424 1171 5022 4119 2900 0 2907 1789 4221 4012 3325 3290 200 1553 3906 5327 413 4081 4739 5327 5873 2669 2257 2508 2476 3400 3009 4876 1304 1141 4828 2062 2581 4387 3680 4111 3081 2013 4536 4754 2103 1078 4100 1993 500 1942 5221 2025 3749 2702 4100 2089 5009 4168 4610 4473 2641 5382 4803 4082 3060 2214 1390 2257 3042 671 2127 3802 2285 2808 2405 1200 4111 3270 2040 782 4580 3483 3808 944 1237 1300 4605 4273 4781 4855 5092 2708 4589 5022 1237 2309 5438 3895 3766 949 5587 2344 2470 3536 944 2861 1812 3102 
1000000 1000000 1000000 1000000 1000000 1000000 1000000 1000000 1000000 1000000 2003 2103 1898 1415 1500 3441 782 1812 2955 1932 3963 2907 0 1432 1443 1105 722 3414 2708 2818 4581 3932 2518 3141 3225 3418 4050 3325 3125 1000 1861 4319 3163 2421 1628 2309 3009 1141 1527 3002 2532 1300 3561 1304 1750 2194 855 1911 1217 1281 3256 1167 3179 1119 4189 3754 4861 2921 2562 2025 3302 1803 1613 3864 2595 1993 413 2907 1773 3125 708 3299 2052 3418 2759 4046 1921 3068 1487 1105 3081 2530 2417 2010 3585 2122 1773 1613 1747 4050 2025 3912 3472 3680 1980 3900 3353 3745 3191 3353 1205 2693 3930 1703 922 671 2214 2419 1171 4173 
1000000 1000000 1000000 1000000 1000000 1000000 1000000 1000000 1000000 1000000 861 2052 2248 1361 1504 2052 2164 641 3265 2333 2641 1789 1432 0 2508 2452 2081 2354 1613 1390 3402 3759 1500 2625 3107 3607 4187 2060 1781 729 922 3053 2062 3088 949 906 3115 1361 861 2779 2103 2732 2377 224 2817 2974 1030 722 2625 1432 2248 1237 3472 317 3068 2421 3668 1563 3221 2386 3042 3225 944 3774 3024 2303 1415 1582 413 1781 1911 2361 825 2602 1477 2691 906 1650 2354 1487 1698 1781 2802 1781 2702 855 1171 855 3163 3202 3042 3449 3441 2361 2817 3547 1942 2344 3662 2618 2581 1304 3941 729 708 1924 1527 1504 1020 2861 
1000000 1000000 1000000 1000000 1000000 1000000 1000000 1000000 1000000 1000000 3276 1703 1167 1524 2942 4177 1566 3060 1900 1119 4519 4221 1443 2508 0 708 1613 3662 4027 3734 4861 3179 3861 2861 2530 2400 3007 3849 3795 1800 2405 4751 3499 1141 3009 3402 2138 2581 2062 2460 2335 1300 3945 2303 317 855 2283 3158 1000 2721 4618 2608 2103 2221 4421 4347 5141 3641 1265 1209 2732 1825 2089 3042 1500 1253 1171 3574 2916 3795 1861 4682 2766 3395 3384 4662 2500 4105 361 1141 3833 3940 1415 1844 3607 3338 3179 2974 1300 3970 584 3444 2648 4255 633 3325 4405 4493 1965 3256 1747 3802 3007 2354 1803 782 3625 2730 2595 4696 
1000000 1000000 1000000 1000000 1000000 1000000 1000000 1000000 1000000 1000000 3100 2237 1773 1839 2508 4339 922 2902 2602 1747 4771 4012 1105 2452 708 0 990 4032 3812 3795 5235 3848 3623 3400 3179 3102 3713 4105 3983 1839 2608 5061 3829 1844 2730 3355 2817 2155 2248 3068 2831 609 4264 2281 895 1553 1942 3002 317 2285 4357 2214 2808 2138 4809 4580 5518 3802 1965 1844 3353 1171 2303 3722 2203 1869 1045 3759 2829 3983 1281 4394 2907 3861 3585 4888 2693 4100 1005 1415 3982 3614 2103 2303 4061 3207 2864 2717 782 4466 1167 4050 3325 4495 1335 3957 4394 4652 2669 3745 1045 3749 3702 2506 1803 539 3299 3048 2257 4965 
1000000 1000000 1000000 1000000 1000000 1000000 1000000 1000000 1000000 1000000 2500 2717 2409 2089 1628 4124 100 2341 3396 2419 4667 3325 722 2081 1613 990 0 4135 3126 3467 5301 4502 2916 3808 3800 3884 4513 4037 3821 1721 2581 5033 3884 2732 2023 2907 3523 1304 2248 3613 3202 807 4281 1985 1861 2460 1237 2436 895 1415 3600 1400 3614 1781 4910 4456 5581 3613 2864 2518 3912 1171 2333 4411 3009 2508 1045 3607 2371 3821 317 3606 2759 4124 3466 4743 2641 3668 1803 1727 3765 2808 2864 2669 4296 2658 2103 2040 1316 4754 2141 4555 4012 4385 2237 4518 3940 4421 3547 4050 500 3270 4441 2421 1641 922 2502 3139 1514 4880 
1000000 1000000 1000000 1000000 1000000 1000000 1000000 1000000 1000000 1000000 2808 2062 2641 2194 3848 1346 4189 2700 3007 2732 1119 3290 3414 2354 3662 4032 4135 0 3229 1747 1205 2508 3276 1316 2221 3015 3325 708 1082 2419 1566 1141 300 3449 3207 2237 2600 3711 1887 1903 1457 4535 413 2309 3859 3547 3353 2702 4314 3786 3770 3591 3100 2530 782 1078 1487 1209 3518 2693 1942 5109 1803 2658 3060 2600 3141 1078 2403 1082 4071 3957 1530 671 1020 1335 1524 2196 3329 2618 1304 3749 2887 1836 566 2618 3402 3107 4811 985 3936 1803 2550 985 3535 2060 2361 1527 3506 855 4605 2341 2942 1747 2506 3539 3613 1000 3374 1200 
1000000 1000000 1000000 1000000 1000000 1000000 1000000 1000000 1000000 1000000 762 3624 3859 2969 1656 2203 3225 985 4861 3945 2907 200 2708 1613 4027 3812 3126 3229 0 1514 3900 5201 224 3967 4602 5174 5729 2631 2221 2326 2335 3406 2942 4696 1105 1030 4676 1869 2421 4253 3547 3912 3042 1836 4342 4570 1903 895 3900 1803 641 1747 5061 1839 3722 2702 4105 2040 4831 3997 4483 4276 2484 5250 4633 3912 2864 2159 1221 2221 2845 782 2000 3717 2214 2829 2268 1217 3922 3088 2010 671 4411 3331 3734 782 1045 1100 4405 4206 4589 4751 4952 2700 4402 4910 1300 2335 5270 3802 3570 906 5449 2194 2285 3338 782 2746 1613 3115 
1000000 1000000 1000000 1000000 1000000 1000000 1000000 1000000 1000000 1000000 1300 2721 3141 2303 2556 762 3552 1304 3957 3239 1457 1553 2818 1390 3734 3795 3467 1747 1514 0 2409 3970 1600 2691 3467 4160 4633 1119 708 1965 1415 1942 1477 4045 1836 671 3668 2562 1700 3107 2419 4115 1530 1524 4020 4012 2335 1253 3993 2581 2025 2421 4124 1700 2210 1237 2631 539 4160 3256 3281 4615 1703 4061 3833 3158 2752 671 1132 708 3281 2214 1005 2303 782 1432 1316 500 3506 2608 500 2103 3614 2405 2283 1078 1970 1750 4532 2732 4205 3406 3828 1217 3902 3607 762 1000 4428 2421 3967 609 4302 1400 1993 3258 2040 1527 2203 1677 
1000000 1000000 1000000 1000000 1000000 1000000 1000000 1000000 1000000 1000000 3668 3225 3808 3398 4839 1703 5361 3614 4027 3895 1020 3906 4581 3402 4861 5235 5301 1205 3900 2409 0 3207 4005 2281 3141 3932 4102 1361 1727 3581 2721 539 1422 4570 4149 3042 3591 4754 3062 2887 2595 5732 1030 3400 5048 4696 4429 3591 5516 4811 4329 4624 4080 3624 448 1205 283 1942 4624 3848 2829 6304 2984 3402 4144 3759 4328 1869 3353 1727 5216 4528 2595 1582 1932 1171 2663 2708 4523 3821 1911 4510 3993 3024 1361 3453 4318 4053 6015 1304 5111 2409 3414 1200 4702 2708 2746 1650 4513 1773 5781 3002 3702 2885 3662 4739 4441 2194 4402 855 
1000000 1000000 1000000 1000000 1000000 1000000 1000000 1000000 1000000 1000000 4549 1844 2103 2597 5093 3808 4500 4357 1390 2110 3606 5327 3932 3759 3179 3848 4502 2508 5201 3970 3207 0 5162 1281 708 990 906 3177 3467 3290 2885 3472 2642 2237 4696 4187 1045 4809 2907 985 1665 4456 2916 3578 3163 2508 4397 4411 4160 4934 5826 4744 1281 3717 2829 3585 3400 3500 2196 2010 722 5001 2818 224 1747 2003 3523 3361 4050 3467 4618 5982 3202 1839 3202 3828 2942 4469 2845 2829 3662 5523 1773 2025 1993 4441 4920 4607 4465 1903 3047 800 539 3493 2658 500 4702 4025 1698 1656 4810 4456 510 3053 3384 3602 5284 2476 4589 3641 
1000000 1000000 1000000 1000000 1000000 1000000 1000000 1000000 1000000 1000000 641 3539 3745 2861 1432 2320 3015 861 4764 3828 3027 413 2518 1500 3861 3623 2916 3276 224 1600 4005 5162 0 3945 4546 5094 5659 2708 2303 2196 2281 3523 2984 4566 900 1045 4597 1650 2335 4202 3500 3706 3115 1721 4177 4429 1700 782 3702 1582 762 1530 4968 1700 3806 2817 4220 2110 4702 3884 4441 4061 2405 5201 4523 3802 2693 2221 1132 2303 2631 861 1973 3734 2257 2962 2221 1361 3770 2953 2100 510 4302 3253 3765 722 825 906 4202 4245 4428 4742 4892 2808 4255 4888 1477 2474 5162 3808 3355 1005 5391 2127 2148 3158 566 2730 1404 3239 
1000000 1000000 1000000 1000000 1000000 1000000 1000000 1000000 1000000 1000000 3355 1167 1703 1727 4061 2550 3833 3179 1747 1770 2434 4081 3141 2625 2861 3400 3808 1316 3967 2691 2281 1281 3945 0 906 1703 2025 1932 2196 2303 1709 2403 1393 2333 3574 2942 1316 3821 1825 609 609 3982 1727 2474 2974 2500 3414 3221 3713 3932 4581 3734 1812 2648 1844 2377 2530 2221 2371 1698 633 4562 1727 1390 1879 1628 2766 2081 2864 2196 3848 4744 1973 708 1921 2648 1747 3190 2500 2089 2386 4339 1750 1141 922 3225 3795 3479 4135 1141 2974 825 1237 2281 2550 944 3421 2786 2237 510 4206 3190 1656 1898 2403 3009 4124 1221 3552 2508 
1000000 1000000 1000000 1000000 1000000 1000000 1000000 1000000 1000000 1000000 3921 1141 1415 1898 4402 3418 3802 3721 944 1432 3338 4739 3225 3107 2530 3179 3800 2221 4602 3467 3141 708 4546 906 0 800 1167 2817 3047 2600 2268 3300 2281 1703 4032 3607 500 4111 2248 361 1064 3786 2631 2916 2550 1942 3700 3781 3493 4238 5235 4050 949 3042 2717 3276 3374 3042 1698 1335 317 4342 2164 671 1205 1316 2817 2907 3421 3047 3912 5382 2618 1600 2730 3552 2335 3967 2185 2122 3221 4883 1167 1342 1803 3829 4255 3945 3828 1898 2470 990 361 3179 2060 807 4220 3669 1393 1400 4120 3906 849 2421 2693 2907 4633 1942 3900 3414 
1000000 1000000 1000000 1000000 1000000 1000000 1000000 1000000 1000000 1000000 4456 1556 1524 2281 4751 4177 3864 4243 500 1487 4131 5327 3418 3607 2400 3102 3884 3015 5174 4160 3932 990 5094 1703 800 0 633 3591 3795 3000 2861 4100 3060 1335 4483 4221 500 4430 2759 1119 1747 3700 3424 3398 2320 1628 4032 4314 3400 4566 5814 4391 317 3483 3513 4061 4160 3770 1265 1393 1105 4211 2691 782 900 1432 3009 3641 3963 3795 4053 5947 3245 2400 3454 4342 2942 4653 2110 2371 3957 5382 1020 1844 2602 4394 4702 4405 3635 2669 2159 1656 539 3963 1812 1390 4920 4439 708 2200 4120 4549 633 2984 3081 2962 5109 2641 4273 4211 
1000000 1000000 1000000 1000000 1000000 1000000 1000000 1000000 1000000 1000000 5025 2141 2155 2885 5372 4570 4492 4817 1119 2119 4439 5873 4050 4187 3007 3713 4513 3325 5729 4633 4102 906 5659 2025 1167 633 0 3957 4205 3606 3398 4342 3418 1903 5081 4751 1082 5054 3331 1527 2221 4305 3737 3983 2902 2203 4653 4884 4005 5189 6366 5012 906 4081 3713 4397 4302 4206 1812 2025 1393 4802 3256 700 1514 2062 3641 4071 4528 4205 4685 6506 3765 2669 3895 4658 3472 5132 2730 2997 4383 5967 1650 2409 2845 4950 5301 5000 4211 2800 2717 1703 807 4302 2400 1404 5386 4811 1141 2474 4739 5061 400 3536 3690 3591 5701 3107 4888 4492 
1000000 1000000 1000000 1000000 1000000 1000000 1000000 1000000 1000000 1000000 2320 2419 2962 2326 3479 641 4104 2257 3513 3060 671 2669 3325 2060 3849 4105 4037 708 2631 1119 1361 3177 2708 1932 2817 3591 3957 0 413 2335 1500 1000 539 3833 2790 1703 3141 3402 1861 2474 1903 4546 413 2081 4086 3884 3089 2237 4361 3454 3133 3270 3635 2303 1100 510 1616 600 3921 3042 2564 5100 1803 3311 3502 2943 3125 510 1993 413 3921 3325 1281 1361 584 825 1422 1524 3547 2730 633 3202 3307 2138 1273 2110 2962 2693 4883 1665 4206 2500 3163 413 3833 2746 1665 855 4012 1527 4528 1727 3585 1628 2405 3581 3107 1141 3047 861 
1000000 1000000 1000000 1000000 1000000 1000000 1000000 1000000 1000000 1000000 1942 2502 3007 2281 3139 400 3895 1898 3668 3107 861 2257 3125 1781 3795 3983 3821 1082 2221 708 1727 3467 2303 2196 3047 3795 4205 413 0 2164 1393 1300 849 3902 2436 1316 3325 3089 1747 2693 2062 4383 825 1839 4053 3921 2802 1869 4220 3131 2721 2953 3808 2052 1504 641 1965 224 4000 3102 2818 4921 1709 3585 3613 3002 2969 224 1656 0 3680 2913 1082 1698 413 922 1300 1119 3518 2658 224 2800 3406 2200 1641 1727 2597 2341 4751 2060 4198 2832 3402 584 3848 3062 1281 708 4160 1844 4319 1316 3848 1477 2221 3449 2717 1205 2730 1082 
1000000 1000000 1000000 1000000 1000000 1000000 1000000 1000000 1000000 1000000 1566 1477 1563 722 1803 2506 1781 1342 2618 1641 2984 2508 1000 729 1800 1839 1721 2419 2326 1965 3581 3290 2196 2303 2600 3000 3606 2335 2164 0 861 3325 2164 2371 1487 1604 2524 1530 539 2309 1712 2221 2562 510 2103 2248 1119 1432 2060 1650 2953 1457 2832 500 3191 2781 3861 1973 2506 1703 2597 2766 633 3270 2344 1628 807 1942 1141 2164 1656 3053 1082 2474 1781 3081 922 2309 1628 762 2148 2409 2127 1265 2625 1582 1703 1415 2595 3105 2320 3115 2907 2702 2089 3158 2608 2818 2984 2434 2203 2003 3400 708 100 1300 2122 1432 1300 3190 
1000000 1000000 1000000 1000000 1000000 1000000 1000000 1000000 1000000 1000000 1665 1342 1727 906 2403 1773 2641 1477 2595 1825 2164 2476 1861 922 2405 2608 2581 1566 2335 1415 2721 2885 2281 1709 2268 2861 3398 1500 1393 861 0 2476 1304 2631 1869 1361 2361 2210 361 1921 1221 3048 1703 800 2669 2602 1825 1527 2861 2303 2970 2103 2779 1005 2333 1973 3000 1237 2746 1844 2164 3607 317 2921 2436 1747 1628 1171 1167 1393 2506 3115 413 1703 985 2283 100 1869 2138 1265 1432 2642 2214 1030 1825 1563 2089 1773 3384 2320 2829 2530 2618 1887 2502 2641 2159 2089 3047 1703 3062 1700 3115 200 944 2081 2417 609 1900 2361 
1000000 1000000 1000000 1000000 1000000 1000000 1000000 1000000 1000000 1000000 3229 3196 3770 3245 4439 1205 5100 3196 4131 3863 500 3400 4319 3053 4751 5061 5033 1141 3406 1942 539 3472 3523 2403 3300 4100 4342 1000 1300 3325 2476 0 1253 4589 3734 2597 3713 4383 2832 3007 2597 5523 807 3081 4965 4682 4082 3163 5327 4429 3812 4249 4211 3302 671 708 700 1524 4658 3828 3002 6083 2766 3650 4198 3734 4104 1477 2955 1300 4921 4012 2281 1700 1582 633 2405 2200 4430 3662 1457 4032 4027 2955 1504 3009 3890 3641 5842 1616 5057 2693 3606 729 4662 2984 2221 1119 4628 1900 5523 2518 3946 2618 3398 4546 3982 2025 4025 317 
1000000 1000000 1000000 1000000 1000000 1000000 1000000 1000000 1000000 1000000 2508 1965 2530 2000 3552 1167 3941 2400 3002 2625 1105 3009 3163 2062 3499 3829 3884 300 2942 1477 1422 2642 2984 1393 2281 3060 3418 539 849 2164 1304 1253 0 3374 2907 1942 2618 3421 1641 1942 1404 4314 448 2025 3713 3449 3068 2403 4104 3493 3493 3299 3115 2248 1030 1005 1703 944 3453 2597 2025 4884 1563 2774 3015 2500 2907 807 2103 849 3808 3677 1237 849 729 1300 1253 1942 3177 2421 1064 3453 2829 1709 807 2320 3102 2808 4610 1265 3808 1985 2625 906 3418 2221 2127 1393 3502 1000 4361 2062 3047 1477 2248 3325 3314 782 3081 1237 
1000000 1000000 1000000 1000000 1000000 1000000 1000000 1000000 1000000 1000000 3936 1415 906 1773 3890 4302 2693 3713 855 807 4473 4876 2421 3088 1141 1844 2732 3449 4696 4045 4570 2237 4566 2333 1703 1335 1903 3833 3902 2371 2631 4589 3374 0 3802 3890 1221 3539 2377 1781 1993 2419 3808 2864 1000 300 3183 3802 2122 3680 5324 3536 1020 2866 4124 4342 4834 3802 142 800 1980 2900 2354 2062 500 900 2052 3700 3493 3902 2953 5421 3042 2997 3500 4653 2730 4492 944 1613 4002 4744 584 1703 3221 3940 4000 3745 2309 3467 825 2691 1700 4243 510 2500 4786 4605 825 2818 2887 4273 1965 2669 2419 1836 4441 2708 3472 4610 
1000000 1000000 1000000 1000000 1000000 1000000 1000000 1000000 1000000 1000000 566 2942 3042 2203 722 2595 2122 539 4104 3115 3270 1304 1628 949 3009 2730 2023 3207 1105 1836 4149 4696 900 3574 4032 4483 5081 2790 2436 1487 1869 3734 2907 3802 0 1167 4000 807 1789 3713 3047 2808 3158 1119 3325 3636 800 584 2802 782 1628 671 4319 1000 3864 3047 4397 2214 3941 3183 3982 3179 1879 4702 3821 3112 1839 2281 807 2436 1747 1677 1703 3523 2237 3265 1844 1839 2953 2203 2285 944 3607 2693 3606 782 224 100 3302 4105 3585 4397 4357 3009 3449 4495 2062 2831 4460 3552 2474 1415 4855 1677 1415 2281 641 2434 510 3493 
1000000 1000000 1000000 1000000 1000000 1000000 1000000 1000000 1000000 1000000 633 2693 3009 2119 1887 1432 2997 641 3945 3102 2119 1141 2309 906 3402 3355 2907 2237 1030 671 3042 4187 1045 2942 3607 4221 4751 1703 1316 1604 1361 2597 1942 3890 1167 0 3721 1911 1524 3253 2546 3606 2100 1100 3706 3808 1721 584 3518 1921 1641 1770 4135 1217 2802 1898 3276 1105 4017 3139 3472 4072 1566 4245 3758 3047 2320 1200 539 1316 2693 1803 990 2693 1217 2103 1281 762 3225 2335 1141 1514 3535 2386 2721 413 1300 1082 4053 3202 3921 3722 3963 1869 3668 3884 1045 1665 4383 2774 3400 400 4456 1253 1600 2829 1404 1721 1556 2341 
1000000 1000000 1000000 1000000 1000000 1000000 1000000 1000000 1000000 1000000 3960 1064 1119 1803 4295 3711 3513 3749 448 1105 3706 4828 3009 3115 2138 2817 3523 2600 4676 3668 3591 1045 4597 1316 500 500 1082 3141 3325 2524 2361 3713 2618 1221 4000 3721 0 3982 2263 708 1265 3424 3002 2907 2119 1477 3578 3819 3126 4115 5316 3936 500 3000 3158 3623 3833 3290 1205 1005 807 3963 2194 906 722 1020 2597 3163 3466 3325 3668 5449 2746 2023 2974 3912 2442 4160 1812 1932 3479 4892 729 1346 2237 3895 4221 3921 3421 2377 2013 1487 510 3523 1616 1281 4429 3982 922 1825 3800 4050 922 2484 2608 2608 4623 2155 3808 3800 
1000000 1000000 1000000 1000000 1000000 1000000 1000000 1000000 1000000 1000000 1361 2974 2916 2214 361 3302 1404 1273 3997 2969 3945 2062 1141 1361 2581 2155 1304 3711 1869 2562 4754 4809 1650 3821 4111 4430 5054 3402 3089 1530 2210 4383 3421 3539 807 1911 3982 0 2003 3833 3239 2110 3734 1415 2885 3325 413 1346 2159 142 2303 142 4220 1205 4428 3722 5016 2866 3680 3053 4124 2419 2103 4776 3662 3002 1487 2907 1443 3089 1000 2303 2185 3912 2824 3967 2221 2625 2618 2060 2969 1504 3467 2790 4032 1563 825 861 2618 4528 3163 4639 4402 3672 3115 4688 2861 3561 4281 3902 1712 2203 4885 2010 1432 1803 1200 2817 361 4168 
1000000 1000000 1000000 1000000 1000000 1000000 1000000 1000000 1000000 1000000 1698 1205 1487 609 2237 2119 2303 1487 2442 1582 2524 2581 1527 861 2062 2248 2248 1887 2421 1700 3062 2907 2335 1825 2248 2759 3331 1861 1747 539 361 2832 1641 2377 1789 1524 2263 2003 0 1924 1265 2691 2052 671 2335 2320 1600 1556 2500 2110 3062 1911 2641 825 2663 2333 3343 1582 2500 1616 2194 3253 100 2916 2237 1524 1273 1524 1205 1747 2194 3190 708 1942 1342 2642 448 2122 1812 922 1773 2641 2013 922 2089 1641 2013 1700 3024 2571 2508 2648 2581 2248 2203 2721 2419 2436 2866 1911 2721 1898 3081 300 633 1721 2386 895 1727 2721 
1000000 1000000 1000000 1000000 1000000 1000000 1000000 1000000 1000000 1000000 3581 900 1300 1628 4111 3068 3623 3384 1141 1342 3015 4387 3002 2779 2460 3068 3613 1903 4253 3107 2887 985 4202 609 361 1119 1527 2474 2693 2309 1921 3007 1942 1781 3713 3253 708 3833 1924 0 708 3669 2309 2595 2524 1980 3421 3441 3384 3957 4884 3765 1205 2732 2452 2943 3133 2684 1803 1253 300 4238 1836 1000 1304 1209 2600 2550 3081 2693 3700 5033 2263 1316 2371 3225 1985 3606 2103 1900 2864 4549 1205 1045 1530 3483 3936 3624 3758 1700 2484 985 722 2845 2062 906 3859 3325 1628 1119 3963 3547 1205 2081 2405 2746 4305 1582 3606 3102 
1000000 1000000 1000000 1000000 1000000 1000000 1000000 1000000 1000000 1000000 2885 641 1221 1119 3493 2452 3229 2693 1613 1304 2508 3680 2532 2103 2335 2831 3202 1457 3547 2419 2595 1665 3500 609 1064 1747 2221 1903 2062 1712 1221 2597 1404 1993 3047 2546 1265 3239 1265 708 0 3400 1825 1932 2484 2103 2829 2746 3139 3355 4178 3158 1747 2089 2148 2400 2866 2025 2062 1253 944 3983 1171 1703 1613 1167 2159 1898 2386 2062 3239 4328 1556 1064 1709 2702 1281 2916 1980 1487 2214 3859 1432 539 1281 2781 3270 2955 3581 1641 2524 1404 1422 2300 2110 1457 3177 2730 2110 922 3606 2843 1911 1390 1812 2417 3624 895 2984 2631 
1000000 1000000 1000000 1000000 1000000 1000000 1000000 1000000 1000000 1000000 3256 2824 2377 2361 2434 4717 708 3081 3200 2354 5201 4111 1300 2732 1300 609 807 4535 3912 4115 5732 4456 3706 3982 3786 3700 4305 4546 4383 2221 3048 5523 4314 2419 2808 3606 3424 2110 2691 3669 3400 0 4739 2595 1432 2122 2010 3179 300 2221 4402 2203 3402 2417 5316 5000 6015 4189 2532 2452 3957 584 2759 4329 2800 2474 1422 4162 3068 4383 1119 4411 3302 4411 4000 5301 3125 4366 1613 1942 4357 3613 2708 2866 4605 3396 2900 2817 510 5025 1677 4649 3932 4921 1911 4561 4649 5025 3239 4305 566 3985 4305 2921 2164 1000 3307 3539 2303 5404 
1000000 1000000 1000000 1000000 1000000 1000000 1000000 1000000 1000000 1000000 2708 2405 2974 2442 3833 1000 4342 2631 3402 3068 708 3081 3561 2377 3945 4264 4281 413 3042 1530 1030 2916 3115 1727 2631 3424 3737 413 825 2562 1703 807 448 3808 3158 2100 3002 3734 2052 2309 1825 4739 0 2371 4160 3890 3402 2618 4535 3795 3545 3606 3502 2595 708 671 1304 1005 3884 3037 2354 5304 1980 3068 3437 2942 3325 900 2354 825 4189 3737 1566 1078 922 922 1641 1932 3624 2861 1045 3606 3256 2155 944 2502 3338 3060 5045 1281 4255 2196 2962 584 3863 2460 2060 1141 3902 1265 4764 2138 3353 1861 2641 3754 3502 1221 3384 807 
1000000 1000000 1000000 1000000 1000000 1000000 1000000 1000000 1000000 1000000 1082 1844 2025 1141 1604 2141 2062 861 3048 2110 2691 2013 1304 224 2303 2281 1985 2309 1836 1524 3400 3578 1721 2474 2916 3398 3983 2081 1839 510 800 3081 2025 2864 1119 1100 2907 1415 671 2595 1932 2595 2371 0 2608 2752 1045 944 2470 1504 2470 1304 3256 224 3047 2476 3672 1628 2997 2164 2864 3107 762 3585 2802 2081 1237 1628 633 1839 1844 2581 807 2502 1500 2759 807 1825 2138 1265 1781 1985 2581 1582 2618 1078 1342 1030 3009 3115 2829 3299 3245 2409 2597 3384 2122 2442 3441 2502 2484 1500 3745 600 500 1747 1721 1404 1100 2907 
1000000 1000000 1000000 1000000 1000000 1000000 1000000 1000000 1000000 1000000 3591 1844 1273 1773 3245 4439 1803 3374 1825 1205 4754 4536 1750 2817 317 895 1861 3859 4342 4020 5048 3163 4177 2974 2550 2320 2902 4086 4053 2103 2669 4965 3713 1000 3325 3706 2119 2885 2335 2524 2484 1432 4160 2608 0 700 2595 3472 1141 3024 4934 2916 2010 2532 4605 4589 5326 3906 1105 1281 2779 1900 2354 3009 1432 1346 1487 3833 3225 4053 2127 4998 3042 3547 3641 4905 2766 4402 539 1415 4100 4255 1393 2025 3765 3650 3493 3290 1316 4102 283 3499 2625 4495 510 3355 4702 4754 1812 3398 1932 4105 2943 2631 2110 1082 3940 2955 2907 4925 
1000000 1000000 1000000 1000000 1000000 1000000 1000000 1000000 1000000 1000000 3808 1487 922 1712 3680 4319 2417 3585 1141 825 4536 4754 2194 2974 855 1553 2460 3547 4570 4012 4696 2508 4429 2500 1942 1628 2203 3884 3921 2248 2602 4682 3449 300 3636 3808 1477 3325 2320 1980 2103 2122 3890 2752 700 0 2984 3677 1825 3466 5190 3331 1316 2732 4249 4394 4965 3806 413 855 2203 2600 2309 2341 762 949 1844 3713 3384 3921 2693 5278 3007 3139 3513 4708 2702 4441 708 1487 4005 4580 782 1747 3362 3828 3828 3585 2010 3641 539 2921 1970 4296 224 2746 4739 4628 1119 2969 2597 4198 2257 2618 2285 1582 4273 2746 3281 4685 
1000000 1000000 1000000 1000000 1000000 1000000 1000000 1000000 1000000 1000000 1265 2564 2524 1803 722 3048 1335 1119 3606 2581 3662 2103 855 1030 2283 1942 1237 3353 1903 2335 4429 4397 1700 3414 3700 4032 4653 3089 2802 1119 1825 4082 3068 3183 800 1721 3578 413 1600 3421 2829 2010 3402 1045 2595 2984 0 1209 2003 539 2419 361 3828 825 4086 3441 4696 2581 3325 2663 3711 2405 1700 4366 3281 2608 1141 2608 1205 2802 985 2452 1839 3523 2506 3702 1844 2470 2281 1665 2702 1677 3081 2377 3650 1432 922 807 2502 4144 2866 4230 3993 3384 2781 4276 2730 3325 3906 3506 1709 2060 4478 1628 1020 1524 1361 2434 317 3884 
1000000 1000000 1000000 1000000 1000000 1000000 1000000 1000000 1000000 1000000 142 2759 2969 2081 1304 2013 2530 100 3983 3053 2693 1078 1911 722 3158 3002 2436 2702 895 1253 3591 4411 782 3221 3781 4314 4884 2237 1869 1432 1527 3163 2403 3802 584 584 3819 1346 1556 3441 2746 3179 2618 944 3472 3677 1209 0 3126 1346 1527 1205 4187 949 3325 2470 3833 1650 3936 3107 3690 3606 1628 4441 3745 3024 2010 1727 361 1869 2194 1641 1265 3081 1703 2684 1477 1281 3037 2194 1709 1119 3523 2476 3141 224 729 500 3650 3635 3711 4032 4124 2436 3512 4160 1527 2248 4383 3133 2916 861 4623 1361 1393 2502 922 2025 1000 2916 
1000000 1000000 1000000 1000000 1000000 1000000 1000000 1000000 1000000 1000000 3215 2550 2089 2127 2500 4566 807 3027 2900 2062 5022 4100 1217 2625 1000 317 895 4314 3900 3993 5516 4160 3702 3713 3493 3400 4005 4361 4220 2060 2861 5327 4104 2122 2802 3518 3126 2159 2500 3384 3139 300 4535 2470 1141 1825 2003 3126 0 2281 4419 2237 3102 2309 5094 4826 5799 4032 2237 2159 3669 855 2562 4032 2500 2185 1253 3997 2984 4220 1209 4441 3139 4162 3828 5132 2942 4273 1316 1703 4206 3650 2409 2608 4361 3338 2916 2800 539 4771 1393 4366 3635 4744 1613 4273 4561 4877 2943 4050 807 3906 4005 2746 2013 782 3338 3325 2309 5221 
1000000 1000000 1000000 1000000 1000000 1000000 1000000 1000000 1000000 1000000 1346 3102 3053 2341 224 3329 1514 1281 4135 3107 3983 1993 1281 1432 2721 2285 1415 3786 1803 2581 4811 4934 1582 3932 4238 4566 5189 3454 3131 1650 2303 4429 3493 3680 782 1921 4115 142 2110 3957 3355 2221 3795 1504 3024 3466 539 1346 2281 0 2210 200 4357 1300 4493 3759 5070 2907 3821 3191 4245 2508 2210 4905 3802 3139 1628 2955 1477 3131 1105 2200 2257 4005 2880 3997 2309 2618 2759 2196 3002 1400 3606 2913 4120 1556 762 849 2730 4618 3302 4752 4532 3713 3256 4806 2843 3581 4421 4000 1803 2194 5016 2103 1553 1942 1105 2907 413 4206 
1000000 1000000 1000000 1000000 1000000 1000000 1000000 1000000 1000000 1000000 1390 4264 4495 3606 2023 2631 3700 1613 5500 4580 3314 500 3256 2248 4618 4357 3600 3770 641 2025 4329 5826 762 4581 5235 5814 6366 3133 2721 2953 2970 3812 3493 5324 1628 1641 5316 2303 3062 4884 4178 4402 3545 2470 4934 5190 2419 1527 4419 2210 0 2200 5701 2460 4198 3126 4510 2564 5459 4633 5109 4717 3125 5880 5270 4549 3449 2693 1861 2721 3302 200 2625 4295 2774 3202 2900 1628 4532 3713 2500 825 5048 3970 4296 1422 1504 1650 4905 4754 5187 5354 5587 3141 5016 5522 1600 2702 5908 4391 4012 1432 6083 2832 2907 3906 1105 3361 2110 3506 
1000000 1000000 1000000 1000000 1000000 1000000 1000000 1000000 1000000 1000000 1221 2916 2885 2155 361 3163 1500 1132 3967 2942 3808 1942 1167 1237 2608 2214 1400 3591 1747 2421 4624 4744 1530 3734 4050 4391 5012 3270 2953 1457 2103 4249 3299 3536 671 1770 3936 142 1911 3765 3158 2203 3606 1304 2916 3331 361 1205 2237 200 2200 0 4189 1100 4302 3585 4885 2730 3677 3024 4053 2532 2010 4717 3641 2969 1487 2774 1304 2953 1105 2210 2062 3806 2693 3828 2110 2484 2625 2025 2831 1415 3441 2721 3921 1422 708 722 2708 4419 3191 4555 4347 3536 3125 4610 2721 3421 4264 3800 1825 2062 4834 1903 1361 1836 1105 2708 224 4032 
1000000 1000000 1000000 1000000 1000000 1000000 1000000 1000000 1000000 1000000 4328 1443 1304 2122 4549 4198 3591 4111 224 1253 4205 5221 3179 3472 2103 2808 3614 3100 5061 4124 4080 1281 4968 1812 949 317 906 3635 3808 2832 2779 4211 3115 1020 4319 4135 500 4220 2641 1205 1747 3402 3502 3256 2010 1316 3828 4187 3102 4357 5701 4189 0 3325 3650 4120 4318 3765 949 1167 1265 3906 2581 1082 609 1221 2774 3641 3842 3808 3795 5826 3177 2518 3449 4411 2866 4610 1825 2164 3957 5233 762 1750 2730 4281 4535 4245 3325 2847 1844 1887 782 4020 1504 1641 4885 4473 448 2320 3833 4478 949 2885 2907 2693 4952 2625 4081 4300 
1000000 1000000 1000000 1000000 1000000 1000000 1000000 1000000 1000000 1000000 1078 1942 2062 1205 1415 2344 1861 855 3112 2141 2907 2025 1119 317 2221 2138 1781 2530 1839 1700 3624 3717 1700 2648 3042 3483 4081 2303 2052 500 1005 3302 2248 2866 1000 1217 3000 1205 825 2732 2089 2417 2595 224 2532 2732 825 949 2309 1300 2460 1100 3325 0 3270 2691 3895 1839 3002 2203 3009 2916 922 3713 2843 2127 1105 1844 700 2052 1628 2556 1030 2708 1721 2970 1020 1965 2089 1253 1985 1911 2625 1700 2829 1119 1221 922 2847 3325 2766 3472 3362 2625 2564 3545 2257 2641 3483 2700 2281 1613 3859 807 448 1613 1628 1613 906 3125 
