NAME : 100-5-3-i
TYPE : ATSP
DIMENSION : 110
EDGE_WEIGHT_TYPE : EXPLICIT
EDGE_WEIGHT_FORMAT : FULL_MATRIX
EDGE_WEIGHT_SECTION
1000000 1000000 1000000 1000000 1000000 762 1443 1141 448 1005 1205 985 1415 1563 361 1422 671 641 1346 510 985 633 1304 1217 708 708 671 906 566 1064 566 413 1217 1500 762 3207 3414 2452 3402 3552 2684 3493 1942 3574 3396 3302 2766 3374 3202 2436 3229 2702 3102 3523 2110 3139 3307 3518 3536 3713 3570 3930 2138 2550 3623 3183 2303 2110 2691 2200 3863 4025 3536 2122 2581 3581 2921 2303 1404 1839 2550 3702 2025 4032 2916 3607 3139 2885 2900 1703 2155 3765 3982 3325 2953 4025 3545 3624 3466 3060 2194 2103 1812 2040 3338 0 1000000 1000000 1000000 1000000 
1000000 1000000 1000000 1000000 1000000 3089 3940 3302 2237 3518 1604 2003 3406 2164 2460 3502 2110 2386 3802 2818 3276 3163 3502 3737 2502 3179 2110 3374 3047 1700 3047 2532 1342 1205 2025 3256 3343 3313 3472 4037 2000 4124 2283 4361 2969 3398 2618 3983 3325 2194 4023 3141 4082 3361 2907 2419 3331 4202 3302 3963 3191 3311 3088 3362 3441 1404 708 671 1342 825 1342 1563 1703 584 762 1393 1616 708 1221 708 317 1477 510 1527 425 1712 855 800 944 1141 400 1237 1500 807 2060 1563 1020 1205 1604 633 413 762 849 566 949 1000000 0 1000000 1000000 1000000 
1000000 1000000 1000000 1000000 1000000 2194 2100 671 2194 1415 2040 1650 361 3325 2127 413 2409 2409 2210 2110 2341 1616 609 1500 1253 1300 2409 1237 1879 1965 1879 1422 2641 2434 2484 2361 2581 1304 2470 2281 2641 2138 1709 2103 2829 2386 2281 2062 2303 2237 1825 1781 1604 2721 1281 2885 2442 2122 2781 2564 2907 3331 1132 1390 2802 3614 3700 3479 3081 3641 4802 4826 3890 3449 3307 4178 3163 3700 2864 2962 3786 5045 3158 4910 3906 3985 3912 3613 4302 2508 3239 4805 4817 4302 2907 4826 4610 4419 3861 4258 3225 3512 3196 3325 4571 1000000 1000000 0 1000000 1000000 
1000000 1000000 1000000 1000000 1000000 1020 1903 2263 762 1879 1803 1825 2550 510 782 2546 609 500 1700 895 1100 1477 2409 2025 1789 1721 609 1887 1209 1700 1209 1527 1209 1869 600 4131 4319 3512 4342 4589 3338 4555 2817 4662 4202 4243 3602 4428 4144 3202 4309 3688 4205 4411 3133 3833 4230 4589 4405 4708 4400 4710 3196 3606 4510 3489 1887 1781 3102 1750 3702 3963 3848 1844 2779 3721 3384 1887 1221 1887 2281 3163 2000 3906 2829 3895 3202 3024 2377 2089 2141 3523 3895 3190 3570 3963 3302 3607 3759 2746 2221 1721 1556 1839 2953 1000000 1000000 1000000 0 1000000 
1000000 1000000 1000000 1000000 1000000 3614 4025 2581 3007 3313 1911 1911 2409 3848 3126 2550 3100 3307 4032 3374 3833 3232 2702 3499 2214 2997 3100 3089 3353 2003 3353 2500 2669 1993 3102 566 671 1171 782 1390 722 1524 922 1803 539 708 100 1393 641 539 1530 708 1703 729 1064 609 641 1616 708 1273 708 1078 1221 1141 825 1803 3191 3002 1443 3225 3311 3163 1924 2916 1985 2405 1300 3191 2817 2371 2984 4111 2470 3325 2702 2023 2419 2164 3624 1839 2442 3449 3196 2969 825 3163 3329 2824 1942 3256 2361 3089 2864 2779 3547 1000000 1000000 1000000 1000000 0 
1000000 1000000 1000000 1000000 1000000 0 906 1524 861 922 1942 1747 1839 1530 641 1789 985 729 729 283 224 584 1613 1030 1415 895 985 1000 317 1803 317 1119 1750 2194 1078 3932 4144 3107 4120 4211 3444 4131 2693 4178 4149 4020 3518 4020 3921 3196 3848 3406 3688 4258 2802 3900 4032 4144 4276 4400 4318 4685 2802 3207 4357 3895 2721 2564 3421 2597 4430 4633 4253 2600 3256 4253 3662 2721 1879 2442 3047 4080 2608 4615 3499 4319 3781 3547 3276 2409 2746 4296 4580 3895 3713 4633 4072 4244 4178 3547 2802 2530 2285 2550 3795 762 3089 2194 1020 3614 
1000000 1000000 1000000 1000000 1000000 906 0 1530 1709 729 2625 2335 1812 2409 1487 1703 1869 1628 224 1141 807 849 1504 600 1861 1030 1869 949 895 2484 895 1628 2600 2942 1965 4238 4460 3276 4397 4342 4000 4220 3139 4202 4562 4302 3936 4131 4206 3690 3912 3669 3702 4589 3068 4411 4333 4211 4624 4590 4702 5100 3009 3374 4682 4610 3614 3449 4104 3493 5281 5459 4958 3479 4023 5022 4314 3614 2752 3265 3922 4982 3444 5457 4339 5033 4580 4327 4178 3141 3578 5163 5413 4743 4281 5459 4940 5061 4892 4428 3624 3421 3163 3418 4685 1443 3940 2100 1903 4025 
1000000 1000000 1000000 1000000 1000000 1524 1530 0 1582 807 1712 1316 317 2702 1487 283 1803 1770 1604 1443 1677 949 200 949 800 633 1803 600 1209 1604 1209 855 2159 2110 1887 2732 2955 1747 2880 2817 2702 2702 1770 2708 3107 2786 2500 2608 2693 2335 2400 2155 2210 3088 1566 3042 2824 2700 3131 3060 3225 3636 1487 1844 3179 3535 3256 3042 2997 3179 4555 4633 3848 3027 3105 4050 3139 3256 2377 2600 3406 4639 2800 4688 3623 3936 3711 3421 3864 2237 2902 4518 4610 4032 2984 4633 4311 4221 3802 3902 2907 3060 2746 2916 4205 1141 3302 671 2263 2581 
1000000 1000000 1000000 1000000 1000000 861 1709 1582 0 1404 1171 1100 1844 1132 224 1861 224 300 1566 584 1064 1000 1750 1600 1030 1141 224 1335 825 1045 825 782 895 1361 317 3406 3602 2752 3613 3833 2721 3795 2100 3900 3523 3513 2907 3669 3414 2532 3547 2943 3444 3700 2377 3202 3506 3828 3702 3963 3713 4045 2436 2847 3800 3062 1924 1747 2608 1812 3578 3774 3421 1773 2405 3398 2866 1924 1045 1582 2214 3314 1750 3759 2642 3483 2921 2691 2508 1582 1887 3454 3722 3042 2974 3774 3232 3384 3343 2721 1942 1727 1457 1709 2984 448 2237 2194 762 3007 
1000000 1000000 1000000 1000000 1000000 922 729 807 1404 0 2060 1721 1100 2377 1217 1005 1613 1457 800 985 1000 413 807 224 1205 361 1613 224 671 1924 671 1030 2221 2417 1712 3512 3734 2550 3669 3623 3331 3506 2442 3502 3848 3574 3225 3414 3479 3000 3202 2942 3002 3863 2341 3721 3606 3502 3900 3864 3982 4383 2281 2648 3957 4023 3307 3115 3500 3202 4839 4977 4361 3126 3489 4478 3688 3307 2409 2817 3552 4705 3009 4998 3890 4441 4072 3802 3902 2595 3133 4754 4940 4302 3613 4977 4536 4570 4302 4061 3163 3107 2817 3042 4342 1005 3518 1415 1879 3313 
1000000 1000000 1000000 1000000 1000000 1942 2625 1712 1171 2060 0 400 1803 1942 1342 1900 1217 1457 2546 1665 2164 1781 1911 2283 922 1700 1217 1879 1770 142 1770 1030 807 400 1205 2377 2550 1985 2597 2953 1553 2969 1078 3141 2400 2500 1812 2831 2405 1400 2781 2013 2759 2631 1563 2040 2474 3024 2618 3009 2602 2907 1698 2062 2730 1985 1700 1477 1487 1665 2845 2942 2335 1432 1432 2419 1721 1700 1000 922 1747 3009 1119 2984 1911 2409 2025 1747 2285 539 1205 2808 2913 2320 1803 2942 2602 2530 2268 2221 1200 1527 1221 1300 2532 1205 1604 2040 1803 1911 
1000000 1000000 1000000 1000000 1000000 1747 2335 1316 1100 1721 400 0 1404 2062 1217 1500 1217 1400 2281 1487 1970 1487 1514 1942 539 1361 1217 1527 1527 317 1527 708 1064 800 1237 2309 2502 1750 2518 2786 1700 2774 1000 2916 2434 2419 1812 2641 2320 1457 2556 1869 2500 2600 1342 2155 2409 2818 2602 2887 2618 2962 1443 1836 2700 2303 2062 1839 1781 2013 3239 3325 2641 1803 1803 2774 1980 2062 1281 1316 2138 3396 1514 3374 2309 2721 2405 2119 2658 922 1604 3207 3299 2717 1973 3325 3002 2913 2581 2618 1600 1879 1566 1677 2928 985 2003 1650 1825 1911 
1000000 1000000 1000000 1000000 1000000 1839 1812 317 1844 1100 1803 1404 0 2974 1770 142 2062 2052 1900 1750 1993 1265 317 1217 949 949 2062 906 1524 1712 1524 1082 2341 2203 2141 2506 2730 1487 2641 2532 2608 2409 1665 2403 2921 2550 2335 2320 2460 2221 2103 1924 1903 2866 1361 2907 2595 2403 2916 2790 3024 3441 1253 1582 2953 3512 3421 3202 2974 3353 4618 4670 3808 3179 3141 4053 3088 3421 2564 2717 3536 4786 2916 4739 3702 3900 3749 3453 4027 2303 3007 4602 4653 4105 2885 4670 4400 4258 3770 4020 3002 3229 2913 3060 4329 1415 3406 361 2550 2409 
1000000 1000000 1000000 1000000 1000000 1530 2409 2702 1132 2377 1942 2062 2974 0 1221 2984 922 944 2203 1393 1604 1970 2861 2530 2141 2196 922 2371 1709 1869 1709 1911 1200 1900 861 4318 4492 3802 4536 4847 3400 4834 3009 4965 4319 4439 3749 4702 4342 3325 4607 3922 4528 4571 3402 3900 4415 4876 4555 4934 4528 4805 3489 3892 4670 3384 1556 1500 3060 1415 3395 3688 3734 1582 2658 3536 3355 1556 1119 1773 1985 2732 1839 3607 2581 3770 3002 2864 1973 2103 1970 3190 3613 2907 3606 3688 2974 3361 3641 2409 2062 1422 1342 1613 2581 1563 2164 3325 510 3848 
1000000 1000000 1000000 1000000 1000000 641 1487 1487 224 1217 1342 1217 1770 1221 0 1770 400 283 1342 361 849 807 1641 1404 1045 985 400 1171 609 1209 609 762 1119 1563 500 3500 3702 2790 3702 3884 2880 3833 2210 3922 3650 3602 3027 3711 3502 2669 3574 3015 3454 3806 2434 3353 3600 3861 3812 4032 3833 4178 2474 2887 3906 3265 2138 1965 2802 2023 3802 3997 3624 1993 2618 3613 3053 2138 1265 1803 2436 3523 1973 3983 2866 3688 3141 2907 2717 1781 2110 3677 3945 3265 3139 3997 3454 3606 3547 2942 2164 1942 1677 1932 3202 361 2460 2127 782 3126 
1000000 1000000 1000000 1000000 1000000 1789 1703 283 1861 1005 1900 1500 142 2984 1770 0 2081 2052 1803 1721 1932 1209 200 1105 1020 895 2081 825 1477 1803 1477 1119 2405 2300 2164 2642 2866 1616 2774 2648 2746 2518 1803 2500 3062 2684 2476 2434 2595 2361 2210 2060 2000 3002 1500 3048 2730 2508 3053 2913 3163 3581 1390 1709 3089 3641 3493 3276 3102 3421 4727 4786 3940 3256 3256 4177 3221 3493 2625 2808 3623 4867 3007 4851 3806 4032 3864 3570 4100 2409 3102 4705 4768 4211 3024 4786 4502 4374 3900 4111 3100 3299 2984 3141 4419 1422 3502 413 2546 2550 
1000000 1000000 1000000 1000000 1000000 985 1869 1803 224 1613 1217 1217 2062 922 400 2081 0 283 1709 729 1167 1205 1973 1803 1221 1361 0 1553 1005 1105 1005 990 782 1342 100 3523 3713 2916 3734 3985 2766 3957 2210 4072 3606 3635 3000 3828 3536 2608 3717 3081 3624 3806 2530 3256 3623 3993 3802 4100 3802 4120 2600 3009 3906 3024 1747 1582 2595 1628 3449 3662 3384 1616 2344 3325 2864 1747 895 1487 2062 3126 1641 3636 2524 3441 2832 2618 2320 1566 1781 3311 3606 2916 3009 3662 3088 3281 3302 2564 1844 1553 1300 1566 2817 671 2110 2409 609 3100 
1000000 1000000 1000000 1000000 1000000 729 1628 1770 300 1457 1457 1400 2052 944 283 2052 283 0 1457 500 895 1045 1921 1628 1300 1253 283 1432 807 1335 807 1030 1064 1613 361 3706 3902 3037 3912 4124 3009 4081 2400 4179 3821 3812 3207 3957 3713 2829 3828 3239 3717 4000 2669 3493 3806 4111 4002 4258 4012 4342 2721 3133 4100 3302 1993 1839 2866 1869 3722 3941 3662 1879 2625 3607 3131 1993 1167 1770 2326 3355 1921 3912 2802 3721 3115 2900 2550 1836 2062 3578 3884 3191 3258 3941 3355 3561 3581 2824 2127 1803 1566 1836 3068 641 2386 2409 500 3307 
1000000 1000000 1000000 1000000 1000000 729 224 1604 1566 800 2546 2281 1900 2203 1342 1803 1709 1457 0 985 600 807 1604 729 1836 1045 1709 1005 782 2405 782 1582 2460 2843 1803 4273 4493 3338 4439 4419 3967 4305 3131 4302 4570 4342 3940 4211 4245 3672 4002 3711 3802 4618 3105 4391 4369 4302 4649 4653 4717 5108 3060 3437 4713 4528 3449 3290 4032 3325 5143 5334 4880 3325 3921 4921 4253 3449 2600 3139 3770 4806 3313 5324 4206 4952 4466 4221 4003 3048 3449 5016 5284 4607 4244 5334 4793 4940 4811 4273 3499 3258 3009 3270 4523 1346 3802 2210 1700 4032 
1000000 1000000 1000000 1000000 1000000 283 1141 1443 584 985 1665 1487 1750 1393 361 1721 729 500 985 0 500 584 1563 1141 1200 849 729 1000 317 1527 317 900 1477 1911 825 3713 3921 2928 3906 4032 3179 3963 2452 4027 3906 3806 3276 3848 3706 2942 3688 3200 3545 4032 2602 3641 3812 3982 4045 4205 4080 4439 2618 3027 4131 3613 2474 2309 3141 2354 4160 4357 3970 2341 2974 3970 3384 2474 1616 2164 2786 3848 2333 4342 3225 4037 3500 3265 3042 2127 2470 4032 4305 3624 3444 4357 3808 3967 3895 3290 2524 2281 2025 2285 3545 510 2818 2110 895 3374 
1000000 1000000 1000000 1000000 1000000 224 807 1677 1064 1000 2164 1970 1993 1604 849 1932 1167 895 600 500 0 729 1747 1064 1628 1045 1167 1119 500 2025 500 1335 1942 2409 1253 4144 4357 3302 4329 4405 3668 4319 2913 4357 4369 4230 3737 4211 4131 3418 4032 3613 3864 4473 3007 4124 4243 4329 4492 4602 4536 4905 3000 3402 4571 4111 2880 2732 3641 2752 4615 4826 4469 2774 3466 4460 3884 2880 2060 2641 3221 4221 2802 4803 3690 4535 3983 3754 3421 2625 2942 4473 4771 4082 3936 4826 4249 4441 4394 3717 3000 2693 2460 2730 3957 985 3276 2341 1100 3833 
1000000 1000000 1000000 1000000 1000000 584 849 949 1000 413 1781 1487 1265 1970 807 1209 1205 1045 807 584 729 0 1030 600 1030 317 1205 425 283 1641 283 782 1844 2110 1304 3493 3711 2602 3668 3700 3163 3606 2326 3635 3770 3570 3139 3502 3472 2866 3314 2943 3141 3833 2335 3585 3591 3613 3861 3912 3922 4309 2309 2702 3930 3765 2916 2730 3256 2808 4495 4652 4111 2746 3191 4189 3466 2916 2023 2470 3179 4311 2658 4662 3547 4187 3759 3499 3506 2303 2786 4397 4610 3957 3441 4652 4177 4249 4046 3688 2824 2717 2434 2669 3963 633 3163 1616 1477 3232 
1000000 1000000 1000000 1000000 1000000 1613 1504 200 1750 807 1911 1514 317 2861 1641 200 1973 1921 1604 1563 1747 1030 0 906 1000 722 1973 633 1304 1803 1304 1045 2354 2309 2060 2818 3042 1803 2955 2845 2861 2717 1921 2700 3221 2864 2625 2631 2774 2484 2409 2237 2200 3177 1665 3183 2907 2708 3225 3105 3329 3745 1566 1898 3265 3717 3453 3239 3179 3374 4752 4828 4025 3225 3299 4238 3313 3453 2571 2800 3606 4838 3000 4884 3821 4115 3906 3614 4061 2434 3102 4717 4806 4230 3141 4828 4510 4415 3982 4102 3107 3256 2943 3115 4405 1304 3502 609 2409 2702 
1000000 1000000 1000000 1000000 1000000 1030 600 949 1600 224 2283 1942 1217 2530 1404 1105 1803 1628 729 1141 1064 600 906 0 1422 584 1803 425 825 2148 825 1253 2434 2641 1903 3677 3900 2693 3828 3749 3539 3623 2641 3602 4032 3734 3414 3536 3641 3202 3314 3102 3102 4032 2508 3921 3770 3613 4072 4003 4160 4566 2436 2790 4124 4244 3513 3325 3721 3406 5060 5200 4581 3338 3713 4702 3906 3513 2618 3037 3766 4910 3229 5221 4111 4662 4296 4025 4105 2818 3353 4973 5163 4523 3821 5200 4754 4793 4523 4276 3384 3314 3027 3256 4555 1217 3737 1500 2025 3499 
1000000 1000000 1000000 1000000 1000000 1415 1861 800 1030 1205 922 539 949 2141 1045 1020 1221 1300 1836 1200 1628 1030 1000 1422 0 849 1221 1000 1141 807 1141 300 1393 1316 1281 2518 2730 1747 2708 2845 2141 2790 1300 2880 2752 2608 2119 2669 2508 1836 2530 2000 2417 2845 1404 2556 2618 2817 2864 3007 2913 3290 1432 1844 2943 2831 2474 2257 2303 2405 3766 3861 3163 2237 2341 3311 2484 2474 1616 1800 2608 3848 2000 3906 2829 3245 2942 2658 3081 1457 2103 3722 3833 3239 2421 3861 3513 3449 3107 3102 2110 2281 1965 2122 3406 708 2502 1253 1789 2214 
1000000 1000000 1000000 1000000 1000000 895 1030 633 1141 361 1700 1361 949 2196 985 895 1361 1253 1045 849 1045 317 722 584 849 0 1361 200 584 1566 584 671 1903 2062 1457 3229 3449 2309 3396 3402 2984 3302 2110 3325 3535 3299 2907 3200 3202 2663 3007 2669 2829 3574 2062 3384 3325 3307 3606 3623 3677 4072 2023 2409 3669 3662 3000 2802 3141 2902 4493 4624 4000 2808 3131 4119 3331 3000 2100 2474 3225 4400 2669 4649 3545 4081 3717 3444 3602 2237 2790 4415 4589 3957 3265 4624 4198 4216 3941 3734 2817 2800 2502 2717 4020 708 3179 1300 1721 2997 
1000000 1000000 1000000 1000000 1000000 985 1869 1803 224 1613 1217 1217 2062 922 400 2081 0 283 1709 729 1167 1205 1973 1803 1221 1361 0 1553 1005 1105 1005 990 782 1342 100 3523 3713 2916 3734 3985 2766 3957 2210 4072 3606 3635 3000 3828 3536 2608 3717 3081 3624 3806 2530 3256 3623 3993 3802 4100 3802 4120 2600 3009 3906 3024 1747 1582 2595 1628 3449 3662 3384 1616 2344 3325 2864 1747 895 1487 2062 3126 1641 3636 2524 3441 2832 2618 2320 1566 1781 3311 3606 2916 3009 3662 3088 3281 3302 2564 1844 1553 1300 1566 2817 671 2110 2409 609 3100 
1000000 1000000 1000000 1000000 1000000 1000 949 600 1335 224 1879 1527 906 2371 1171 825 1553 1432 1005 1000 1119 425 633 425 1000 200 1553 0 708 1747 708 855 2103 2248 1650 3290 3512 2335 3449 3414 3115 3302 2221 3307 3624 3353 3002 3207 3258 2781 3000 2721 2808 3641 2119 3500 3384 3300 3677 3650 3758 4160 2062 2434 3734 3828 3200 3002 3302 3102 4685 4811 4162 3007 3311 4295 3483 3200 2300 2669 3424 4600 2864 4839 3737 4244 3900 3625 3802 2417 2984 4610 4776 4149 3398 4811 4394 4402 4105 3932 3009 3000 2702 2916 4220 906 3374 1237 1887 3089 
1000000 1000000 1000000 1000000 1000000 317 895 1209 825 671 1770 1527 1524 1709 609 1477 1005 807 782 317 500 283 1304 825 1141 584 1005 708 0 1628 0 855 1709 2062 1105 3650 3864 2802 3833 3906 3225 3821 2436 3864 3890 3734 3258 3713 3635 2955 3536 3115 3374 3982 2508 3668 3749 3833 4003 4102 4053 4428 2500 2902 4080 3749 2746 2571 3256 2631 4387 4566 4102 2597 3141 4141 3483 2746 1869 2371 3037 4131 2550 4562 3444 4173 3690 3441 3325 2268 2684 4273 4518 3849 3499 4566 4050 4168 4032 3545 2730 2550 2281 2530 3808 566 3047 1879 1209 3353 
1000000 1000000 1000000 1000000 1000000 1803 2484 1604 1045 1924 142 317 1712 1869 1209 1803 1105 1335 2405 1527 2025 1641 1803 2148 807 1566 1105 1747 1628 0 1628 895 782 510 1100 2452 2631 2000 2669 2997 1677 3002 1141 3163 2502 2571 1903 2866 2474 1504 2802 2062 2766 2717 1582 2159 2550 3053 2708 3068 2700 3015 1703 2081 2817 2127 1747 1524 1628 1700 2962 3068 2476 1487 1566 2556 1861 1747 990 1005 1825 3081 1205 3105 2023 2550 2155 1879 2341 671 1300 2916 3037 2434 1932 3068 2708 2658 2409 2309 1304 1566 1253 1361 2618 1064 1700 1965 1700 2003 
1000000 1000000 1000000 1000000 1000000 317 895 1209 825 671 1770 1527 1524 1709 609 1477 1005 807 782 317 500 283 1304 825 1141 584 1005 708 0 1628 0 855 1709 2062 1105 3650 3864 2802 3833 3906 3225 3821 2436 3864 3890 3734 3258 3713 3635 2955 3536 3115 3374 3982 2508 3668 3749 3833 4003 4102 4053 4428 2500 2902 4080 3749 2746 2571 3256 2631 4387 4566 4102 2597 3141 4141 3483 2746 1869 2371 3037 4131 2550 4562 3444 4173 3690 3441 3325 2268 2684 4273 4518 3849 3499 4566 4050 4168 4032 3545 2730 2550 2281 2530 3808 566 3047 1879 1209 3353 
1000000 1000000 1000000 1000000 1000000 1119 1628 855 782 1030 1030 708 1082 1911 762 1119 990 1030 1582 900 1335 782 1045 1253 300 671 990 855 855 895 855 0 1316 1393 1064 2817 3027 2040 3007 3141 2386 3081 1582 3163 3037 2907 2405 2962 2808 2103 2817 2300 2693 3141 1703 2818 2916 3105 3158 3307 3202 3574 1727 2138 3239 3000 2419 2210 2484 2335 3833 3957 3343 2203 2460 3449 2688 2419 1530 1825 2602 3812 2023 3985 2887 3421 3047 2774 3027 1566 2138 3766 3922 3299 2663 3957 3552 3547 3281 3107 2159 2221 1911 2100 3402 413 2532 1422 1527 2500 
1000000 1000000 1000000 1000000 1000000 1750 2600 2159 895 2221 807 1064 2341 1200 1119 2405 782 1064 2460 1477 1942 1844 2354 2434 1393 1903 782 2103 1709 782 1709 1316 0 700 708 3163 3325 2781 3384 3759 2200 3774 1879 3941 3126 3290 2571 3636 3196 2138 3581 2818 3547 3396 2361 2700 3258 3828 3374 3808 3338 3606 2484 2861 3493 2283 1105 900 1898 1020 2684 2885 2642 906 1582 2550 2185 1105 224 708 1335 2502 861 2866 1750 2693 2052 1844 1712 906 1000 2564 2831 2148 2409 2885 2341 2500 2556 1844 1064 906 600 825 2122 1217 1342 2641 1209 2669 
1000000 1000000 1000000 1000000 1000000 2194 2942 2110 1361 2417 400 800 2203 1900 1563 2300 1342 1613 2843 1911 2409 2110 2309 2641 1316 2062 1342 2248 2062 510 2062 1393 700 0 1300 2508 2658 2268 2732 3163 1500 3202 1281 3398 2434 2641 1898 3062 2550 1457 3042 2221 3048 2721 1844 2000 2600 3265 2693 3177 2648 2907 2000 2335 2817 1703 1361 1141 1253 1346 2452 2564 2062 1082 1082 2081 1524 1361 825 539 1361 2625 729 2597 1514 2127 1656 1390 1924 224 807 2409 2530 1924 1712 2564 2203 2155 1985 1825 800 1205 922 944 2138 1500 1205 2434 1869 1993 
1000000 1000000 1000000 1000000 1000000 1078 1965 1887 317 1712 1205 1237 2141 861 500 2164 100 361 1803 825 1253 1304 2060 1903 1281 1457 100 1650 1105 1100 1105 1064 708 1300 0 3536 3722 2955 3749 4017 2746 3993 2221 4115 3602 3650 3002 3863 3552 2602 3758 3105 3672 3812 2564 3239 3635 4032 3806 4124 3800 4111 2641 3047 3912 2969 1650 1487 2550 1530 3362 3581 3329 1524 2281 3256 2824 1650 807 1415 1970 3027 1563 3552 2442 3384 2759 2550 2221 1524 1703 3221 3523 2831 2984 3581 2997 3202 3245 2470 1770 1457 1209 1477 2721 762 2025 2484 600 3102 
1000000 1000000 1000000 1000000 1000000 3932 4238 2732 3406 3512 2377 2309 2506 4318 3500 2642 3523 3706 4273 3713 4144 3493 2818 3677 2518 3229 3523 3290 3650 2452 3650 2817 3163 2508 3536 0 224 1064 224 855 1281 1020 1316 1316 609 142 641 906 100 1082 1105 584 1335 361 1171 1045 100 1119 425 708 584 1000 1253 990 448 2326 3745 3552 2000 3774 3848 3677 2405 3467 2550 2916 1836 3745 3325 2916 3547 4676 3024 3849 3265 2500 2969 2721 4187 2371 3000 3997 3717 3523 1342 3677 3884 3355 2436 3821 2921 3636 3400 3329 4111 3207 3256 2361 4131 566 
1000000 1000000 1000000 1000000 1000000 4144 4460 2955 3602 3734 2550 2502 2730 4492 3702 2866 3713 3902 4493 3921 4357 3711 3042 3900 2730 3449 3713 3512 3864 2631 3864 3027 3325 2658 3722 224 0 1281 200 906 1346 1100 1504 1400 510 224 762 1005 283 1209 1237 807 1487 142 1393 1030 142 1200 224 671 413 807 1477 1205 224 2333 3859 3672 2052 3895 3859 3668 2377 3585 2618 2907 1861 3859 3479 3042 3641 4739 3139 3848 3325 2470 3000 2766 4281 2508 3107 4023 3713 3561 1361 3668 3921 3362 2417 3890 3024 3759 3535 3449 4173 3414 3343 2581 4319 671 
1000000 1000000 1000000 1000000 1000000 3107 3276 1747 2752 2550 1985 1750 1487 3802 2790 1616 2916 3037 3338 2928 3302 2602 1803 2693 1747 2309 2916 2335 2802 2000 2802 2040 2781 2268 2955 1064 1281 0 1167 1105 1700 1045 1030 1167 1582 1082 1141 922 1000 1304 807 500 782 1422 425 1773 1141 1078 1487 1316 1628 2052 317 100 1500 2808 3624 3406 2335 3613 4221 4144 3002 3343 2752 3414 2303 3624 2984 2781 3552 4789 2942 4276 3454 3102 3299 3009 4162 2221 2969 4302 4160 3795 1911 4144 4144 3766 3000 3936 2916 3472 3183 3202 4249 2452 3313 1304 3512 1171 
1000000 1000000 1000000 1000000 1000000 4120 4397 2880 3613 3669 2597 2518 2641 4536 3702 2774 3734 3912 4439 3906 4329 3668 2955 3828 2708 3396 3734 3449 3833 2669 3833 3007 3384 2732 3749 224 200 1167 0 708 1487 900 1530 1200 708 100 861 807 200 1304 1045 729 1300 317 1335 1209 142 1000 413 500 609 985 1393 1082 361 2506 3967 3774 2203 3997 4032 3849 2564 3690 2759 3088 2025 3967 3547 3139 3765 4884 3245 4025 3472 2658 3163 2921 4405 2595 3221 4189 3892 3721 1527 3849 4081 3536 2600 4032 3141 3859 3624 3552 4319 3402 3472 2470 4342 782 
1000000 1000000 1000000 1000000 1000000 4211 4342 2817 3833 3623 2953 2786 2532 4847 3884 2648 3985 4124 4419 4032 4405 3700 2845 3749 2845 3402 3985 3414 3906 2997 3906 3141 3759 3163 4017 855 906 1105 708 0 2110 224 1887 510 1415 729 1443 224 762 1844 500 944 782 1000 1457 1898 825 317 1100 361 1300 1628 1415 1005 1005 3179 4469 4264 2831 4483 4696 4532 3258 4187 3361 3770 2684 4469 3945 3624 4314 5482 3754 4702 4081 3353 3808 3552 4950 3062 3749 4838 4570 4357 2194 4532 4717 4205 3290 4623 3677 4342 4081 4046 4921 3552 4037 2281 4589 1390 
1000000 1000000 1000000 1000000 1000000 3444 4000 2702 2721 3331 1553 1700 2608 3400 2880 2746 2766 3009 3967 3179 3668 3163 2861 3539 2141 2984 2766 3115 3225 1677 3225 2386 2200 1500 2746 1281 1346 1700 1487 2110 0 2237 944 2508 985 1422 671 2103 1361 413 2214 1335 2354 1361 1432 500 1346 2326 1304 1985 1209 1415 1628 1703 1443 1119 2550 2377 722 2600 2600 2474 1304 2285 1273 1727 609 2550 2309 1773 2303 3398 1839 2625 1985 1404 1700 1443 2942 1304 1789 2730 2500 2248 283 2474 2608 2119 1300 2546 1700 2470 2281 2155 2832 2684 2000 2641 3338 722 
1000000 1000000 1000000 1000000 1000000 4131 4220 2702 3795 3506 2969 2774 2409 4834 3833 2518 3957 4081 4305 3963 4319 3606 2717 3623 2790 3302 3957 3302 3821 3002 3821 3081 3774 3202 3993 1020 1100 1045 900 224 2237 0 1921 300 1604 906 1566 142 922 1942 317 990 584 1205 1432 2062 1005 100 1304 584 1504 1844 1361 949 1217 3325 4528 4319 2953 4535 4834 4682 3421 4245 3467 3922 2824 4528 3967 3680 4394 5581 3819 4847 4189 3518 3936 3672 5025 3115 3821 4965 4717 4478 2341 4682 4838 4347 3449 4721 3754 4394 4124 4104 5022 3493 4124 2138 4555 1524 
1000000 1000000 1000000 1000000 1000000 2693 3139 1770 2100 2442 1078 1000 1665 3009 2210 1803 2210 2400 3131 2452 2913 2326 1921 2641 1300 2110 2210 2221 2436 1141 2436 1582 1879 1281 2221 1316 1504 1030 1530 1887 944 1921 0 2122 1457 1432 825 1781 1335 566 1770 944 1803 1600 633 1281 1415 1985 1604 1932 1628 1993 825 1082 1700 1924 2618 2405 1404 2618 3239 3202 2185 2335 1747 2508 1457 2618 2060 1770 2524 3759 1921 3314 2436 2281 2320 2023 3141 1205 1942 3299 3207 2790 1221 3202 3133 2808 2159 2907 1887 2476 2203 2194 3221 1942 2283 1709 2817 922 
1000000 1000000 1000000 1000000 1000000 4178 4202 2708 3900 3502 3141 2916 2403 4965 3922 2500 4072 4179 4302 4027 4357 3635 2700 3602 2880 3325 4072 3307 3864 3163 3864 3163 3941 3398 4115 1316 1400 1167 1200 510 2508 300 2122 0 1903 1205 1839 413 1217 2196 361 1221 500 1504 1582 2354 1304 200 1604 855 1803 2138 1477 1082 1514 3606 4739 4526 3221 4739 5108 4965 3711 4456 3722 4206 3102 4739 4141 3890 4623 5825 4037 5127 4442 3808 4205 3936 5250 3325 4046 5233 4998 4742 2625 4965 5100 4624 3737 4965 3983 4597 4319 4314 5270 3574 4361 2103 4662 1803 
1000000 1000000 1000000 1000000 1000000 4149 4562 3107 3523 3848 2400 2434 2921 4319 3650 3062 3606 3821 4570 3906 4369 3770 3221 4032 2752 3535 3606 3624 3890 2502 3890 3037 3126 2434 3602 609 510 1582 708 1415 985 1604 1457 1903 0 700 633 1500 708 1000 1712 1082 1942 448 1563 566 600 1703 361 1171 224 539 1698 1527 500 1861 3535 3362 1641 3585 3384 3177 1879 3270 2221 2419 1415 3535 3256 2752 3276 4319 2824 3362 2907 1970 2550 2335 3912 2257 2774 3561 3225 3115 922 3177 3472 2885 1924 3483 2684 3454 3258 3139 3754 3396 2969 2829 4202 539 
1000000 1000000 1000000 1000000 1000000 4020 4302 2786 3513 3574 2500 2419 2550 4439 3602 2684 3635 3812 4342 3806 4230 3570 2864 3734 2608 3299 3635 3353 3734 2571 3734 2907 3290 2641 3650 142 224 1082 100 729 1422 906 1432 1205 700 0 782 800 100 1221 1020 633 1265 361 1237 1171 100 1005 448 566 633 1030 1300 1000 425 2460 3884 3690 2141 3912 3983 3808 2530 3606 2691 3047 1973 3884 3454 3053 3688 4817 3163 3982 3406 2625 3107 2861 4328 2506 3141 4135 3849 3662 1477 3808 4023 3489 2564 3963 3062 3774 3536 3467 4253 3302 3398 2386 4243 708 
1000000 1000000 1000000 1000000 1000000 3518 3936 2500 2907 3225 1812 1812 2335 3749 3027 2476 3000 3207 3940 3276 3737 3139 2625 3414 2119 2907 3000 3002 3258 1903 3258 2405 2571 1898 3002 641 762 1141 861 1443 671 1566 825 1839 633 782 0 1432 708 448 1553 700 1712 825 1000 633 722 1656 807 1346 807 1171 1167 1119 922 1773 3107 2916 1390 3139 3270 3133 1911 2831 1921 2377 1265 3107 2721 2283 2907 4046 2386 3290 2641 2010 2371 2110 3547 1747 2361 3400 3163 2916 807 3133 3276 2786 1924 3190 2281 3002 2774 2693 3483 2766 2618 2281 3602 100 
1000000 1000000 1000000 1000000 1000000 4020 4131 2608 3669 3414 2831 2641 2320 4702 3711 2434 3828 3957 4211 3848 4211 3502 2631 3536 2669 3200 3828 3207 3713 2866 3713 2962 3636 3062 3863 906 1005 922 807 224 2103 142 1781 413 1500 800 1432 0 807 1803 283 849 566 1119 1300 1942 900 224 1217 566 1415 1773 1237 825 1141 3196 4387 4178 2818 4394 4702 4555 3299 4104 3329 3795 2693 4387 3828 3539 4253 5441 3677 4717 4050 3396 3802 3536 4884 2974 3680 4831 4589 4342 2214 4555 4702 4216 3325 4581 3613 4253 3983 3963 4883 3374 3983 2062 4428 1393 
1000000 1000000 1000000 1000000 1000000 3921 4206 2693 3414 3479 2405 2320 2460 4342 3502 2595 3536 3713 4245 3706 4131 3472 2774 3641 2508 3202 3536 3258 3635 2474 3635 2808 3196 2550 3552 100 283 1000 200 762 1361 922 1335 1217 708 100 708 807 0 1141 1005 539 1237 425 1141 1141 142 1020 500 641 671 1082 1209 922 500 2417 3802 3606 2081 3828 3936 3770 2500 3523 2625 3009 1924 3802 3362 2969 3613 4751 3081 3940 3343 2597 3053 2802 4253 2419 3062 4082 3808 3606 1432 3770 3967 3444 2530 3895 2984 3690 3449 3384 4187 3202 3325 2303 4144 641 
1000000 1000000 1000000 1000000 1000000 3196 3690 2335 2532 3000 1400 1457 2221 3325 2669 2361 2608 2829 3672 2942 3418 2866 2484 3202 1836 2663 2608 2781 2955 1504 2955 2103 2138 1457 2602 1082 1209 1304 1304 1844 413 1942 566 2196 1000 1221 448 1803 1141 0 1879 985 1993 1265 1020 722 1167 2025 1237 1781 1205 1514 1217 1316 1361 1504 2663 2470 1045 2693 2942 2845 1712 2386 1527 2110 1000 2663 2281 1836 2476 3641 1942 2984 2248 1812 2025 1747 3115 1300 1921 3047 2864 2550 671 2845 2907 2474 1703 2781 1844 2556 2326 2248 3081 2436 2194 2237 3202 539 
1000000 1000000 1000000 1000000 1000000 3848 3912 2400 3547 3202 2781 2556 2103 4607 3574 2210 3717 3828 4002 3688 4032 3314 2409 3314 2530 3007 3717 3000 3536 2802 3536 2817 3581 3042 3758 1105 1237 807 1045 500 2214 317 1770 361 1712 1020 1553 283 1005 1879 0 895 283 1361 1221 2110 1119 300 1457 849 1650 2025 1119 722 1393 3325 4387 4173 2916 4385 4811 4685 3453 4104 3400 3930 2817 4387 3781 3539 4281 5492 3688 4839 4119 3552 3900 3625 4905 2974 3702 4925 4713 4429 2354 4685 4786 4333 3472 4633 3641 4243 3963 3963 4940 3229 4023 1825 4309 1530 
1000000 1000000 1000000 1000000 1000000 3406 3669 2155 2943 2942 2013 1869 1924 3922 3015 2060 3081 3239 3711 3200 3613 2943 2237 3102 2000 2669 3081 2721 3115 2062 3115 2300 2818 2221 3105 584 807 500 729 944 1335 990 944 1221 1082 633 700 849 539 985 895 0 1020 944 609 1316 671 1064 1000 1020 1132 1556 671 448 1030 2452 3539 3331 2025 3547 3922 3808 2608 3256 2506 3060 1942 3539 3002 2691 3406 4605 2829 3957 3225 2708 3009 2732 4037 2127 2832 4032 3833 3535 1504 3808 3892 3449 2618 3745 2766 3406 3141 3115 4050 2702 3141 1781 3688 708 
1000000 1000000 1000000 1000000 1000000 3688 3702 2210 3444 3002 2759 2500 1903 4528 3454 2000 3624 3717 3802 3545 3864 3141 2200 3102 2417 2829 3624 2808 3374 2766 3374 2693 3547 3048 3672 1335 1487 782 1300 782 2354 584 1803 500 1942 1265 1712 566 1237 1993 283 1020 0 1616 1205 2300 1361 539 1709 1132 1898 2285 1064 722 1656 3472 4405 4187 3037 4394 4934 4828 3623 4124 3493 4080 2962 4405 3754 3561 4327 5557 3721 4973 4205 3722 4017 3734 4941 3000 3745 5033 4851 4532 2518 4828 4885 4465 3635 4702 3690 4253 3963 3983 5012 3102 4082 1604 4205 1703 
1000000 1000000 1000000 1000000 1000000 4258 4589 3088 3700 3863 2631 2600 2866 4571 3806 3002 3806 4000 4618 4032 4473 3833 3177 4032 2845 3574 3806 3641 3982 2717 3982 3141 3396 2721 3812 361 142 1422 317 1000 1361 1205 1600 1504 448 361 825 1119 425 1265 1361 944 1616 0 1524 1000 283 1304 100 729 300 671 1613 1346 100 2303 3895 3713 2052 3936 3828 3624 2326 3624 2625 2866 1844 3895 3545 3088 3662 4739 3177 3808 3325 2417 2984 2759 4302 2564 3139 4000 3672 3547 1346 3624 3906 3329 2371 3895 3053 3802 3585 3489 4173 3523 3361 2721 4411 729 
1000000 1000000 1000000 1000000 1000000 2802 3068 1566 2377 2341 1563 1342 1361 3402 2434 1500 2530 2669 3105 2602 3007 2335 1665 2508 1404 2062 2530 2119 2508 1582 2508 1703 2361 1844 2564 1171 1393 425 1335 1457 1432 1432 633 1582 1563 1237 1000 1300 1141 1020 1221 609 1205 1524 0 1613 1265 1477 1566 1604 1665 2081 200 500 1616 2502 3202 2984 2003 3190 3864 3812 2730 2921 2377 3100 2010 3202 2562 2361 3139 4383 2524 3932 3068 2829 2943 2648 3745 1803 2556 3930 3821 3421 1677 3812 3765 3424 2717 3535 2506 3048 2759 2781 3849 2110 2907 1281 3133 1064 
1000000 1000000 1000000 1000000 1000000 3900 4411 3042 3202 3721 2040 2155 2907 3900 3353 3048 3256 3493 4391 3641 4124 3585 3183 3921 2556 3384 3256 3500 3668 2159 3668 2818 2700 2000 3239 1045 1030 1773 1209 1898 500 2062 1281 2354 566 1171 633 1942 1141 722 2110 1316 2300 1000 1613 0 1078 2159 922 1700 782 922 1789 1747 1064 1304 3009 2847 1082 3068 2831 2641 1361 2752 1665 1879 849 3009 2808 2257 2730 3754 2309 2818 2344 1457 1985 1770 3362 1803 2248 3000 2684 2550 361 2641 2907 2333 1393 2921 2155 2942 2766 2625 3190 3139 2419 2885 3833 609 
1000000 1000000 1000000 1000000 1000000 4032 4333 2824 3506 3606 2474 2409 2595 4415 3600 2730 3623 3806 4369 3812 4243 3591 2907 3770 2618 3325 3623 3384 3749 2550 3749 2916 3258 2600 3635 100 142 1141 142 825 1346 1005 1415 1304 600 100 722 900 142 1167 1119 671 1361 283 1265 1078 0 1105 361 641 539 944 1342 1064 361 2371 3828 3636 2062 3859 3895 3717 2436 3552 2618 2955 1887 3828 3418 3002 3624 4743 3107 3892 3331 2530 3024 2781 4264 2460 3081 4050 3758 3581 1390 3717 3941 3400 2470 3890 3000 3722 3489 3414 4178 3307 3331 2442 4230 641 
1000000 1000000 1000000 1000000 1000000 4144 4211 2700 3828 3502 3024 2818 2403 4876 3861 2508 3993 4111 4302 3982 4329 3613 2708 3613 2817 3307 3993 3300 3833 3053 3833 3105 3828 3265 4032 1119 1200 1078 1000 317 2326 100 1985 200 1703 1005 1656 224 1020 2025 300 1064 539 1304 1477 2159 1105 0 1404 671 1604 1942 1393 985 1316 3418 4597 4387 3042 4602 4925 4776 3518 4314 3552 4017 2916 4597 4023 3749 4469 5662 3890 4940 4273 3614 4025 3759 5100 3183 3895 5054 4811 4566 2436 4776 4925 4439 3545 4802 3829 4460 4187 4173 5104 3518 4202 2122 4589 1616 
1000000 1000000 1000000 1000000 1000000 4276 4624 3131 3702 3900 2618 2602 2916 4555 3812 3053 3802 4002 4649 4045 4492 3861 3225 4072 2864 3606 3802 3677 4003 2708 4003 3158 3374 2693 3806 425 224 1487 413 1100 1304 1304 1604 1604 361 448 807 1217 500 1237 1457 1000 1709 100 1566 922 361 1404 0 825 200 584 1665 1415 142 2221 3848 3668 1985 3892 3745 3536 2237 3578 2562 2779 1770 3848 3518 3047 3606 4670 3131 3722 3256 2326 2907 2688 4244 2530 3089 3921 3585 3472 1273 3536 3829 3245 2283 3829 3002 3758 3547 3444 4104 3536 3302 2781 4405 708 
1000000 1000000 1000000 1000000 1000000 4400 4590 3060 3963 3864 3009 2887 2790 4934 4032 2913 4100 4258 4653 4205 4602 3912 3105 4003 3007 3623 4100 3650 4102 3068 4102 3307 3808 3177 4124 708 671 1316 500 361 1985 584 1932 855 1171 566 1346 566 641 1781 849 1020 1132 729 1604 1700 641 671 825 0 1020 1304 1604 1217 708 3002 4441 4244 2702 4466 4528 4339 3047 4162 3256 3578 2524 4441 3982 3606 4253 5382 3721 4518 3970 3139 3662 3421 4892 3053 3702 4688 4383 4221 2025 4339 4581 4032 3088 4528 3624 4327 4082 4023 4817 3713 3963 2564 4708 1273 
1000000 1000000 1000000 1000000 1000000 4318 4702 3225 3713 3982 2602 2618 3024 4528 3833 3163 3802 4012 4717 4080 4536 3922 3329 4160 2913 3677 3802 3758 4053 2700 4053 3202 3338 2648 3800 584 413 1628 609 1300 1209 1504 1628 1803 224 633 807 1415 671 1205 1650 1132 1898 300 1665 782 539 1604 200 1020 0 425 1781 1563 317 2062 3758 3585 1861 3808 3581 3362 2060 3493 2442 2608 1628 3758 3472 2974 3499 4535 3047 3552 3125 2148 2759 2550 4135 2474 2997 3765 3414 3325 1141 3362 3680 3081 2110 3702 2907 3677 3479 3362 3970 3570 3191 2907 4400 708 
1000000 1000000 1000000 1000000 1000000 4685 5100 3636 4045 4383 2907 2962 3441 4805 4178 3581 4120 4342 5108 4439 4905 4309 3745 4566 3290 4072 4120 4160 4428 3015 4428 3574 3606 2907 4111 1000 807 2052 985 1628 1415 1844 1993 2138 539 1030 1171 1773 1082 1514 2025 1556 2285 671 2081 922 944 1942 584 1304 425 0 2203 1985 633 2062 3922 3765 1970 3985 3539 3281 1985 3669 2550 2550 1700 3922 3722 3179 3625 4581 3229 3483 3191 2062 2781 2608 4249 2717 3163 3749 3343 3343 1265 3281 3688 3042 2052 3774 3068 3861 3688 3545 4023 3930 3311 3331 4710 1078 
1000000 1000000 1000000 1000000 1000000 2802 3009 1487 2436 2281 1698 1443 1253 3489 2474 1390 2600 2721 3060 2618 3000 2309 1566 2436 1432 2023 2600 2062 2500 1703 2500 1727 2484 2000 2641 1253 1477 317 1393 1415 1628 1361 825 1477 1698 1300 1167 1237 1209 1217 1119 671 1064 1613 200 1789 1342 1393 1665 1604 1781 2203 0 413 1700 2702 3361 3141 2203 3343 4061 4012 2928 3081 2571 3300 2210 3361 2691 2524 3313 4562 2693 4131 3258 3027 3141 2845 3912 1973 2730 4124 4020 3614 1869 4012 3957 3623 2916 3717 2684 3202 2907 2942 4032 2138 3088 1132 3196 1221 
1000000 1000000 1000000 1000000 1000000 3207 3374 1844 2847 2648 2062 1836 1582 3892 2887 1709 3009 3133 3437 3027 3402 2702 1898 2790 1844 2409 3009 2434 2902 2081 2902 2138 2861 2335 3047 990 1205 100 1082 1005 1703 949 1082 1082 1527 1000 1119 825 922 1316 722 448 722 1346 500 1747 1064 985 1415 1217 1563 1985 413 0 1422 2817 3688 3472 2354 3680 4245 4160 3000 3406 2786 3424 2309 3688 3062 2843 3606 4838 3000 4296 3493 3100 3325 3037 4221 2281 3024 4333 4178 3828 1903 4160 4179 3786 3002 3983 2969 3539 3253 3265 4295 2550 3362 1390 3606 1141 
1000000 1000000 1000000 1000000 1000000 4357 4682 3179 3800 3957 2730 2700 2953 4670 3906 3089 3906 4100 4713 4131 4571 3930 3265 4124 2943 3669 3906 3734 4080 2817 4080 3239 3493 2817 3912 448 224 1500 361 1005 1443 1217 1700 1514 500 425 922 1141 500 1361 1393 1030 1656 100 1616 1064 361 1316 142 708 317 633 1700 1422 0 2361 3983 3802 2127 4025 3884 3672 2371 3713 2702 2916 1911 3983 3641 3179 3745 4811 3265 3859 3398 2460 3048 2829 4383 2658 3225 4061 3722 3613 1415 3672 3970 3384 2419 3970 3139 3892 3677 3578 4245 3623 3441 2802 4510 825 
1000000 1000000 1000000 1000000 1000000 3895 4610 3535 3062 4023 1985 2303 3512 3384 3265 3641 3024 3302 4528 3613 4111 3765 3717 4244 2831 3662 3024 3828 3749 2127 3749 3000 2283 1703 2969 2326 2333 2808 2506 3179 1119 3325 1924 3606 1861 2460 1773 3196 2417 1504 3325 2452 3472 2303 2502 1304 2371 3418 2221 3002 2062 2062 2702 2817 2361 0 2100 2010 539 2203 1527 1361 361 1911 729 609 510 2100 2285 1616 1712 2524 1553 1524 1171 425 722 609 2281 1487 1432 1703 1393 1281 985 1361 1628 1030 283 1747 1335 2110 2062 1825 1973 3183 1404 3614 3489 1803 
1000000 1000000 1000000 1000000 1000000 2721 3614 3256 1924 3307 1700 2062 3421 1556 2138 3493 1747 1993 3449 2474 2880 2916 3453 3513 2474 3000 1747 3200 2746 1747 2746 2419 1105 1361 1650 3745 3859 3624 3967 4469 2550 4528 2618 4739 3535 3884 3107 4387 3802 2663 4387 3539 4405 3895 3202 3009 3828 4597 3848 4441 3758 3922 3361 3688 3983 2100 0 224 1965 142 1839 2141 2409 283 1415 2089 2257 0 900 849 448 1400 722 2052 1078 2419 1553 1504 609 1415 762 1641 2062 1361 2658 2141 1422 1836 2309 861 855 200 510 425 1078 2303 708 3700 1887 3191 
1000000 1000000 1000000 1000000 1000000 2564 3449 3042 1747 3115 1477 1839 3202 1500 1965 3276 1582 1839 3290 2309 2732 2730 3239 3325 2257 2802 1582 3002 2571 1524 2571 2210 900 1141 1487 3552 3672 3406 3774 4264 2377 4319 2405 4526 3362 3690 2916 4178 3606 2470 4173 3331 4187 3713 2984 2847 3636 4387 3668 4244 3585 3765 3141 3472 3802 2010 224 0 1825 224 1921 2194 2335 100 1300 2062 2122 224 708 641 500 1604 539 2127 1082 2354 1524 1432 825 1205 609 1750 2122 1415 2500 2194 1527 1861 2237 985 708 100 300 224 1237 2110 671 3479 1781 3002 
1000000 1000000 1000000 1000000 1000000 3421 4104 2997 2608 3500 1487 1781 2974 3060 2802 3102 2595 2866 4032 3141 3641 3256 3179 3721 2303 3141 2595 3302 3256 1628 3256 2484 1898 1253 2550 2000 2052 2335 2203 2831 722 2953 1404 3221 1641 2141 1390 2818 2081 1045 2916 2025 3037 2052 2003 1082 2062 3042 1985 2702 1861 1970 2203 2354 2127 539 1965 1825 0 2040 1898 1812 861 1727 584 1105 300 1965 1942 1304 1656 2688 1304 1942 1273 944 985 722 2283 1030 1217 2013 1825 1527 722 1812 1887 1432 807 1844 1119 1924 1800 1613 2122 2691 1342 3081 3102 1443 
1000000 1000000 1000000 1000000 1000000 2597 3493 3179 1812 3202 1665 2013 3353 1415 2023 3421 1628 1869 3325 2354 2752 2808 3374 3406 2405 2902 1628 3102 2631 1700 2631 2335 1020 1346 1530 3774 3895 3613 3997 4483 2600 4535 2618 4739 3585 3912 3139 4394 3828 2693 4385 3547 4394 3936 3190 3068 3859 4602 3892 4466 3808 3985 3343 3680 4025 2203 142 224 2040 0 1980 2281 2518 317 1504 2214 2335 142 807 861 584 1504 762 2194 1209 2532 1677 1613 700 1422 825 1781 2203 1500 2721 2281 1563 1973 2419 1000 922 142 448 448 1209 2200 825 3641 1750 3225 
1000000 1000000 1000000 1000000 1000000 4430 5281 4555 3578 4839 2845 3239 4618 3395 3802 4727 3449 3722 5143 4160 4615 4495 4752 5060 3766 4493 3449 4685 4387 2962 4387 3833 2684 2452 3362 3848 3859 4221 4032 4696 2600 4834 3239 5108 3384 3983 3270 4702 3936 2942 4811 3922 4934 3828 3864 2831 3895 4925 3745 4528 3581 3539 4061 4245 3884 1527 1839 1921 1898 1980 0 400 1556 1861 1504 990 2013 1839 2556 2025 1422 1304 1839 224 949 1487 922 1217 1566 2320 1709 300 300 539 2506 400 448 500 1487 1000 1677 1985 2164 1887 949 3863 1342 4802 3702 3311 
1000000 1000000 1000000 1000000 1000000 4633 5459 4633 3774 4977 2942 3325 4670 3688 3997 4786 3662 3941 5334 4357 4826 4652 4828 5200 3861 4624 3662 4811 4566 3068 4566 3957 2885 2564 3581 3677 3668 4144 3849 4532 2474 4682 3202 4965 3177 3808 3133 4555 3770 2845 4685 3808 4828 3624 3812 2641 3717 4776 3536 4339 3362 3281 4012 4160 3672 1361 2141 2194 1812 2281 400 0 1304 2122 1530 762 1869 2141 2781 2196 1703 1703 2025 224 1141 1221 922 1217 1932 2405 1887 700 100 782 2341 0 825 413 1253 1342 1836 2268 2409 2127 1335 4025 1563 4826 3963 3163 
