NAME : 20-5-1-i
TYPE : ATSP
DIMENSION : 30
EDGE_WEIGHT_TYPE : EXPLICIT
EDGE_WEIGHT_FORMAT : FULL_MATRIX
EDGE_WEIGHT_SECTION
1000000 1000000 1000000 1000000 1000000 3131 2409 4273 3418 4206 3024 5361 3042 2040 708 2386 2953 4003 2361 1628 1030 2303 3374 3207 3314 0 1000000 1000000 1000000 1000000 
1000000 1000000 1000000 1000000 1000000 906 1703 1005 510 300 2333 1993 2693 2405 3672 2500 1105 448 1803 2508 3225 1980 722 4339 1078 1000000 0 1000000 1000000 1000000 
1000000 1000000 1000000 1000000 1000000 2081 3009 2155 2484 3000 609 2702 448 3523 3765 1141 1973 3183 1727 2040 2460 3276 2942 1803 3276 1000000 1000000 0 1000000 1000000 
1000000 1000000 1000000 1000000 1000000 3265 3680 3749 3713 4402 1844 4411 1514 3912 3453 1665 3089 4473 2500 2221 2089 3842 4050 317 4281 1000000 1000000 1000000 0 1000000 
1000000 1000000 1000000 1000000 1000000 3089 2320 4244 3362 4144 3053 5342 3088 1924 566 2419 2916 3930 2344 1628 1078 2200 3299 3314 3225 1000000 1000000 1000000 1000000 0 
1000000 1000000 1000000 1000000 1000000 0 1265 1205 448 1205 1556 2344 1911 1970 2984 1616 200 1209 900 1628 2354 1582 861 3499 1209 3131 906 2081 3265 3089 
1000000 1000000 1000000 1000000 1000000 1265 0 2419 1281 1942 2405 3552 2693 722 2025 2110 1217 1656 1300 1500 2025 317 1030 3970 906 2409 1703 3009 3680 2320 
1000000 1000000 1000000 1000000 1000000 1205 2419 0 1171 1078 1911 1141 2237 3139 4178 2320 1346 1432 1924 2684 3402 2730 1628 3906 2023 4273 1005 2155 3749 4244 
1000000 1000000 1000000 1000000 1000000 448 1281 1171 0 807 1985 2283 2344 2000 3191 2062 633 762 1316 2003 2717 1582 510 3945 906 3418 510 2484 3713 3362 
1000000 1000000 1000000 1000000 1000000 1205 1942 1078 807 0 2595 1924 2953 2625 3936 2790 1404 413 2103 2808 3523 2203 922 4610 1221 4206 300 3000 4402 4144 
1000000 1000000 1000000 1000000 1000000 1556 2405 1911 1985 2595 0 2693 361 2916 3232 641 1422 2721 1119 1487 2000 2669 2409 2025 2721 3024 2333 609 1844 3053 
1000000 1000000 1000000 1000000 1000000 2344 3552 1141 2283 1924 2693 0 2943 4273 5304 3232 2476 2335 3000 3745 4442 3859 2693 4500 3068 5361 1993 2702 4411 5342 
1000000 1000000 1000000 1000000 1000000 1911 2693 2237 2344 2953 361 2943 0 3158 3325 708 1770 3081 1393 1613 2013 2942 2759 1677 3062 3042 2693 448 1514 3088 
1000000 1000000 1000000 1000000 1000000 1970 722 3139 2000 2625 2916 4273 3158 0 1504 2500 1898 2303 1803 1700 1985 425 1703 4220 1477 2040 2405 3523 3912 1924 
1000000 1000000 1000000 1000000 1000000 2984 2025 4178 3191 3936 3232 5304 3325 1504 0 2625 2832 3677 2361 1747 1400 1844 3047 3766 2913 708 3672 3765 3453 566 
1000000 1000000 1000000 1000000 1000000 1616 2110 2320 2062 2790 641 3232 708 2500 2625 0 1432 2824 849 906 1361 2326 2386 1921 2625 2386 2500 1141 1665 2419 
1000000 1000000 1000000 1000000 1000000 200 1217 1346 633 1404 1422 2476 1770 1898 2832 1432 0 1393 700 1432 2159 1530 990 3329 1304 2953 1105 1973 3089 2916 
1000000 1000000 1000000 1000000 1000000 1209 1656 1432 762 413 2721 2335 3081 2303 3677 2824 1393 0 2062 2708 3400 1887 633 4702 849 4003 448 3183 4473 3930 
1000000 1000000 1000000 1000000 1000000 900 1300 1924 1316 2103 1119 3000 1393 1803 2361 849 700 2062 0 762 1487 1553 1566 2766 1781 2361 1803 1727 2500 2344 
1000000 1000000 1000000 1000000 1000000 1628 1500 2684 2003 2808 1487 3745 1613 1700 1747 906 1432 2708 762 0 729 1628 2138 2524 2248 1628 2508 2040 2221 1628 
1000000 1000000 1000000 1000000 1000000 2354 2025 3402 2717 3523 2000 4442 2013 1985 1400 1361 2159 3400 1487 729 0 2060 2808 2405 2864 1030 3225 2460 2089 1078 
1000000 1000000 1000000 1000000 1000000 1582 317 2730 1582 2203 2669 3859 2942 425 1844 2326 1530 1887 1553 1628 2060 0 1281 4141 1078 2303 1980 3276 3842 2200 
1000000 1000000 1000000 1000000 1000000 861 1030 1628 510 922 2409 2693 2759 1703 3047 2386 990 633 1566 2138 2808 1281 0 4302 400 3374 722 2942 4050 3299 
1000000 1000000 1000000 1000000 1000000 3499 3970 3906 3945 4610 2025 4500 1677 4220 3766 1921 3329 4702 2766 2524 2405 4141 4302 0 4546 3207 4339 1803 317 3314 
1000000 1000000 1000000 1000000 1000000 1209 906 2023 906 1221 2721 3068 3062 1477 2913 2625 1304 849 1781 2248 2864 1078 400 4546 0 3314 1078 3276 4281 3225 
1000000 0 1000000 1000000 1000000 1000000 1000000 1000000 1000000 1000000 1000000 1000000 1000000 1000000 1000000 1000000 1000000 1000000 1000000 1000000 1000000 1000000 1000000 1000000 1000000 1000000 1000000 1000000 1000000 1000000 
1000000 1000000 0 1000000 1000000 1000000 1000000 1000000 1000000 1000000 1000000 1000000 1000000 1000000 1000000 1000000 1000000 1000000 1000000 1000000 1000000 1000000 1000000 1000000 1000000 1000000 1000000 1000000 1000000 1000000 
1000000 1000000 1000000 0 1000000 1000000 1000000 1000000 1000000 1000000 1000000 1000000 1000000 1000000 1000000 1000000 1000000 1000000 1000000 1000000 1000000 1000000 1000000 1000000 1000000 1000000 1000000 1000000 1000000 1000000 
1000000 1000000 1000000 1000000 0 1000000 1000000 1000000 1000000 1000000 1000000 1000000 1000000 1000000 1000000 1000000 1000000 1000000 1000000 1000000 1000000 1000000 1000000 1000000 1000000 1000000 1000000 1000000 1000000 1000000 
0 1000000 1000000 1000000 1000000 1000000 1000000 1000000 1000000 1000000 1000000 1000000 1000000 1000000 1000000 1000000 1000000 1000000 1000000 1000000 1000000 1000000 1000000 1000000 1000000 1000000 1000000 1000000 1000000 1000000 
EOF
