NAME : 20-5-2-i
TYPE : ATSP
DIMENSION : 30
EDGE_WEIGHT_TYPE : EXPLICIT
EDGE_WEIGHT_FORMAT : FULL_MATRIX
EDGE_WEIGHT_SECTION
1000000 1000000 1000000 1000000 1000000 317 2263 448 413 1613 500 1993 1432 2103 361 3472 2829 2766 4177 2817 3331 3864 2916 2907 3848 0 1000000 1000000 1000000 1000000 
1000000 1000000 1000000 1000000 1000000 2103 1265 1613 2248 2974 2436 2052 2508 510 1803 4977 3395 4163 4817 3624 4847 4342 3861 3331 4842 1000000 0 1000000 1000000 1000000 
1000000 1000000 1000000 1000000 1000000 3864 2693 3906 4555 3042 4590 2200 2847 3454 4311 3672 1641 3125 1803 1980 3636 1335 2203 1443 2500 1000000 1000000 0 1000000 1000000 
1000000 1000000 1000000 1000000 1000000 949 2040 1281 1628 448 1604 1221 224 2320 1566 2460 1600 1665 2913 1553 2326 2618 1656 1712 2608 1000000 1000000 1000000 0 1000000 
1000000 1000000 1000000 1000000 1000000 2974 3808 3398 3523 1703 3414 2766 2110 4309 3613 539 1727 500 1750 1316 500 1911 1020 1942 949 1000000 1000000 1000000 1000000 0 
1000000 1000000 1000000 1000000 1000000 0 2141 510 700 1304 729 1747 1119 2089 641 3202 2518 2476 3861 2500 3062 3552 2600 2602 3536 317 2103 3864 949 2974 
1000000 1000000 1000000 1000000 1000000 2141 0 1844 2625 2409 2759 1045 1911 762 2221 4258 2333 3437 3688 2641 4144 3183 2916 2221 3848 2263 1265 2693 2040 3808 
1000000 1000000 1000000 1000000 1000000 510 1844 0 782 1698 922 1712 1390 1656 413 3662 2721 2907 4124 2774 3523 3765 2916 2766 3884 448 1613 3906 1281 3398 
1000000 1000000 1000000 1000000 1000000 700 2625 782 0 1932 200 2405 1812 2386 448 3680 3215 3024 4536 3179 3539 4243 3258 3302 4163 413 2248 4555 1628 3523 
1000000 1000000 1000000 1000000 1000000 1304 2409 1698 1932 0 1869 1487 500 2746 1942 2013 1457 1221 2631 1300 1879 2403 1335 1616 2237 1613 2974 3042 448 1703 
1000000 1000000 1000000 1000000 1000000 729 2759 922 200 1869 0 2470 1800 2556 633 3547 3202 2916 4492 3141 3406 4220 3202 3302 4086 500 2436 4590 1604 3414 
1000000 1000000 1000000 1000000 1000000 1747 1045 1712 2405 1487 2470 0 1030 1641 2122 3225 1346 2409 2766 1613 3115 2303 1879 1281 2831 1993 2052 2200 1221 2766 
1000000 1000000 1000000 1000000 1000000 1119 1911 1390 1812 500 1800 1030 0 2257 1709 2470 1404 1656 2752 1393 2341 2434 1527 1504 2500 1432 2508 2847 224 2110 
1000000 1000000 1000000 1000000 1000000 2089 762 1656 2386 2746 2556 1641 2257 0 1942 4713 2984 3890 4385 3245 4589 3895 3499 2900 4466 2103 510 3454 2320 4309 
1000000 1000000 1000000 1000000 1000000 641 2221 413 448 1942 633 2122 1709 1942 0 3829 3081 3115 4460 3102 3688 4124 3221 3141 4168 361 1803 4311 1566 3613 
1000000 1000000 1000000 1000000 1000000 3202 4258 3662 3680 2013 3547 3225 2470 4713 3829 0 2257 825 2203 1844 142 2421 1553 2474 1361 3472 4977 3672 2460 539 
1000000 1000000 1000000 1000000 1000000 2518 2333 2721 3215 1457 3202 1346 1404 2984 3081 2257 0 1566 1443 413 2185 1045 708 224 1524 2829 3395 1641 1600 1727 
1000000 1000000 1000000 1000000 1000000 2476 3437 2907 3024 1221 2916 2409 1656 3890 3115 825 1566 0 1993 1167 708 2025 922 1789 1300 2766 4163 3125 1665 500 
1000000 1000000 1000000 1000000 1000000 3861 3688 4124 4536 2631 4492 2766 2752 4385 4460 2203 1443 1993 0 1361 2221 539 1304 1487 849 4177 4817 1803 2913 1750 
1000000 1000000 1000000 1000000 1000000 2500 2641 2774 3179 1300 3141 1613 1393 3245 3102 1844 413 1167 1361 0 1773 1105 300 633 1221 2817 3624 1980 1553 1316 
1000000 1000000 1000000 1000000 1000000 3062 4144 3523 3539 1879 3406 3115 2341 4589 3688 142 2185 708 2221 1773 0 2409 1487 2405 1390 3331 4847 3636 2326 500 
1000000 1000000 1000000 1000000 1000000 3552 3183 3765 4243 2403 4220 2303 2434 3895 4124 2421 1045 2025 539 1105 2409 0 1171 1030 1171 3864 4342 1335 2618 1911 
1000000 1000000 1000000 1000000 1000000 2600 2916 2916 3258 1335 3202 1879 1527 3499 3221 1553 708 922 1304 300 1487 1171 0 922 990 2916 3861 2203 1656 1020 
1000000 1000000 1000000 1000000 1000000 2602 2221 2766 3302 1616 3302 1281 1504 2900 3141 2474 224 1789 1487 633 2405 1030 922 0 1677 2907 3331 1443 1712 1942 
1000000 1000000 1000000 1000000 1000000 3536 3848 3884 4163 2237 4086 2831 2500 4466 4168 1361 1524 1300 849 1221 1390 1171 990 1677 0 3848 4842 2500 2608 949 
1000000 0 1000000 1000000 1000000 1000000 1000000 1000000 1000000 1000000 1000000 1000000 1000000 1000000 1000000 1000000 1000000 1000000 1000000 1000000 1000000 1000000 1000000 1000000 1000000 1000000 1000000 1000000 1000000 1000000 
1000000 1000000 0 1000000 1000000 1000000 1000000 1000000 1000000 1000000 1000000 1000000 1000000 1000000 1000000 1000000 1000000 1000000 1000000 1000000 1000000 1000000 1000000 1000000 1000000 1000000 1000000 1000000 1000000 1000000 
1000000 1000000 1000000 0 1000000 1000000 1000000 1000000 1000000 1000000 1000000 1000000 1000000 1000000 1000000 1000000 1000000 1000000 1000000 1000000 1000000 1000000 1000000 1000000 1000000 1000000 1000000 1000000 1000000 1000000 
1000000 1000000 1000000 1000000 0 1000000 1000000 1000000 1000000 1000000 1000000 1000000 1000000 1000000 1000000 1000000 1000000 1000000 1000000 1000000 1000000 1000000 1000000 1000000 1000000 1000000 1000000 1000000 1000000 1000000 
0 1000000 1000000 1000000 1000000 1000000 1000000 1000000 1000000 1000000 1000000 1000000 1000000 1000000 1000000 1000000 1000000 1000000 1000000 1000000 1000000 1000000 1000000 1000000 1000000 1000000 1000000 1000000 1000000 1000000 
EOF
