NAME : 50-5-1-i
TYPE : ATSP
DIMENSION : 60
EDGE_WEIGHT_TYPE : EXPLICIT
EDGE_WEIGHT_FORMAT : FULL_MATRIX
EDGE_WEIGHT_SECTION
1000000 1000000 1000000 1000000 1000000 2203 906 762 2817 2721 4633 4402 3015 3406 2518 2419 2237 4141 0 2103 566 1141 3828 1100 2708 2562 4205 3711 5216 3126 1803 5167 3668 4221 1812 3864 4244 4940 448 3215 4302 2470 3276 762 5598 1924 5806 2955 4419 2500 3449 1677 2546 3009 1415 0 1000000 1000000 1000000 1000000 
1000000 1000000 1000000 1000000 1000000 3053 4602 5025 3795 4851 1616 1703 3713 3158 3355 2832 3048 1500 5186 3895 5163 4305 1903 4394 3848 2730 3906 3115 1628 3037 4050 708 4710 1000 4086 3338 1030 1665 4781 3688 944 3258 2354 5576 949 4168 1005 2470 3765 4080 1887 4811 2663 2506 4610 1000000 0 1000000 1000000 1000000 
1000000 1000000 1000000 1000000 1000000 3183 4883 5123 4296 4685 1200 2335 3518 3713 3795 3139 3362 1342 5376 4309 5421 4405 1747 4688 3700 2832 3513 2817 1030 3552 4429 224 4411 1432 4082 3002 1514 1141 4950 4230 1415 3225 2283 5686 300 4570 448 2880 3338 3957 2309 4789 2832 2942 4633 1000000 1000000 0 1000000 1000000 
1000000 1000000 1000000 1000000 1000000 2052 1924 3141 500 4327 3713 1911 3754 600 317 1221 1132 3115 2808 762 2474 2658 3081 1712 3607 2164 4771 3895 4200 361 1045 3668 4880 2377 3053 4168 2309 4005 2608 641 2405 2832 2824 3502 4100 1030 4245 1005 4838 3624 1514 3585 1887 900 3232 1000000 1000000 1000000 0 1000000 
1000000 1000000 1000000 1000000 1000000 2500 1020 1020 2900 2984 4940 4610 3325 3536 2669 2663 2470 4441 317 2210 510 1457 4135 1237 3015 2861 4510 4027 5523 3276 1911 5457 3946 4483 2122 4178 4500 5248 762 3300 4561 2786 3585 849 5890 2000 6096 3177 4727 2802 3690 1942 2832 3221 1703 1000000 1000000 1000000 1000000 0 
1000000 1000000 1000000 1000000 1000000 0 1869 1973 2442 2377 2460 2702 1703 2500 1781 861 922 1942 2203 1932 2326 1253 1656 1727 1563 361 2774 1965 3042 2141 1844 2970 2832 2155 1205 2214 2214 2774 1770 2691 2248 782 1141 2524 3398 2062 3607 1393 2880 1613 1600 1903 413 1524 1628 2203 3053 3183 2052 2500 
1000000 1000000 1000000 1000000 1000000 1869 0 1443 1911 3191 4309 3624 3158 2518 1650 1770 1556 3758 906 1200 584 1342 3512 224 2887 2214 4357 3700 4885 2257 900 4688 4032 3607 2025 3906 3607 4624 861 2309 3677 2400 3009 1650 5132 1020 5326 2221 4528 2752 2766 2203 2103 2248 1861 906 4602 4883 1924 1020 
1000000 1000000 1000000 1000000 1000000 1973 1443 0 3258 1965 4253 4492 2377 3734 2829 2452 2320 3821 762 2530 1304 722 3466 1566 2062 2303 3536 3139 4828 3414 2248 4905 2928 4115 1209 3258 4163 4546 584 3641 4205 2000 2900 566 5316 2417 5532 3042 3766 1825 3449 922 2371 3126 708 762 5025 5123 3141 1020 
1000000 1000000 1000000 1000000 1000000 2442 1911 3258 0 4623 4211 2303 4141 782 671 1656 1527 3613 2817 729 2403 2866 3570 1727 3970 2595 5198 4339 4700 762 1020 4160 5241 2864 3343 4607 2790 4505 2693 400 2887 3221 3290 3552 4590 900 4730 1504 5278 3960 2010 3808 2326 1400 3449 2817 3795 4296 500 2900 
1000000 1000000 1000000 1000000 1000000 2377 3191 1965 4623 0 3547 5001 1171 4838 4023 3221 3225 3374 2721 3963 3232 1861 2962 3221 1005 2474 1887 1973 4025 4478 3749 4465 1005 4202 1281 1921 4305 3758 2417 4941 4302 1727 2508 2303 4776 3963 4998 3770 2164 807 3906 1045 2721 3900 1342 2721 4851 4685 4327 2984 
1000000 1000000 1000000 1000000 1000000 2460 4309 4253 4211 3547 0 2802 2377 3808 3600 2730 2943 600 4633 4020 4786 3561 807 4144 2595 2103 2320 1628 584 3552 4061 1005 3215 1665 3115 1803 1803 317 4189 4258 1721 2263 1361 4817 1237 4243 1457 2708 2159 2866 2257 3781 2214 2817 3680 4633 1616 1200 3713 4940 
1000000 1000000 1000000 1000000 1000000 2702 3624 4492 2303 5001 2802 0 4050 1566 2062 2040 2185 2335 4402 2625 4206 3833 2562 3400 4053 2532 4688 3774 3088 1563 2861 2281 5200 1141 3906 4050 1000 3002 4081 2103 1082 3276 2684 4973 2631 2907 2708 1457 4641 4198 1105 4600 2309 1393 4305 4402 1703 2335 1911 4610 
1000000 1000000 1000000 1000000 1000000 1703 3158 2377 4141 1171 2377 4050 0 4178 3483 2546 2625 2221 3015 3585 3402 1900 1812 3105 317 1641 1205 849 2866 3821 3444 3299 1167 3141 1205 895 3256 2595 2602 4394 3239 922 1415 2880 3606 3668 3828 3000 1404 584 2997 1613 1921 3141 1677 3015 3713 3518 3754 3325 
1000000 1000000 1000000 1000000 1000000 2500 2518 3734 782 4838 3808 1566 4178 0 906 1641 1613 3229 3406 1335 3060 3229 3270 2309 4061 2546 5123 4221 4243 361 1628 3602 5327 2300 3578 4500 2203 4080 3207 539 2303 3265 3107 4102 4012 1582 4131 1221 5162 4105 1553 4144 2263 1082 3795 3406 3158 3713 600 3536 
1000000 1000000 1000000 1000000 1000000 1781 1650 2829 671 4023 3600 2062 3483 906 0 985 861 3000 2518 566 2214 2341 2928 1432 3325 1924 4528 3668 4111 609 807 3641 4597 2377 2746 3936 2326 3902 2303 922 2417 2562 2625 3200 4081 849 4238 922 4607 3331 1487 3270 1656 855 2916 2518 3355 3795 317 2669 
1000000 1000000 1000000 1000000 1000000 861 1770 2452 1656 3221 2730 2040 2546 1641 985 0 224 2138 2419 1300 2335 1803 2000 1563 2421 944 3552 2684 3276 1281 1335 2953 3688 1839 1993 2953 1844 3042 2062 1861 1911 1628 1650 2942 3400 1514 3585 600 3624 2470 1030 2631 671 708 2309 2419 2832 3139 1221 2663 
1000000 1000000 1000000 1000000 1000000 922 1556 2320 1527 3225 2943 2185 2625 1613 861 224 0 2354 2237 1105 2127 1703 2203 1346 2476 1078 3672 2824 3493 1253 1119 3177 3749 2052 1970 3088 2052 3256 1898 1770 2122 1703 1825 2790 3624 1304 3808 729 3758 2500 1221 2571 825 807 2237 2237 3048 3362 1132 2470 
1000000 1000000 1000000 1000000 1000000 1942 3758 3821 3613 3374 600 2335 2221 3229 3000 2138 2354 0 4141 3424 4255 3112 413 3585 2377 1582 2470 1628 1141 2962 3472 1119 3215 1205 2746 1869 1346 906 3702 3668 1281 1887 944 4387 1500 3650 1721 2110 2371 2625 1677 3449 1656 2221 3302 4141 1500 1342 3115 4441 
1000000 1000000 1000000 1000000 1000000 2203 906 762 2817 2721 4633 4402 3015 3406 2518 2419 2237 4141 0 2103 566 1141 3828 1100 2708 2562 4205 3711 5216 3126 1803 5167 3668 4221 1812 3864 4244 4940 448 3215 4302 2470 3276 762 5598 1924 5806 2955 4419 2500 3449 1677 2546 3009 1415 0 5186 5376 2808 317 
1000000 1000000 1000000 1000000 1000000 1932 1200 2530 729 3963 4020 2625 3585 1335 566 1300 1105 3424 2103 0 1727 2164 3300 1005 3384 2159 4702 3890 4555 1119 300 4144 4641 2907 2688 4144 2866 4329 1965 1119 2953 2684 2928 2829 4589 283 4754 1432 4811 3343 2013 3107 1924 1390 2746 2103 3895 4309 762 2210 
1000000 1000000 1000000 1000000 1000000 2326 584 1304 2403 3232 4786 4206 3402 3060 2214 2335 2127 4255 566 1727 0 1504 3982 807 3107 2684 4605 4032 5367 2817 1432 5221 4149 4173 2210 4211 4178 5100 825 2802 4245 2746 3454 1304 5662 1504 5861 2802 4800 2928 3343 2194 2608 2831 1898 566 5163 5421 2474 510 
1000000 1000000 1000000 1000000 1000000 1253 1342 722 2866 1861 3561 3833 1900 3229 2341 1803 1703 3112 1141 2164 1504 0 2766 1361 1604 1582 3102 2571 4141 2887 1921 4187 2693 3402 708 2730 3454 3861 708 3221 3493 1342 2203 1281 4602 2127 4817 2403 3302 1432 2766 944 1656 2500 584 1141 4305 4405 2658 1457 
1000000 1000000 1000000 1000000 1000000 1656 3512 3466 3570 2962 807 2562 1812 3270 2928 2000 2203 413 3828 3300 3982 2766 0 3353 1965 1300 2148 1265 1390 2974 3314 1524 2829 1477 2361 1524 1613 1119 3384 3669 1566 1500 566 4032 1887 3506 2110 2089 2081 2214 1750 3053 1432 2214 2921 3828 1903 1747 3081 4135 
1000000 1000000 1000000 1000000 1000000 1727 224 1566 1727 3221 4144 3400 3105 2309 1432 1563 1346 3585 1100 1005 807 1361 3353 0 2847 2062 4296 3606 4717 2040 708 4495 4025 3398 2013 3821 3395 4460 985 2122 3466 2309 2864 1825 4940 855 5132 2000 4456 2732 2550 2263 1932 2025 1911 1100 4394 4688 1712 1237 
1000000 1000000 1000000 1000000 1000000 1563 2887 2062 3970 1005 2595 4053 317 4061 3325 2421 2476 2377 2708 3384 3107 1604 1965 2847 0 1566 1500 1141 3107 3702 3225 3479 1273 3207 900 1209 3314 2831 2300 4243 3307 807 1504 2564 3808 3449 4032 2916 1712 283 2974 1304 1836 3053 1361 2708 3848 3700 3607 3015 
1000000 1000000 1000000 1000000 1000000 361 2214 2303 2595 2474 2103 2532 1641 2546 1924 944 1078 1582 2562 2159 2684 1582 1300 2062 1566 0 2608 1747 2684 2194 2110 2618 2802 1869 1415 2013 1942 2417 2127 2802 1965 762 807 2861 3042 2320 3253 1361 2684 1677 1432 2138 283 1500 1898 2562 2730 2832 2164 2861 
1000000 1000000 1000000 1000000 1000000 2774 4357 3536 5198 1887 2320 4688 1205 5123 4528 3552 3672 2470 4205 4702 4605 3102 2148 4296 1500 2608 0 922 2608 4781 4589 3325 1082 3624 2400 641 3759 2400 3800 5409 3713 2025 2052 4003 3500 4811 3702 3906 283 1712 3754 2693 2885 4046 2829 4205 3906 3513 4771 4510 
1000000 1000000 1000000 1000000 1000000 1965 3700 3139 4339 1973 1628 3774 849 4221 3668 2684 2824 1628 3711 3890 4032 2571 1265 3606 1141 1747 922 0 2062 3884 3808 2608 1600 2732 1932 283 2864 1803 3276 4528 2824 1300 1132 3668 2864 4027 3081 3000 944 1422 2832 2442 2013 3141 2460 3711 3115 2817 3895 4027 
1000000 1000000 1000000 1000000 1000000 3042 4885 4828 4700 4025 584 3088 2866 4243 4111 3276 3493 1141 5216 4555 5367 4141 1390 4717 3107 2684 2608 2062 0 4012 4610 922 3591 1993 3677 2185 2119 283 4771 4717 2025 2832 1942 5391 922 4786 1105 3202 2400 3384 2708 4328 2786 3300 4243 5216 1628 1030 4200 5523 
1000000 1000000 1000000 1000000 1000000 2141 2257 3414 762 4478 3552 1563 3821 361 609 1281 1253 2962 3126 1119 2817 2887 2974 2040 3702 2194 4781 3884 4012 0 1393 3424 4968 2122 3221 4162 2040 3833 2900 708 2138 2907 2779 3802 3848 1390 3982 895 4826 3745 1304 3795 1911 762 3449 3126 3037 3552 361 3276 
1000000 1000000 1000000 1000000 1000000 1844 900 2248 1020 3749 4061 2861 3444 1628 807 1335 1119 3472 1803 300 1432 1921 3314 708 3225 2110 4589 3808 4610 1393 0 4255 4466 3053 2484 4053 3024 4374 1677 1415 3107 2564 2902 2532 4702 224 4876 1582 4713 3163 2164 2861 1900 1563 2500 1803 4050 4429 1045 1911 
1000000 1000000 1000000 1000000 1000000 2970 4688 4905 4160 4465 1005 2281 3299 3602 3641 2953 3177 1119 5167 4144 5221 4187 1524 4495 3479 2618 3325 2608 922 3424 4255 0 4205 1304 3859 2800 1400 985 4739 4111 1300 3002 2060 5468 448 4402 641 2721 3158 3734 2159 4566 2625 2790 4411 5167 708 224 3668 5457 
1000000 1000000 1000000 1000000 1000000 2832 4032 2928 5241 1005 3215 5200 1167 5327 4597 3688 3749 3215 3668 4641 4149 2693 2829 4025 1273 2802 1082 1600 3591 4968 4466 4205 0 4245 2013 1415 4369 3355 3325 5516 4342 2062 2530 3300 4441 4688 4653 4162 1361 1304 4160 2010 3081 4302 2257 3668 4710 4411 4880 3946 
1000000 1000000 1000000 1000000 1000000 2155 3607 4115 2864 4202 1665 1141 3141 2300 2377 1839 2052 1205 4221 2907 4173 3402 1477 3398 3207 1869 3624 2732 1993 2122 3053 1304 4245 0 3276 2997 142 1879 3828 2808 100 2508 1727 4653 1727 3177 1869 1477 3552 3400 895 4003 1747 1524 3765 4221 1000 1432 2377 4483 
1000000 1000000 1000000 1000000 1000000 1205 2025 1209 3343 1281 3115 3906 1205 3578 2746 1993 1970 2746 1812 2688 2210 708 2361 2013 900 1415 2400 1932 3677 3221 2484 3859 2013 3276 0 2062 3355 3395 1400 3662 3374 861 1803 1750 4244 2702 4466 2571 2608 729 2802 729 1600 2693 566 1812 4086 4082 3053 2122 
1000000 1000000 1000000 1000000 1000000 2214 3906 3258 4607 1921 1803 4050 895 4500 3936 2953 3088 1869 3864 4144 4211 2730 1524 3821 1209 2013 641 283 2185 4162 4053 2800 1415 2997 2062 0 3131 1942 3437 4803 3088 1514 1415 3770 3027 4273 3239 3281 671 1477 3115 2506 2283 3421 2564 3864 3338 3002 4168 4178 
1000000 1000000 1000000 1000000 1000000 2214 3607 4163 2790 4305 1803 1000 3256 2203 2326 1844 2052 1346 4244 2866 4178 3454 1613 3395 3314 1942 3759 2864 2119 2040 3024 1400 4369 142 3355 3131 0 2013 3859 2717 100 2602 1844 4696 1812 3139 1942 1443 3690 3502 861 4080 1803 1477 3833 4244 1030 1514 2309 4500 
1000000 1000000 1000000 1000000 1000000 2774 4624 4546 4505 3758 317 3002 2595 4080 3902 3042 3256 906 4940 4329 5100 3861 1119 4460 2831 2417 2400 1803 283 3833 4374 985 3355 1879 3395 1942 2013 0 4495 4540 1924 2550 1665 5109 1100 4555 1304 3002 2210 3107 2532 4046 2530 3107 3960 4940 1665 1141 4005 5248 
1000000 1000000 1000000 1000000 1000000 1770 861 584 2693 2417 4189 4081 2602 3207 2303 2062 1898 3702 448 1965 825 708 3384 985 2300 2127 3800 3276 4771 2900 1677 4739 3325 3828 1400 3437 3859 4495 0 3081 3912 2025 2831 906 5167 1839 5376 2625 4005 2110 3088 1390 2127 2693 1078 448 4781 4950 2608 762 
1000000 1000000 1000000 1000000 1000000 2691 2309 3641 400 4941 4258 2103 4394 539 922 1861 1770 3668 3215 1119 2802 3221 3669 2122 4243 2802 5409 4528 4717 708 1415 4111 5516 2808 3662 4803 2717 4540 3081 0 2817 3472 3444 3946 4528 1300 4653 1582 5471 4253 2010 4160 2524 1457 3802 3215 3688 4230 641 3300 
1000000 1000000 1000000 1000000 1000000 2248 3677 4205 2887 4302 1721 1082 3239 2303 2417 1911 2122 1281 4302 2953 4245 3493 1566 3466 3307 1965 3713 2824 2025 2138 3107 1300 4342 100 3374 3088 100 1924 3912 2817 0 2608 1825 4742 1712 3225 1844 1527 3636 3500 944 4100 1839 1566 3861 4302 944 1415 2405 4561 
1000000 1000000 1000000 1000000 1000000 782 2400 2000 3221 1727 2263 3276 922 3265 2562 1628 1703 1887 2470 2684 2746 1342 1500 2309 807 762 2025 1300 2832 2907 2564 3002 2062 2508 861 1514 2602 2550 2025 3472 2608 0 944 2562 3384 2786 3606 2110 2159 922 2185 1566 1030 2248 1422 2470 3258 3225 2832 2786 
1000000 1000000 1000000 1000000 1000000 1141 3009 2900 3290 2508 1361 2684 1415 3107 2625 1650 1825 944 3276 2928 3454 2203 566 2864 1504 807 2052 1132 1942 2779 2902 2060 2530 1727 1803 1415 1844 1665 2831 3444 1825 944 0 3466 2442 3107 2663 1887 2062 1727 1703 2506 1005 2025 2361 3276 2354 2283 2824 3585 
1000000 1000000 1000000 1000000 1000000 2524 1650 566 3552 2303 4817 4973 2880 4102 3200 2942 2790 4387 762 2829 1304 1281 4032 1825 2564 2861 4003 3668 5391 3802 2532 5468 3300 4653 1750 3770 4696 5109 906 3946 4742 2562 3466 0 5880 2669 6096 3518 4245 2309 3957 1316 2916 3591 1209 762 5576 5686 3502 849 
1000000 1000000 1000000 1000000 1000000 3398 5132 5316 4590 4776 1237 2631 3606 4012 4081 3400 3624 1500 5598 4589 5662 4602 1887 4940 3808 3042 3500 2864 922 3848 4702 448 4441 1727 4244 3027 1812 1100 5167 4528 1712 3384 2442 5880 0 4847 224 3163 3307 4072 2597 4940 3062 3229 4802 5598 949 300 4100 5890 
1000000 1000000 1000000 1000000 1000000 2062 1020 2417 900 3963 4243 2907 3668 1582 849 1514 1304 3650 1924 283 1504 2127 3506 855 3449 2320 4811 4027 4786 1390 224 4402 4688 3177 2702 4273 3139 4555 1839 1300 3225 2786 3107 2669 4847 0 5016 1700 4934 3384 2283 3062 2103 1665 2702 1924 4168 4570 1030 2000 
1000000 1000000 1000000 1000000 1000000 3607 5326 5532 4730 4998 1457 2708 3828 4131 4238 3585 3808 1721 5806 4754 5861 4817 2110 5132 4032 3253 3702 3081 1105 3982 4876 641 4653 1869 4466 3239 1942 1304 5376 4653 1844 3606 2663 6096 224 5016 0 3325 3502 4296 2752 5163 3265 3384 5022 5806 1005 448 4245 6096 
1000000 1000000 1000000 1000000 1000000 1393 2221 3042 1504 3770 2708 1457 3000 1221 922 600 729 2110 2955 1432 2802 2403 2089 2000 2916 1361 3906 3000 3202 895 1582 2721 4162 1477 2571 3281 1443 3002 2625 1582 1527 2110 1887 3518 3163 1700 3325 0 3941 2997 584 3225 1082 142 2907 2955 2470 2880 1005 3177 
1000000 1000000 1000000 1000000 1000000 2880 4528 3766 5278 2164 2159 4641 1404 5162 4607 3624 3758 2371 4419 4811 4800 3302 2081 4456 1712 2684 283 944 2400 4826 4713 3158 1361 3552 2608 671 3690 2210 4005 5471 3636 2159 2062 4245 3307 4934 3502 3941 0 1942 3749 2942 2953 4081 3060 4419 3765 3338 4838 4727 
1000000 1000000 1000000 1000000 1000000 1613 2752 1825 3960 807 2866 4198 584 4105 3331 2470 2500 2625 2500 3343 2928 1432 2214 2732 283 1677 1712 1422 3384 3745 3163 3734 1304 3400 729 1477 3502 3107 2110 4253 3500 922 1727 2309 4072 3384 4296 2997 1942 0 3105 1030 1932 3131 1119 2500 4080 3957 3624 2802 
1000000 1000000 1000000 1000000 1000000 1600 2766 3449 2010 3906 2257 1105 2997 1553 1487 1030 1221 1677 3449 2013 3343 2766 1750 2550 2974 1432 3754 2832 2708 1304 2164 2159 4160 895 2802 3115 861 2532 3088 2010 944 2185 1703 3957 2597 2283 2752 584 3749 3105 0 3502 1205 633 3215 3449 1887 2309 1514 3690 
1000000 1000000 1000000 1000000 1000000 1903 2203 922 3808 1045 3781 4600 1613 4144 3270 2631 2571 3449 1677 3107 2194 944 3053 2263 1304 2138 2693 2442 4328 3795 2861 4566 2010 4003 729 2506 4080 4046 1390 4160 4100 1566 2506 1316 4940 3062 5163 3225 2942 1030 3502 0 2309 3338 361 1677 4811 4789 3585 1942 
1000000 1000000 1000000 1000000 1000000 413 2103 2371 2326 2721 2214 2309 1921 2263 1656 671 825 1656 2546 1924 2608 1656 1432 1932 1836 283 2885 2013 2786 1911 1900 2625 3081 1747 1600 2283 1803 2530 2127 2524 1839 1030 1005 2916 3062 2103 3265 1082 2953 1932 1205 2309 0 1221 2040 2546 2663 2832 1887 2832 
1000000 1000000 1000000 1000000 1000000 1524 2248 3126 1400 3900 2817 1393 3141 1082 855 708 807 2221 3009 1390 2831 2500 2214 2025 3053 1500 4046 3141 3300 762 1563 2790 4302 1524 2693 3421 1477 3107 2693 1457 1566 2248 2025 3591 3229 1665 3384 142 4081 3131 633 3338 1221 0 3015 3009 2506 2942 900 3221 
1000000 1000000 1000000 1000000 1000000 1628 1861 708 3449 1342 3680 4305 1677 3795 2916 2309 2237 3302 1415 2746 1898 584 2921 1911 1361 1898 2829 2460 4243 3449 2500 4411 2257 3765 566 2564 3833 3960 1078 3802 3861 1422 2361 1209 4802 2702 5022 2907 3060 1119 3215 361 2040 3015 0 1415 4610 4633 3232 1703 
1000000 0 1000000 1000000 1000000 1000000 1000000 1000000 1000000 1000000 1000000 1000000 1000000 1000000 1000000 1000000 1000000 1000000 1000000 1000000 1000000 1000000 1000000 1000000 1000000 1000000 1000000 1000000 1000000 1000000 1000000 1000000 1000000 1000000 1000000 1000000 1000000 1000000 1000000 1000000 1000000 1000000 1000000 1000000 1000000 1000000 1000000 1000000 1000000 1000000 1000000 1000000 1000000 1000000 1000000 1000000 1000000 1000000 1000000 1000000 
1000000 1000000 0 1000000 1000000 1000000 1000000 1000000 1000000 1000000 1000000 1000000 1000000 1000000 1000000 1000000 1000000 1000000 1000000 1000000 1000000 1000000 1000000 1000000 1000000 1000000 1000000 1000000 1000000 1000000 1000000 1000000 1000000 1000000 1000000 1000000 1000000 1000000 1000000 1000000 1000000 1000000 1000000 1000000 1000000 1000000 1000000 1000000 1000000 1000000 1000000 1000000 1000000 1000000 1000000 1000000 1000000 1000000 1000000 1000000 
1000000 1000000 1000000 0 1000000 1000000 1000000 1000000 1000000 1000000 1000000 1000000 1000000 1000000 1000000 1000000 1000000 1000000 1000000 1000000 1000000 1000000 1000000 1000000 1000000 1000000 1000000 1000000 1000000 1000000 1000000 1000000 1000000 1000000 1000000 1000000 1000000 1000000 1000000 1000000 1000000 1000000 1000000 1000000 1000000 1000000 1000000 1000000 1000000 1000000 1000000 1000000 1000000 1000000 1000000 1000000 1000000 1000000 1000000 1000000 
1000000 1000000 1000000 1000000 0 1000000 1000000 1000000 1000000 1000000 1000000 1000000 1000000 1000000 1000000 1000000 1000000 1000000 1000000 1000000 1000000 1000000 1000000 1000000 1000000 1000000 1000000 1000000 1000000 1000000 1000000 1000000 1000000 1000000 1000000 1000000 1000000 1000000 1000000 1000000 1000000 1000000 1000000 1000000 1000000 1000000 1000000 1000000 1000000 1000000 1000000 1000000 1000000 1000000 1000000 1000000 1000000 1000000 1000000 1000000 
0 1000000 1000000 1000000 1000000 1000000 1000000 1000000 1000000 1000000 1000000 1000000 1000000 1000000 1000000 1000000 1000000 1000000 1000000 1000000 1000000 1000000 1000000 1000000 1000000 1000000 1000000 1000000 1000000 1000000 1000000 1000000 1000000 1000000 1000000 1000000 1000000 1000000 1000000 1000000 1000000 1000000 1000000 1000000 1000000 1000000 1000000 1000000 1000000 1000000 1000000 1000000 1000000 1000000 1000000 1000000 1000000 1000000 1000000 1000000 
EOF
