NAME : 50-5-3-i
TYPE : ATSP
DIMENSION : 60
EDGE_WEIGHT_TYPE : EXPLICIT
EDGE_WEIGHT_FORMAT : FULL_MATRIX
EDGE_WEIGHT_SECTION
1000000 1000000 1000000 1000000 1000000 2062 3353 1898 3786 3325 3088 3027 1970 2916 3828 2326 3786 2060 2354 2845 361 283 413 1304 708 100 807 708 425 922 1316 1000 722 700 729 4721 4032 2702 2518 3702 2442 1616 4082 1604 2746 3276 1879 3808 1415 2663 1500 2103 2141 2618 3821 0 1000000 1000000 1000000 1000000 
1000000 1000000 1000000 1000000 1000000 895 1973 671 2341 1924 1839 1553 855 1628 2470 1167 2341 1045 944 1393 1217 1316 1650 2693 1747 1600 2303 1566 1237 1924 2141 2500 1993 2200 825 4017 3536 1803 2774 4032 1487 1750 3552 2263 2880 3299 1839 3325 1911 2200 2122 2524 1712 1844 3009 1000000 0 1000000 1000000 1000000 
1000000 1000000 1000000 1000000 1000000 3518 2721 2155 3245 2781 2221 2974 3493 4072 2907 1942 4342 1789 2470 3585 2500 2530 2460 3912 2196 2824 3081 3421 2405 3700 1770 3281 3493 3107 2419 2164 1346 1422 708 1556 1563 1171 1422 1487 510 671 922 1141 1443 641 1487 1030 949 1205 1613 1000000 1000000 0 1000000 1000000 
1000000 1000000 1000000 1000000 1000000 3624 3737 2608 4273 3765 3276 3758 3561 4385 4061 2693 4965 2417 3089 4061 1932 1898 1628 2790 1335 2023 1942 2746 1839 2907 729 2089 2600 2023 2110 3672 2831 2518 861 1727 2474 1119 2916 500 1141 1628 1237 2642 849 1911 641 510 1727 2309 3105 1000000 1000000 1000000 0 1000000 
1000000 1000000 1000000 1000000 1000000 4202 4179 3141 4717 4216 3700 4255 4141 4952 4465 3177 5500 2916 3606 4610 2508 2470 2185 3225 1898 2571 2403 3299 2417 3437 1300 2518 3115 2500 2693 3734 2880 2913 1000 1342 2916 1641 2974 1082 1217 1566 1700 2721 1422 2221 1221 895 2155 2693 3314 1000000 1000000 1000000 1000000 0 
1000000 1000000 1000000 1000000 1000000 0 2221 1404 2409 2141 2285 1628 100 855 2702 1812 1800 1803 1361 949 1887 1973 2333 3002 2500 2155 2847 1803 1942 2103 2970 3009 2309 2721 1563 4688 4302 2508 3668 4925 2203 2642 4305 3125 3770 4177 2732 4100 2781 3027 2984 3414 2571 2600 3668 2062 895 3518 3624 4202 
1000000 1000000 1000000 1000000 1000000 2221 0 1457 539 100 500 633 2281 2159 500 1100 1869 1400 1030 1553 3009 3105 3355 4624 3314 3449 4100 3536 2984 3895 3414 4318 3940 4027 2625 2829 2774 1304 3265 4264 1265 2648 2732 3355 3191 3331 2500 2642 3027 2081 3239 3290 2025 1527 1898 3353 1973 2721 3737 4179 
1000000 1000000 1000000 1000000 1000000 1404 1457 0 1911 1432 1221 1217 1400 1924 1932 500 2361 400 510 1487 1553 1650 1911 3179 1903 1993 2648 2141 1530 2500 2119 2864 2506 2571 1171 3353 2907 1141 2421 3636 825 1500 2916 2148 2470 2824 1487 2702 1789 1628 2013 2268 1209 1205 2341 1898 671 2155 2608 3141 
1000000 1000000 1000000 1000000 1000000 2409 539 1911 0 510 1030 807 2484 2148 510 1613 1600 1911 1432 1582 3453 3552 3821 5029 3802 3884 4555 3900 3437 4255 3932 4768 4333 4473 3060 3133 3191 1836 3802 4781 1803 3179 3139 3884 3722 3842 3037 3081 3552 2608 3766 3828 2564 2060 2283 3786 2341 3245 4273 4717 
1000000 1000000 1000000 1000000 1000000 2141 100 1432 510 0 566 539 2203 2062 566 1105 1773 1404 985 1457 2984 3081 3338 4589 3307 3421 4080 3489 2962 3848 3424 4296 3900 4003 2597 2928 2864 1361 3313 4328 1300 2669 2824 3374 3245 3398 2530 2730 3042 2141 3256 3325 2062 1582 1993 3325 1924 2781 3765 4216 
1000000 1000000 1000000 1000000 1000000 2285 500 1221 1030 566 0 922 2326 2403 800 762 2285 1045 944 1800 2732 2824 3037 4383 2962 3179 3795 3361 2693 3721 3000 4017 3722 3734 2371 2500 2341 807 2774 3765 807 2210 2309 2916 2693 2832 2040 2194 2602 1582 2808 2817 1553 1030 1514 3088 1839 2221 3276 3700 
1000000 1000000 1000000 1000000 1000000 1628 633 1217 807 539 922 0 1698 1530 1082 1082 1390 1342 708 922 2708 2808 3100 4245 3115 3126 3812 3102 2702 3454 3325 4020 3545 3722 2309 3406 3258 1582 3421 4528 1415 2641 3229 3325 3398 3624 2556 3102 2974 2344 3196 3362 2141 1781 2434 3027 1553 2974 3758 4255 
1000000 1000000 1000000 1000000 1000000 100 2281 1400 2484 2203 2326 1698 0 949 2766 1825 1900 1800 1393 1045 1803 1887 2248 2902 2421 2062 2752 1703 1861 2003 2900 2913 2210 2625 1487 4708 4305 2518 3625 4885 2210 2595 4311 3062 3734 4149 2693 4102 2721 3015 2921 3362 2550 2602 3688 1970 855 3493 3561 4141 
1000000 1000000 1000000 1000000 1000000 855 2159 1924 2148 2062 2403 1530 949 0 2564 2185 1045 2285 1650 609 2730 2818 3177 3821 3329 3009 3700 2631 2779 2907 3765 3861 3141 3574 2386 4902 4653 2864 4327 5557 2597 3343 4639 3890 4391 4743 3384 4473 3536 3512 3749 4124 3131 3009 3902 2916 1628 4072 4385 4952 
1000000 1000000 1000000 1000000 1000000 2702 500 1932 510 566 800 1082 2766 2564 0 1530 2103 1825 1527 1970 3479 3574 3808 5108 3749 3922 4561 4032 3449 4391 3800 4781 4429 4493 3102 2625 2721 1553 3512 4411 1604 3007 2663 3713 3402 3467 2829 2625 3402 2285 3606 3591 2335 1773 1803 3828 2470 2907 4061 4465 
1000000 1000000 1000000 1000000 1000000 1812 1100 500 1613 1105 762 1082 1825 2185 1530 0 2409 300 539 1656 1970 2062 2281 3624 2221 2417 3037 2625 1932 2984 2320 3258 2969 2974 1613 2887 2502 700 2344 3483 413 1582 2500 2281 2335 2608 1477 2309 1942 1342 2159 2283 1064 825 1869 2326 1167 1942 2693 3177 
1000000 1000000 1000000 1000000 1000000 1800 1869 2361 1600 1773 2285 1390 1900 1045 2103 2409 0 2618 1911 949 3545 3641 3985 4802 4086 3884 4590 3602 3574 3902 4430 4768 4105 4473 3163 4688 4624 2969 4739 5890 2781 3861 4589 4495 4743 5000 3829 4478 4135 3721 4357 4623 3466 3163 3765 3786 2341 4342 4965 5500 
1000000 1000000 1000000 1000000 1000000 1803 1400 400 1911 1404 1045 1342 1800 2285 1825 300 2618 0 708 1803 1700 1789 1993 3362 1924 2148 2752 2405 1656 2759 2023 2974 2721 2693 1361 2974 2508 762 2122 3302 448 1300 2518 1993 2141 2460 1221 2303 1650 1237 1869 2025 861 807 1970 2060 1045 1789 2417 2916 
1000000 1000000 1000000 1000000 1000000 1361 1030 510 1432 985 944 708 1393 1650 1527 539 1911 708 0 1119 2023 2122 2403 3606 2409 2452 3126 2506 2010 2866 2625 3338 2916 3042 1628 3338 3015 1217 2829 4000 949 1973 3007 2641 2843 3139 1921 2829 2285 1879 2508 2721 1563 1361 2320 2354 944 2470 3089 3606 
1000000 1000000 1000000 1000000 1000000 949 1553 1487 1582 1457 1800 922 1045 609 1970 1656 949 1803 1119 0 2597 2693 3037 3906 3139 2943 3650 2708 2625 3027 3499 3833 3202 3536 2214 4300 4080 2309 3906 5104 2062 2974 4061 3581 3941 4255 2974 3906 3221 2997 3441 3749 2663 2470 3307 2845 1393 3585 4061 4610 
1000000 1000000 1000000 1000000 1000000 1887 3009 1553 3453 2984 2732 2708 1803 2730 3479 1970 3545 1700 2023 2597 0 100 448 1665 641 448 1105 922 100 1209 1209 1316 1064 1020 400 4383 3713 2344 2300 3523 2081 1335 3759 1457 2508 3027 1582 3489 1205 2333 1335 1911 1803 2263 3472 361 1217 2500 1932 2508 
1000000 1000000 1000000 1000000 1000000 1973 3105 1650 3552 3081 2824 2808 1887 2818 3574 2062 3641 1789 2122 2693 100 0 361 1582 584 361 1005 906 142 1171 1171 1217 1000 922 500 4441 3759 2421 2303 3513 2164 1361 3808 1432 2518 3042 1616 3536 1200 2386 1316 1903 1861 2335 3539 283 1316 2530 1898 2470 
1000000 1000000 1000000 1000000 1000000 2333 3355 1911 3821 3338 3037 3100 2248 3177 3808 2281 3985 1993 2403 3037 448 361 0 1487 300 400 762 1119 413 1304 906 985 1045 722 825 4469 3745 2556 2138 3300 2326 1304 3802 1200 2377 2913 1582 3523 1045 2409 1105 1712 1911 2442 3613 413 1650 2460 1628 2185 
1000000 1000000 1000000 1000000 1000000 3002 4624 3179 5029 4589 4383 4245 2902 3821 5108 3624 4802 3362 3606 3906 1665 1582 1487 0 1721 1221 855 1200 1721 922 2194 708 708 807 2013 5955 5221 4000 3493 4513 3745 2781 5281 2508 3758 4296 3062 5000 2470 3895 2460 3047 3395 3906 5094 1304 2693 3912 2790 3225 
1000000 1000000 1000000 1000000 1000000 2500 3314 1903 3802 3307 2962 3115 2421 3329 3749 2221 4086 1924 2409 3139 641 584 300 1721 0 700 922 1415 566 1604 609 1141 1335 922 944 4245 3500 2417 1844 3000 2214 1064 3561 900 2089 2625 1346 3281 762 2194 807 1415 1721 2283 3421 708 1747 2196 1335 1898 
1000000 1000000 1000000 1000000 1000000 2155 3449 1993 3884 3421 3179 3126 2062 3009 3922 2417 3884 2148 2452 2943 448 361 400 1221 700 0 708 729 500 906 1304 900 671 600 825 4781 4082 2781 2532 3700 2524 1656 4135 1600 2766 3299 1924 3859 1432 2721 1504 2110 2203 2691 3890 100 1600 2824 2023 2571 
1000000 1000000 1000000 1000000 1000000 2847 4100 2648 4555 4080 3795 3812 2752 3700 4561 3037 4590 2752 3126 3650 1105 1005 762 855 922 708 0 1205 1119 1167 1342 224 807 142 1504 5163 4405 3313 2641 3668 3088 1980 4469 1656 2907 3444 2263 4187 1641 3115 1613 2194 2641 3191 4342 807 2303 3081 1942 2403 
1000000 1000000 1000000 1000000 1000000 1803 3536 2141 3900 3489 3361 3102 1703 2631 4032 2625 3602 2405 2506 2708 922 906 1119 1200 1415 729 1205 0 1020 361 2023 1304 510 1064 1082 5248 4610 3125 3207 4405 2832 2257 4652 2309 3424 3946 2500 4387 2103 3221 2203 2800 2684 3081 4302 708 1566 3421 2746 3299 
1000000 1000000 1000000 1000000 1000000 1942 2984 1530 3437 2962 2693 2702 1861 2779 3449 1932 3574 1656 2010 2625 100 142 413 1721 566 500 1119 1020 0 1300 1119 1335 1141 1045 413 4302 3624 2281 2200 3424 2025 1237 3672 1361 2409 2928 1487 3400 1105 2248 1237 1812 1721 2194 3398 425 1237 2405 1839 2417 
1000000 1000000 1000000 1000000 1000000 2103 3895 2500 4255 3848 3721 3454 2003 2907 4391 2984 3902 2759 2866 3027 1209 1171 1304 922 1604 906 1167 361 1300 0 2200 1205 361 1030 1422 5576 4920 3472 3437 4602 3183 2530 4965 2502 3668 4198 2786 4696 2335 3536 2409 3015 3002 3421 4641 922 1924 3700 2907 3437 
1000000 1000000 1000000 1000000 1000000 2970 3414 2119 3932 3424 3000 3325 2900 3765 3800 2320 4430 2023 2625 3499 1209 1171 906 2194 609 1304 1342 2023 1119 2200 0 1527 1911 1393 1422 3906 3112 2335 1300 2403 2203 825 3183 317 1566 2103 1078 2900 413 1924 283 855 1553 2159 3177 1316 2141 1770 729 1300 
1000000 1000000 1000000 1000000 1000000 3009 4318 2864 4768 4296 4017 4020 2913 3861 4781 3258 4768 2974 3338 3833 1316 1217 985 708 1141 900 224 1304 1335 1205 1527 0 849 300 1712 5375 4610 3536 2818 3808 3311 2194 4676 1836 3089 3624 2476 4394 1844 3331 1803 2371 2861 3414 4561 1000 2500 3281 2089 2518 
1000000 1000000 1000000 1000000 1000000 2309 3940 2506 4333 3900 3722 3545 2210 3141 4429 2969 4105 2721 2916 3202 1064 1000 1045 708 1335 671 807 510 1141 361 1911 849 0 671 1361 5441 4751 3398 3179 4311 3125 2326 4803 2221 3421 3957 2595 4528 2089 3384 2138 2746 2861 3325 4535 722 1993 3493 2600 3115 
1000000 1000000 1000000 1000000 1000000 2721 4027 2571 4473 4003 3734 3722 2625 3574 4493 2974 4473 2693 3042 3536 1020 922 722 807 922 600 142 1064 1045 1030 1393 300 671 0 1415 5167 4421 3276 2693 3749 3042 1985 4483 1709 2955 3493 2268 4202 1665 3112 1656 2248 2625 3163 4328 700 2200 3107 2023 2500 
1000000 1000000 1000000 1000000 1000000 1563 2625 1171 3060 2597 2371 2309 1487 2386 3102 1613 3163 1361 1628 2214 400 500 825 2013 944 825 1504 1082 413 1422 1422 1712 1361 1415 0 4168 3547 2052 2335 3591 1770 1304 3585 1613 2508 3000 1504 3325 1300 2155 1477 1993 1616 2000 3221 729 825 2419 2110 2693 
1000000 1000000 1000000 1000000 1000000 4688 2829 3353 3133 2928 2500 3406 4708 4902 2625 2887 4688 2974 3338 4300 4383 4441 4469 5955 4245 4781 5163 5248 4302 5576 3906 5375 5441 5167 4168 0 855 2214 2818 2902 2530 3183 762 3641 2550 2185 2900 1030 3539 2062 3624 3191 2581 2194 1020 4721 4017 2164 3672 3734 
1000000 1000000 1000000 1000000 1000000 4302 2774 2907 3191 2864 2341 3258 4305 4653 2721 2502 4624 2508 3015 4080 3713 3759 3745 5221 3500 4082 4405 4610 3624 4920 3112 4610 4751 4421 3547 855 0 1803 1973 2110 2100 2442 100 2832 1700 1335 2164 224 2766 1393 2829 2361 1932 1703 922 4032 3536 1346 2831 2880 
1000000 1000000 1000000 1000000 1000000 2508 1304 1141 1836 1361 807 1582 2518 2864 1553 700 2969 762 1217 2309 2344 2421 2556 4000 2417 2781 3313 3125 2281 3472 2335 3536 3398 3276 2052 2214 1803 0 1970 2974 317 1514 1800 2203 1887 2052 1300 1613 1924 782 2110 2040 800 224 1209 2702 1803 1422 2518 2913 
1000000 1000000 1000000 1000000 1000000 3668 3265 2421 3802 3313 2774 3421 3625 4327 3512 2344 4739 2122 2829 3906 2300 2303 2138 3493 1844 2532 2641 3207 2200 3437 1300 2818 3179 2693 2335 2818 1973 1970 0 1265 2025 1045 2060 985 283 807 944 1789 1105 1237 1045 448 1281 1747 2320 2518 2774 708 861 1000 
1000000 1000000 1000000 1000000 1000000 4925 4264 3636 4781 4328 3765 4528 4885 5557 4411 3483 5890 3302 4000 5104 3523 3513 3300 4513 3000 3700 3668 4405 3424 4602 2403 3808 4311 3749 3591 2902 2110 2974 1265 0 3115 2309 2210 2100 1167 944 2194 2040 2320 2194 2203 1613 2442 2759 2847 3702 4032 1556 1727 1342 
1000000 1000000 1000000 1000000 1000000 2203 1265 825 1803 1300 807 1415 2210 2597 1604 413 2781 448 949 2062 2081 2164 2326 3745 2214 2524 3088 2832 2025 3183 2203 3311 3125 3042 1770 2530 2100 317 2025 3115 0 1404 2103 2110 1985 2221 1237 1903 1800 944 2003 2025 762 413 1524 2442 1487 1563 2474 2916 
1000000 1000000 1000000 1000000 1000000 2642 2648 1500 3179 2669 2210 2641 2595 3343 3007 1582 3861 1300 1973 2974 1335 1361 1304 2781 1064 1656 1980 2257 1237 2530 825 2194 2326 1985 1304 3183 2442 1514 1045 2309 1404 0 2500 708 1205 1703 283 2221 413 1141 600 782 729 1335 2386 1616 1750 1171 1119 1641 
1000000 1000000 1000000 1000000 1000000 4305 2732 2916 3139 2824 2309 3229 4311 4639 2663 2500 4589 2518 3007 4061 3759 3808 3802 5281 3561 4135 4469 4652 3672 4965 3183 4676 4803 4483 3585 762 100 1800 2060 2210 2103 2500 0 2907 1789 1432 2221 283 2832 1432 2900 2442 1970 1712 861 4082 3552 1422 2916 2974 
1000000 1000000 1000000 1000000 1000000 3125 3355 2148 3884 3374 2916 3325 3062 3890 3713 2281 4495 1993 2641 3581 1457 1432 1200 2508 900 1600 1656 2309 1361 2502 317 1836 2221 1709 1613 3641 2832 2203 985 2100 2110 708 2907 0 1253 1789 906 2625 361 1709 142 539 1404 2010 2955 1604 2263 1487 500 1082 
1000000 1000000 1000000 1000000 1000000 3770 3191 2470 3722 3245 2693 3398 3734 4391 3402 2335 4743 2141 2843 3941 2508 2518 2377 3758 2089 2766 2907 3424 2409 3668 1566 3089 3421 2955 2508 2550 1700 1887 283 1167 1985 1205 1789 1253 0 539 1045 1524 1335 1119 1300 722 1281 1665 2103 2746 2880 510 1141 1217 
1000000 1000000 1000000 1000000 1000000 4177 3331 2824 3842 3398 2832 3624 4149 4743 3467 2608 5000 2460 3139 4255 3027 3042 2913 4296 2625 3299 3444 3946 2928 4198 2103 3624 3957 3493 3000 2185 1335 2052 807 944 2221 1703 1432 1789 539 0 1504 1205 1869 1281 1839 1253 1616 1844 1942 3276 3299 671 1628 1566 
1000000 1000000 1000000 1000000 1000000 2732 2500 1487 3037 2530 2040 2556 2693 3384 2829 1477 3829 1221 1921 2974 1582 1616 1582 3062 1346 1924 2263 2500 1487 2786 1078 2476 2595 2268 1504 2900 2164 1300 944 2194 1237 283 2221 906 1045 1504 0 1942 671 861 825 807 500 1105 2110 1879 1839 922 1237 1700 
1000000 1000000 1000000 1000000 1000000 4100 2642 2702 3081 2730 2194 3102 4102 4473 2625 2309 4478 2303 2829 3906 3489 3536 3523 5000 3281 3859 4187 4387 3400 4696 2900 4394 4528 4202 3325 1030 224 1613 1789 2040 1903 2221 283 2625 1524 1205 1942 0 2550 1171 2618 2164 1709 1500 861 3808 3325 1141 2642 2721 
1000000 1000000 1000000 1000000 1000000 2781 3027 1789 3552 3042 2602 2974 2721 3536 3402 1942 4135 1650 2285 3221 1205 1200 1045 2470 762 1432 1641 2103 1105 2335 413 1844 2089 1665 1300 3539 2766 1924 1105 2320 1800 413 2832 361 1335 1869 671 2550 0 1527 224 708 1141 1747 2779 1415 1911 1443 849 1422 
1000000 1000000 1000000 1000000 1000000 3027 2081 1628 2608 2141 1582 2344 3015 3512 2285 1342 3721 1237 1879 2997 2333 2386 2409 3895 2194 2721 3115 3221 2248 3536 1924 3331 3384 3112 2155 2062 1393 782 1237 2194 944 1141 1432 1709 1119 1281 861 1171 1527 0 1656 1404 539 566 1253 2663 2200 641 1911 2221 
1000000 1000000 1000000 1000000 1000000 2984 3239 2013 3766 3256 2808 3196 2921 3749 3606 2159 4357 1869 2508 3441 1335 1316 1105 2460 807 1504 1613 2203 1237 2409 283 1803 2138 1656 1477 3624 2829 2110 1045 2203 2003 600 2900 142 1300 1839 825 2618 224 1656 0 609 1316 1924 2907 1500 2122 1487 641 1221 
1000000 1000000 1000000 1000000 1000000 3414 3290 2268 3828 3325 2817 3362 3362 4124 3591 2283 4623 2025 2721 3749 1911 1903 1712 3047 1415 2110 2194 2800 1812 3015 855 2371 2746 2248 1993 3191 2361 2040 448 1613 2025 782 2442 539 722 1253 807 2164 708 1404 609 0 1265 1825 2597 2103 2524 1030 510 895 
1000000 1000000 1000000 1000000 1000000 2571 2025 1209 2564 2062 1553 2141 2550 3131 2335 1064 3466 861 1563 2663 1803 1861 1911 3395 1721 2203 2641 2684 1721 3002 1553 2861 2861 2625 1616 2581 1932 800 1281 2442 762 729 1970 1404 1281 1616 500 1709 1141 539 1316 1265 0 609 1703 2141 1712 949 1727 2155 
1000000 1000000 1000000 1000000 1000000 2600 1527 1205 2060 1582 1030 1781 2602 3009 1773 825 3163 807 1361 2470 2263 2335 2442 3906 2283 2691 3191 3081 2194 3421 2159 3414 3325 3163 2000 2194 1703 224 1747 2759 413 1335 1712 2010 1665 1844 1105 1500 1747 566 1924 1825 609 0 1221 2618 1844 1205 2309 2693 
1000000 1000000 1000000 1000000 1000000 3668 1898 2341 2283 1993 1514 2434 3688 3902 1803 1869 3765 1970 2320 3307 3472 3539 3613 5094 3421 3890 4342 4302 3398 4641 3177 4561 4535 4328 3221 1020 922 1209 2320 2847 1524 2386 861 2955 2103 1942 2110 861 2779 1253 2907 2597 1703 1221 0 3821 3009 1613 3105 3314 
1000000 0 1000000 1000000 1000000 1000000 1000000 1000000 1000000 1000000 1000000 1000000 1000000 1000000 1000000 1000000 1000000 1000000 1000000 1000000 1000000 1000000 1000000 1000000 1000000 1000000 1000000 1000000 1000000 1000000 1000000 1000000 1000000 1000000 1000000 1000000 1000000 1000000 1000000 1000000 1000000 1000000 1000000 1000000 1000000 1000000 1000000 1000000 1000000 1000000 1000000 1000000 1000000 1000000 1000000 1000000 1000000 1000000 1000000 1000000 
1000000 1000000 0 1000000 1000000 1000000 1000000 1000000 1000000 1000000 1000000 1000000 1000000 1000000 1000000 1000000 1000000 1000000 1000000 1000000 1000000 1000000 1000000 1000000 1000000 1000000 1000000 1000000 1000000 1000000 1000000 1000000 1000000 1000000 1000000 1000000 1000000 1000000 1000000 1000000 1000000 1000000 1000000 1000000 1000000 1000000 1000000 1000000 1000000 1000000 1000000 1000000 1000000 1000000 1000000 1000000 1000000 1000000 1000000 1000000 
1000000 1000000 1000000 0 1000000 1000000 1000000 1000000 1000000 1000000 1000000 1000000 1000000 1000000 1000000 1000000 1000000 1000000 1000000 1000000 1000000 1000000 1000000 1000000 1000000 1000000 1000000 1000000 1000000 1000000 1000000 1000000 1000000 1000000 1000000 1000000 1000000 1000000 1000000 1000000 1000000 1000000 1000000 1000000 1000000 1000000 1000000 1000000 1000000 1000000 1000000 1000000 1000000 1000000 1000000 1000000 1000000 1000000 1000000 1000000 
1000000 1000000 1000000 1000000 0 1000000 1000000 1000000 1000000 1000000 1000000 1000000 1000000 1000000 1000000 1000000 1000000 1000000 1000000 1000000 1000000 1000000 1000000 1000000 1000000 1000000 1000000 1000000 1000000 1000000 1000000 1000000 1000000 1000000 1000000 1000000 1000000 1000000 1000000 1000000 1000000 1000000 1000000 1000000 1000000 1000000 1000000 1000000 1000000 1000000 1000000 1000000 1000000 1000000 1000000 1000000 1000000 1000000 1000000 1000000 
0 1000000 1000000 1000000 1000000 1000000 1000000 1000000 1000000 1000000 1000000 1000000 1000000 1000000 1000000 1000000 1000000 1000000 1000000 1000000 1000000 1000000 1000000 1000000 1000000 1000000 1000000 1000000 1000000 1000000 1000000 1000000 1000000 1000000 1000000 1000000 1000000 1000000 1000000 1000000 1000000 1000000 1000000 1000000 1000000 1000000 1000000 1000000 1000000 1000000 1000000 1000000 1000000 1000000 1000000 1000000 1000000 1000000 1000000 1000000 
EOF
