NAME : 50-5-2-i
TYPE : ATSP
DIMENSION : 60
EDGE_WEIGHT_TYPE : EXPLICIT
EDGE_WEIGHT_FORMAT : FULL_MATRIX
EDGE_WEIGHT_SECTION
1000000 1000000 1000000 1000000 1000000 2974 2608 1628 2500 2902 3000 3848 2702 4366 4387 3602 3570 3688 3745 2684 3177 3081 2693 3489 3523 3015 3215 3002 3758 3800 2122 2138 4366 3179 4411 4178 4465 4120 2818 2341 2597 3982 4005 2618 3265 2257 4456 3100 3982 3713 3749 2203 2405 2702 2746 0 1000000 1000000 1000000 1000000 
1000000 1000000 1000000 1000000 1000000 3355 2708 2832 3400 3802 3849 4415 2602 4602 4505 4366 4100 4178 3635 2928 3302 3007 3229 3600 3424 3983 3922 3808 3900 4589 539 510 3202 1514 2913 2818 3191 2502 2013 671 922 2974 2500 1281 2386 1167 3047 1582 2974 2248 2103 849 1390 1253 1487 1000000 0 1000000 1000000 1000000 
1000000 1000000 1000000 1000000 1000000 4811 4111 5240 5409 5721 5701 5806 3821 5492 5248 6015 5518 5523 4327 4394 4460 4037 4905 4623 4221 5941 5598 5623 4861 6225 2409 2403 2040 1415 807 1361 1712 413 2691 2320 2010 2377 861 2062 2562 2508 1205 1487 2377 1132 807 2377 2506 1898 2060 1000000 1000000 0 1000000 1000000 
1000000 1000000 1000000 1000000 1000000 807 1300 2550 1721 1616 1487 855 1432 609 641 1304 700 609 807 1119 708 1078 1141 448 849 1773 1141 1393 224 1432 3864 3963 3361 4532 4387 3819 3702 4744 2460 4374 4342 2843 4202 3418 2500 3105 4104 3892 2843 3941 4702 3493 2942 3641 3270 1000000 1000000 1000000 0 1000000 
1000000 1000000 1000000 1000000 1000000 641 100 1839 1415 1616 1566 1700 361 1803 1747 1839 1390 1432 1064 224 510 448 762 825 849 1839 1422 1477 1119 2052 2693 2790 2817 3449 3606 3089 3102 3819 1487 3202 3196 2281 3343 2333 1700 1970 3400 2861 2281 3048 3702 2341 1836 2556 2221 1000000 1000000 1000000 1000000 0 
1000000 1000000 1000000 1000000 1000000 0 722 1770 1045 1105 1020 1078 990 1393 1443 1205 762 825 1141 448 500 855 361 671 1005 1316 807 922 849 1415 3290 3384 3362 4082 4221 3690 3668 4456 2122 3795 3808 2824 3970 2969 2303 2595 3997 3500 2824 3680 4342 2955 2470 3191 2861 2974 3355 4811 807 641 
1000000 1000000 1000000 1000000 1000000 722 0 1803 1432 1656 1613 1789 317 1903 1844 1911 1477 1524 1141 283 609 500 807 922 922 1879 1487 1527 1217 2127 2597 2693 2790 3362 3552 3042 3068 3749 1422 3105 3102 2257 3281 2248 1656 1879 3355 2781 2257 2984 3624 2248 1750 2470 2141 2608 2708 4111 1300 100 
1000000 1000000 1000000 1000000 1000000 1770 1803 0 949 1316 1432 2377 2062 3081 3190 2040 2148 2283 2831 1700 2164 2285 1415 2421 2642 1400 1709 1457 2618 2221 3062 3125 4402 4105 4877 4473 4618 4834 2817 3466 3624 3902 4523 3179 3202 2732 4786 3758 3902 4206 4566 2916 2752 3355 3196 1628 2832 5240 2550 1839 
1000000 1000000 1000000 1000000 1000000 1045 1432 949 0 413 500 1432 1747 2194 2344 1105 1221 1361 2185 1205 1530 1800 708 1709 2040 584 762 510 1836 1300 3500 3581 4221 4456 4920 4439 4493 5022 2774 3967 4061 3688 4615 3406 3068 2974 4754 3983 3688 4305 4828 3256 2921 3613 3361 2500 3400 5409 1721 1415 
1000000 1000000 1000000 1000000 1000000 1105 1656 1316 413 0 142 1141 1970 2000 2196 729 1000 1141 2210 1393 1604 1942 855 1712 2100 224 500 224 1773 906 3884 3967 4428 4817 5198 4696 4717 5342 3053 4357 4441 3890 4910 3749 3311 3325 5009 4319 3890 4605 5167 3624 3256 3960 3688 2902 3802 5721 1616 1616 
1000000 1000000 1000000 1000000 1000000 1020 1613 1432 500 142 0 1000 1924 1861 2060 609 861 1000 2103 1342 1514 1869 807 1604 2003 300 361 100 1650 800 3912 3997 4366 4828 5163 4653 4662 5327 3024 4391 4466 3828 4883 3749 3265 3331 4965 4314 3828 4581 5163 3641 3253 3963 3680 3000 3849 5701 1487 1566 
1000000 1000000 1000000 1000000 1000000 1078 1789 2377 1432 1141 1000 0 2025 949 1217 539 317 283 1656 1524 1346 1770 1205 1221 1665 1205 671 944 1078 600 4366 4460 4189 5148 5167 4610 4523 5468 3141 4871 4885 3662 4952 4032 3253 3668 4905 4549 3662 4676 5383 4032 3536 4255 3912 3848 4415 5806 855 1700 
1000000 1000000 1000000 1000000 1000000 990 317 2062 1747 1970 1924 2025 0 2010 1903 2194 1721 1750 1078 584 729 413 1119 1005 855 2194 1781 1836 1304 2405 2434 2532 2474 3131 3245 2730 2752 3466 1132 2943 2913 1942 2984 2013 1342 1677 3042 2524 1942 2691 3361 2062 1524 2237 1887 2702 2602 3821 1432 361 
1000000 1000000 1000000 1000000 1000000 1393 1903 3081 2194 2000 1861 949 2010 0 317 1487 1000 861 1167 1727 1300 1628 1700 1005 1300 2110 1500 1781 708 1530 4441 4540 3677 5060 4781 4202 4032 5198 2974 4950 4904 3190 4633 3957 2953 3668 4469 4402 3190 4391 5190 4061 3493 4177 3795 4366 4602 5492 609 1803 
1000000 1000000 1000000 1000000 1000000 1443 1844 3190 2344 2196 2060 1217 1903 317 0 1747 1209 1078 949 1709 1237 1500 1781 922 1119 2326 1700 1973 633 1812 4311 4411 3398 4877 4523 3941 3754 4965 2790 4817 4752 2921 4391 3786 2732 3523 4202 4206 2921 4160 4977 3921 3338 4003 3614 4387 4505 5248 641 1747 
1000000 1000000 1000000 1000000 1000000 1205 1911 2040 1105 729 609 539 2194 1487 1747 0 609 700 2062 1628 1613 2025 1167 1582 2025 722 448 600 1514 224 4383 4473 4518 5244 5421 4883 4838 5657 3325 4876 4925 3983 5174 4141 3500 3745 5187 4687 3983 4884 5532 4082 3641 4361 4046 3602 4366 6015 1304 1839 
1000000 1000000 1000000 1000000 1000000 762 1477 2148 1221 1000 861 317 1721 1000 1209 609 0 142 1457 1209 1064 1487 900 985 1432 1119 500 782 906 762 4050 4144 3945 4838 4892 4342 4273 5174 2843 4555 4570 3414 4667 3722 2974 3355 4641 4244 3414 4387 5081 3717 3225 3945 3606 3570 4100 5518 700 1390 
1000000 1000000 1000000 1000000 1000000 825 1524 2283 1361 1141 1000 283 1750 861 1078 700 142 0 1393 1265 1064 1487 1005 944 1390 1253 641 922 825 825 4111 4206 3912 4877 4884 4328 4244 5186 2861 4618 4624 3384 4670 3759 2970 3402 4623 4273 3384 4394 5104 3770 3265 3983 3636 3688 4178 5523 609 1432 
1000000 1000000 1000000 1000000 1000000 1141 1141 2831 2185 2210 2103 1656 1078 1167 949 2062 1457 1393 0 1141 671 671 1487 500 224 2403 1803 2003 584 2214 3400 3500 2562 3930 3624 3048 2907 4032 1844 3902 3821 2052 3467 2845 1789 2602 3325 3258 2052 3225 4032 3002 2409 3060 2669 3745 3635 4327 807 1064 
1000000 1000000 1000000 1000000 1000000 448 283 1700 1205 1393 1342 1524 584 1727 1709 1628 1209 1265 1141 0 500 609 539 807 944 1616 1205 1253 1078 1844 2847 2942 3037 3636 3828 3313 3325 4032 1703 3353 3362 2500 3561 2524 1924 2148 3624 3062 2500 3265 3906 2508 2025 2746 2421 2684 2928 4394 1119 224 
1000000 1000000 1000000 1000000 1000000 500 609 2164 1530 1604 1514 1346 729 1300 1237 1613 1064 1064 671 500 0 425 825 317 510 1812 1265 1415 609 1803 3158 3256 2907 3849 3829 3281 3225 4124 1803 3668 3641 2371 3607 2732 1911 2405 3581 3225 2371 3331 4050 2790 2248 2955 2595 3177 3302 4460 708 510 
1000000 1000000 1000000 1000000 1000000 855 500 2285 1800 1942 1869 1770 413 1628 1500 2025 1487 1487 671 609 425 0 1105 633 448 2159 1656 1773 922 2221 2817 2916 2508 3454 3406 2861 2818 3702 1390 3325 3276 1970 3183 2341 1487 2040 3163 2818 1970 2907 3636 2434 1869 2564 2194 3081 3007 4037 1078 448 
1000000 1000000 1000000 1000000 1000000 361 807 1415 708 855 807 1205 1119 1700 1781 1167 900 1005 1487 539 825 1105 0 1030 1335 1078 722 722 1205 1390 3221 3311 3574 4081 4357 3848 3863 4535 2221 3717 3759 3037 4081 2984 2460 2581 4160 3539 3037 3781 4387 2916 2484 3202 2900 2693 3229 4905 1141 762 
1000000 1000000 1000000 1000000 1000000 671 922 2421 1709 1712 1604 1221 1005 1005 922 1582 985 944 500 807 317 633 1030 0 448 1903 1304 1504 300 1747 3437 3536 2969 4086 3960 3398 3302 4302 2013 3946 3906 2442 3765 2974 2062 2669 3688 3444 2442 3500 4255 3060 2500 3196 2824 3489 3600 4623 448 825 
1000000 1000000 1000000 1000000 1000000 1005 922 2642 2040 2100 2003 1665 855 1300 1119 2025 1432 1390 224 944 510 448 1335 448 0 2303 1727 1903 641 2194 3202 3302 2524 3765 3539 2970 2861 3912 1677 3706 3635 2000 3361 2669 1665 2409 3256 3102 2000 3107 3892 2808 2221 2887 2500 3523 3424 4221 849 849 
1000000 1000000 1000000 1000000 1000000 1316 1879 1400 584 224 300 1205 2194 2110 2326 722 1119 1253 2403 1616 1812 2159 1078 1903 2303 0 633 400 1942 855 4081 4162 4649 5025 5421 4920 4940 5561 3276 4549 4641 4111 5132 3963 3535 3536 5233 4535 4111 4826 5382 3829 3472 4173 3906 3015 3983 5941 1773 1839 
1000000 1000000 1000000 1000000 1000000 807 1487 1709 762 500 361 671 1781 1500 1700 448 500 641 1803 1205 1265 1656 722 1304 1727 633 0 283 1316 671 3936 4025 4163 4802 5022 4495 4473 5235 2907 4429 4478 3625 4764 3702 3107 3302 4803 4253 3625 4469 5100 3636 3202 3921 3613 3215 3922 5598 1141 1422 
1000000 1000000 1000000 1000000 1000000 922 1527 1457 510 224 100 944 1836 1781 1973 600 782 922 2003 1253 1415 1773 722 1504 1903 400 283 0 1553 807 3859 3945 4273 4764 5078 4566 4570 5250 2942 4342 4411 3734 4802 3680 3177 3265 4877 4243 3734 4500 5092 3581 3183 3895 3607 3002 3808 5623 1393 1477 
1000000 1000000 1000000 1000000 1000000 849 1217 2618 1836 1773 1650 1078 1304 708 633 1514 906 825 584 1078 609 922 1205 300 641 1942 1316 1553 0 1650 3734 3833 3141 4366 4178 3607 3483 4549 2285 4243 4198 2625 4000 3258 2303 2962 3890 3717 2625 3745 4518 3355 2790 3479 3102 3758 3900 4861 224 1119 
1000000 1000000 1000000 1000000 1000000 1415 2127 2221 1300 906 800 600 2405 1530 1812 224 762 825 2214 1844 1803 2221 1390 1747 2194 855 671 807 1650 0 4607 4696 4702 5465 5623 5081 5025 5870 3536 5100 5148 4168 5382 4361 3702 3967 5383 4905 4168 5094 5749 4305 3861 4581 4264 3800 4589 6225 1432 2052 
1000000 1000000 1000000 1000000 1000000 3290 2597 3062 3500 3884 3912 4366 2434 4441 4311 4383 4050 4111 3400 2847 3158 2817 3221 3437 3202 4081 3936 3859 3734 4607 0 100 2691 1078 2377 2283 2663 2003 1650 510 566 2500 1965 782 1970 807 2508 1045 2500 1709 1628 413 1020 722 1000 2122 539 2409 3864 2693 
1000000 1000000 1000000 1000000 1000000 3384 2693 3125 3581 3967 3997 4460 2532 4540 4411 4473 4144 4206 3500 2942 3256 2916 3311 3536 3302 4162 4025 3945 3833 4696 100 0 2759 1045 2405 2333 2721 2000 1747 413 500 2581 1993 861 2062 906 2550 1078 2581 1747 1613 510 1119 782 1082 2138 510 2403 3963 2790 
1000000 1000000 1000000 1000000 1000000 3362 2790 4402 4221 4428 4366 4189 2474 3677 3398 4518 3945 3912 2562 3037 2907 2508 3574 2969 2524 4649 4163 4273 3141 4702 2691 2759 0 2417 1237 700 361 1900 1613 2984 2721 539 1304 1921 1200 2148 855 1803 539 1265 2138 2361 1970 1980 1721 4366 3202 2040 3361 2817 
1000000 1000000 1000000 1000000 1000000 4082 3362 4105 4456 4817 4828 5148 3131 5060 4877 5244 4838 4877 3930 3636 3849 3454 4081 4086 3765 5025 4802 4764 4366 5465 1078 1045 2417 0 1641 1803 2248 1045 2089 906 600 2452 1273 1119 2210 1500 1911 700 2452 1167 609 1205 1613 895 1265 3179 1514 1415 4532 3449 
1000000 1000000 1000000 1000000 1000000 4221 3552 4877 4920 5198 5163 5167 3245 4781 4523 5421 4892 4884 3624 3828 3829 3406 4357 3960 3539 5421 5022 5078 4178 5623 2377 2405 1237 1641 0 584 906 762 2148 2460 2148 1613 413 1800 1921 2210 400 1335 1613 700 1141 2210 2138 1712 1712 4411 2913 807 4387 3606 
1000000 1000000 1000000 1000000 1000000 3690 3042 4473 4439 4696 4653 4610 2730 4202 3941 4883 4342 4328 3048 3313 3281 2861 3848 3398 2970 4920 4495 4566 3607 5081 2283 2333 700 1803 584 0 448 1200 1677 2484 2194 1030 609 1582 1390 1924 317 1281 1030 641 1457 2025 1803 1566 1432 4178 2818 1361 3819 3089 
1000000 1000000 1000000 1000000 1000000 3668 3068 4618 4493 4717 4662 4523 2752 4032 3754 4838 4273 4244 2907 3325 3225 2818 3863 3302 2861 4940 4473 4570 3483 5025 2663 2721 361 2248 906 448 0 1613 1803 2900 2618 861 1045 1924 1432 2214 510 1698 861 1082 1898 2371 2062 1942 1747 4465 3191 1712 3702 3102 
1000000 1000000 1000000 1000000 1000000 4456 3749 4834 5022 5342 5327 5468 3466 5198 4965 5657 5174 5186 4032 4032 4124 3702 4535 4302 3912 5561 5235 5250 4549 5870 2003 2000 1900 1045 762 1200 1613 0 2335 1942 1628 2159 609 1656 2248 2103 1141 1078 2159 807 448 1965 2110 1487 1665 4120 2502 413 4744 3819 
1000000 1000000 1000000 1000000 1000000 2122 1422 2817 2774 3053 3024 3141 1132 2974 2790 3325 2843 2861 1844 1703 1803 1390 2221 2013 1677 3276 2907 2942 2285 3536 1650 1747 1613 2089 2148 1677 1803 2335 0 2122 2000 1171 1861 1005 448 855 1993 1432 1171 1563 2248 1237 633 1217 825 2818 2013 2691 2460 1487 
1000000 1000000 1000000 1000000 1000000 3795 3105 3466 3967 4357 4391 4871 2943 4950 4817 4876 4555 4618 3902 3353 3668 3325 3717 3946 3706 4549 4429 4342 4243 5100 510 413 2984 906 2460 2484 2900 1942 2122 0 317 2866 2060 1171 2405 1300 2663 1205 2866 1861 1514 900 1504 1030 1393 2341 671 2320 4374 3202 
1000000 1000000 1000000 1000000 1000000 3808 3102 3624 4061 4441 4466 4885 2913 4904 4752 4925 4570 4624 3821 3362 3641 3276 3759 3906 3635 4641 4478 4411 4198 5148 566 500 2721 600 2148 2194 2618 1628 2000 317 0 2641 1750 1005 2237 1237 2361 922 2641 1563 1205 855 1415 825 1217 2597 922 2010 4342 3196 
1000000 1000000 1000000 1000000 1000000 2824 2257 3902 3688 3890 3828 3662 1942 3190 2921 3983 3414 3384 2052 2500 2371 1970 3037 2442 2000 4111 3625 3734 2625 4168 2500 2581 539 2452 1613 1030 861 2159 1171 2866 2641 0 1553 1721 729 1844 1281 1773 0 1404 2303 2127 1641 1836 1500 3982 2974 2377 2843 2281 
1000000 1000000 1000000 1000000 1000000 3970 3281 4523 4615 4910 4883 4952 2984 4633 4391 5174 4667 4670 3467 3561 3607 3183 4081 3765 3361 5132 4764 4802 4000 5382 1965 1993 1304 1273 413 609 1045 609 1861 2060 1750 1553 0 1404 1703 1825 641 922 1553 317 855 1803 1773 1304 1335 4005 2500 861 4202 3343 
1000000 1000000 1000000 1000000 1000000 2969 2248 3179 3406 3749 3749 4032 2013 3957 3786 4141 3722 3759 2845 2524 2732 2341 2984 2974 2669 3963 3702 3680 3258 4361 782 861 1921 1119 1800 1582 1924 1656 1005 1171 1005 1721 1404 0 1237 448 1844 584 1721 1100 1422 448 500 224 224 2618 1281 2062 3418 2333 
1000000 1000000 1000000 1000000 1000000 2303 1656 3202 3068 3311 3265 3253 1342 2953 2732 3500 2974 2970 1789 1924 1911 1487 2460 2062 1665 3535 3107 3177 2303 3702 1970 2062 1200 2210 1921 1390 1432 2248 448 2405 2237 729 1703 1237 0 1221 1700 1514 729 1443 2248 1566 1000 1415 1020 3265 2386 2562 2500 1700 
1000000 1000000 1000000 1000000 1000000 2595 1879 2732 2974 3325 3331 3668 1677 3668 3523 3745 3355 3402 2602 2148 2405 2040 2581 2669 2409 3536 3302 3265 2962 3967 807 906 2148 1500 2210 1924 2214 2103 855 1300 1237 1844 1825 448 1221 0 2210 1030 1844 1514 1861 400 224 641 500 2257 1167 2508 3105 1970 
1000000 1000000 1000000 1000000 1000000 3997 3355 4786 4754 5009 4965 4905 3042 4469 4202 5187 4641 4623 3325 3624 3581 3163 4160 3688 3256 5233 4803 4877 3890 5383 2508 2550 855 1911 400 317 510 1141 1993 2663 2361 1281 641 1844 1700 2210 0 1477 1281 807 1477 2281 2100 1803 1712 4456 3047 1205 4104 3400 
1000000 1000000 1000000 1000000 1000000 3500 2781 3758 3983 4319 4314 4549 2524 4402 4206 4687 4244 4273 3258 3062 3225 2818 3539 3444 3102 4535 4253 4243 3717 4905 1045 1078 1803 700 1335 1281 1698 1078 1432 1205 922 1773 922 584 1514 1030 1477 0 1773 671 849 906 1064 413 641 3100 1582 1487 3892 2861 
1000000 1000000 1000000 1000000 1000000 2824 2257 3902 3688 3890 3828 3662 1942 3190 2921 3983 3414 3384 2052 2500 2371 1970 3037 2442 2000 4111 3625 3734 2625 4168 2500 2581 539 2452 1613 1030 861 2159 1171 2866 2641 0 1553 1721 729 1844 1281 1773 0 1404 2303 2127 1641 1836 1500 3982 2974 2377 2843 2281 
1000000 1000000 1000000 1000000 1000000 3680 2984 4206 4305 4605 4581 4676 2691 4391 4160 4884 4387 4394 3225 3265 3331 2907 3781 3500 3107 4826 4469 4500 3745 5094 1709 1747 1265 1167 700 641 1082 807 1563 1861 1563 1404 317 1100 1443 1514 807 671 1404 0 900 1514 1457 1020 1020 3713 2248 1132 3941 3048 
1000000 1000000 1000000 1000000 1000000 4342 3624 4566 4828 5167 5163 5383 3361 5190 4977 5532 5081 5104 4032 3906 4050 3636 4387 4255 3892 5382 5100 5092 4518 5749 1628 1613 2138 609 1141 1457 1898 448 2248 1514 1205 2303 855 1422 2248 1861 1477 849 2303 900 0 1656 1911 1221 1487 3749 2103 807 4702 3702 
1000000 1000000 1000000 1000000 1000000 2955 2248 2916 3256 3624 3641 4032 2062 4061 3921 4082 3717 3770 3002 2508 2790 2434 2916 3060 2808 3829 3636 3581 3355 4305 413 510 2361 1205 2210 2025 2371 1965 1237 900 855 2127 1803 448 1566 400 2281 906 2127 1514 1656 0 609 500 641 2203 849 2377 3493 2341 
1000000 1000000 1000000 1000000 1000000 2470 1750 2752 2921 3256 3253 3536 1524 3493 3338 3641 3225 3265 2409 2025 2248 1869 2484 2500 2221 3472 3202 3183 2790 3861 1020 1119 1970 1613 2138 1803 2062 2110 633 1504 1415 1641 1773 500 1000 224 2100 1064 1641 1457 1911 609 0 722 448 2405 1390 2506 2942 1836 
1000000 1000000 1000000 1000000 1000000 3191 2470 3355 3613 3960 3963 4255 2237 4177 4003 4361 3945 3983 3060 2746 2955 2564 3202 3196 2887 4173 3921 3895 3479 4581 722 782 1980 895 1712 1566 1942 1487 1217 1030 825 1836 1304 224 1415 641 1803 413 1836 1020 1221 500 722 0 400 2702 1253 1898 3641 2556 
1000000 1000000 1000000 1000000 1000000 2861 2141 3196 3361 3688 3680 3912 1887 3795 3614 4046 3606 3636 2669 2421 2595 2194 2900 2824 2500 3906 3613 3607 3102 4264 1000 1082 1721 1265 1712 1432 1747 1665 825 1393 1217 1500 1335 224 1020 500 1712 641 1500 1020 1487 641 448 400 0 2746 1487 2060 3270 2221 
1000000 0 1000000 1000000 1000000 1000000 1000000 1000000 1000000 1000000 1000000 1000000 1000000 1000000 1000000 1000000 1000000 1000000 1000000 1000000 1000000 1000000 1000000 1000000 1000000 1000000 1000000 1000000 1000000 1000000 1000000 1000000 1000000 1000000 1000000 1000000 1000000 1000000 1000000 1000000 1000000 1000000 1000000 1000000 1000000 1000000 1000000 1000000 1000000 1000000 1000000 1000000 1000000 1000000 1000000 1000000 1000000 1000000 1000000 1000000 
1000000 1000000 0 1000000 1000000 1000000 1000000 1000000 1000000 1000000 1000000 1000000 1000000 1000000 1000000 1000000 1000000 1000000 1000000 1000000 1000000 1000000 1000000 1000000 1000000 1000000 1000000 1000000 1000000 1000000 1000000 1000000 1000000 1000000 1000000 1000000 1000000 1000000 1000000 1000000 1000000 1000000 1000000 1000000 1000000 1000000 1000000 1000000 1000000 1000000 1000000 1000000 1000000 1000000 1000000 1000000 1000000 1000000 1000000 1000000 
1000000 1000000 1000000 0 1000000 1000000 1000000 1000000 1000000 1000000 1000000 1000000 1000000 1000000 1000000 1000000 1000000 1000000 1000000 1000000 1000000 1000000 1000000 1000000 1000000 1000000 1000000 1000000 1000000 1000000 1000000 1000000 1000000 1000000 1000000 1000000 1000000 1000000 1000000 1000000 1000000 1000000 1000000 1000000 1000000 1000000 1000000 1000000 1000000 1000000 1000000 1000000 1000000 1000000 1000000 1000000 1000000 1000000 1000000 1000000 
1000000 1000000 1000000 1000000 0 1000000 1000000 1000000 1000000 1000000 1000000 1000000 1000000 1000000 1000000 1000000 1000000 1000000 1000000 1000000 1000000 1000000 1000000 1000000 1000000 1000000 1000000 1000000 1000000 1000000 1000000 1000000 1000000 1000000 1000000 1000000 1000000 1000000 1000000 1000000 1000000 1000000 1000000 1000000 1000000 1000000 1000000 1000000 1000000 1000000 1000000 1000000 1000000 1000000 1000000 1000000 1000000 1000000 1000000 1000000 
0 1000000 1000000 1000000 1000000 1000000 1000000 1000000 1000000 1000000 1000000 1000000 1000000 1000000 1000000 1000000 1000000 1000000 1000000 1000000 1000000 1000000 1000000 1000000 1000000 1000000 1000000 1000000 1000000 1000000 1000000 1000000 1000000 1000000 1000000 1000000 1000000 1000000 1000000 1000000 1000000 1000000 1000000 1000000 1000000 1000000 1000000 1000000 1000000 1000000 1000000 1000000 1000000 1000000 1000000 1000000 1000000 1000000 1000000 1000000 
EOF
