NAME : 50-5-2BIS-i
TYPE : ATSP
DIMENSION : 60
EDGE_WEIGHT_TYPE : EXPLICIT
EDGE_WEIGHT_FORMAT : FULL_MATRIX
EDGE_WEIGHT_SECTION
1000000 1000000 1000000 1000000 1000000 4419 3141 3635 3902 4492 4081 4124 3256 3256 3325 4080 4243 3229 4561 4178 3932 3437 4053 3982 3454 3402 3500 3861 3424 3338 3202 2335 3015 2237 2752 3402 3536 2880 3421 3355 2790 3081 2786 2625 2608 3027 3307 3374 2110 3614 3229 3374 2508 2419 2786 0 1000000 1000000 1000000 1000000 
1000000 1000000 1000000 1000000 1000000 2829 1530 2023 2405 2802 2335 2409 1613 1613 1553 2400 2608 1504 2829 2500 2320 1825 2320 2300 1677 1616 2062 2122 1844 1727 3982 3690 4249 3232 3472 4532 4439 3552 4160 4221 3614 3906 3453 3396 3677 4295 4333 4198 3414 4357 3963 4198 3585 3722 3453 1000000 0 1000000 1000000 1000000 
1000000 1000000 1000000 1000000 1000000 1221 1253 1105 729 1656 1812 1628 1300 1300 1898 1432 1300 1616 1932 1457 1119 1141 1712 1415 1965 2089 633 1700 1045 1171 3829 4439 4665 3668 3441 4721 4319 3421 3890 4111 3662 3842 3361 3467 4032 4751 4421 4037 4179 4032 3754 4037 3983 4387 3361 1000000 1000000 0 1000000 1000000 
1000000 1000000 1000000 1000000 1000000 1335 200 539 1000 1316 944 949 142 142 500 906 1105 200 1393 1005 825 361 895 807 609 700 807 722 425 283 4442 4610 5025 3963 3967 5201 4940 3997 4566 4717 4162 4411 3912 3941 4394 5094 4941 4665 4328 4742 4391 4665 4319 4602 3912 1000000 1000000 1000000 0 1000000 
1000000 1000000 1000000 1000000 1000000 1432 1803 1582 1119 1924 2210 2003 1836 1836 2417 1803 1604 2148 2221 1800 1514 1656 2110 1812 2470 2600 1167 2138 1566 1700 3912 4685 4834 3890 3578 4838 4383 3536 3941 4189 3802 3945 3489 3625 4216 4925 4528 4105 4439 4061 3828 4105 4179 4618 3489 1000000 1000000 1000000 1000000 0 
1000000 1000000 1000000 1000000 1000000 0 1304 807 584 500 944 722 1217 1217 1527 566 283 1393 800 500 510 1005 861 641 1500 1641 985 990 1000 1105 5021 5508 5801 4771 4610 5890 5516 4602 5094 5304 4828 5025 4535 4623 5162 5883 5598 5233 5236 5241 4950 5233 5104 5471 4535 4419 2829 1221 1335 1432 
1000000 1000000 1000000 1000000 1000000 1304 0 500 895 1361 1064 1030 142 142 700 949 1105 400 1477 1045 800 300 1000 855 807 900 641 849 317 200 4273 4483 4880 3819 3802 5045 4771 3828 4391 4549 4000 4244 3745 3781 4245 4950 4781 4495 4202 4566 4220 4495 4173 4469 3745 3141 1530 1253 200 1803 
1000000 1000000 1000000 1000000 1000000 807 500 0 500 895 762 641 413 413 861 500 609 641 1064 584 300 200 671 425 895 1030 510 609 224 300 4561 4883 5241 4187 4111 5376 5061 4124 4662 4842 4319 4546 4046 4104 4602 5316 5100 4781 4605 4826 4500 4781 4535 4861 4046 3635 2023 1105 539 1582 
1000000 1000000 1000000 1000000 1000000 584 895 500 0 944 1100 906 861 861 1361 708 584 1132 1209 729 400 641 1000 700 1390 1527 413 1020 584 722 4456 4925 5221 4189 4037 5316 4952 4032 4535 4739 4253 4456 3963 4046 4581 5301 5025 4670 4653 4687 4387 4670 4523 4888 3963 3902 2405 729 1000 1119 
1000000 1000000 1000000 1000000 1000000 500 1361 895 944 0 584 413 1237 1237 1335 413 361 1300 300 317 641 1078 539 510 1265 1393 1273 729 1119 1171 5382 5769 6108 5061 4950 6225 5880 4952 5468 5664 5163 5376 4880 4952 5468 6185 5940 5598 5492 5623 5316 5598 5404 5743 4880 4492 2802 1656 1316 1924 
1000000 1000000 1000000 1000000 1000000 944 1064 762 1100 584 0 224 922 922 800 413 671 855 500 448 700 861 100 400 708 825 1265 224 944 922 5301 5545 5940 4880 4842 6096 5801 4861 5409 5581 5045 5281 4781 4828 5304 6011 5826 5522 5264 5576 5244 5522 5233 5532 4781 4081 2335 1812 944 2210 
1000000 1000000 1000000 1000000 1000000 722 1030 641 906 413 224 0 895 895 922 200 448 906 448 224 510 782 142 224 855 985 1119 317 849 861 5201 5500 5873 4817 4751 6015 5701 4764 5301 5482 4958 5186 4687 4743 5235 5947 5739 5421 5221 5465 5141 5421 5167 5482 4687 4124 2409 1628 949 2003 
1000000 1000000 1000000 1000000 1000000 1217 142 413 861 1237 922 895 0 0 609 825 1000 317 1342 922 708 224 861 729 700 807 671 708 283 142 4411 4623 5021 3960 3941 5186 4910 3967 4528 4688 4141 4383 3884 3921 4387 5092 4921 4633 4342 4702 4357 4633 4314 4610 3884 3256 1613 1300 142 1836 
1000000 1000000 1000000 1000000 1000000 1217 142 413 861 1237 922 895 0 0 609 825 1000 317 1342 922 708 224 861 729 700 807 671 708 283 142 4411 4623 5021 3960 3941 5186 4910 3967 4528 4688 4141 4383 3884 3921 4387 5092 4921 4633 4342 4702 4357 4633 4314 4610 3884 3256 1613 1300 142 1836 
1000000 1000000 1000000 1000000 1000000 1527 700 861 1361 1335 800 922 609 609 0 985 1253 300 1300 1078 1064 762 807 895 142 200 1265 609 855 729 4877 4950 5404 4342 4391 5604 5372 4430 5009 5148 4580 4838 4342 4357 4781 5468 5354 5100 4667 5190 4831 5100 4702 4952 4342 3325 1553 1898 500 2417 
1000000 1000000 1000000 1000000 1000000 566 949 500 708 413 413 200 825 825 985 0 283 906 566 100 317 671 317 100 944 1082 944 425 722 762 5045 5383 5739 4687 4602 5870 5545 4610 5141 5327 4811 5033 4535 4597 5100 5814 5591 5264 5104 5301 4982 5264 5033 5361 4535 4080 2400 1432 906 1803 
1000000 1000000 1000000 1000000 1000000 283 1105 609 584 361 671 448 1000 1000 1253 283 0 1141 633 224 317 807 584 361 1221 1361 922 708 825 906 5025 5438 5763 4721 4597 5873 5523 4597 5109 5308 4811 5021 4526 4602 5123 5842 5587 5241 5163 5264 4958 5241 5061 5409 4526 4243 2608 1300 1105 1604 
1000000 1000000 1000000 1000000 1000000 1393 400 641 1132 1300 855 906 317 317 300 906 1141 0 1335 1005 895 500 825 807 413 500 985 633 584 448 4615 4743 5174 4111 4135 5361 5111 4168 4742 4888 4327 4580 4082 4105 4546 5241 5104 4838 4460 4920 4566 4838 4469 4739 4082 3229 1504 1616 200 2148 
1000000 1000000 1000000 1000000 1000000 800 1477 1064 1209 300 500 448 1342 1342 1300 566 633 1335 0 500 861 1221 510 641 1205 1316 1500 708 1281 1304 5609 5941 6304 5250 5167 6436 6108 5174 5701 5890 5376 5598 5100 5163 5664 6379 6156 5826 5662 5861 5545 5826 5598 5921 5100 4561 2829 1932 1393 2221 
1000000 1000000 1000000 1000000 1000000 500 1045 584 729 317 448 224 922 922 1078 100 224 1005 500 0 361 762 361 200 1030 1167 1000 500 807 855 5109 5465 5814 4764 4670 5940 5609 4676 5201 5391 4880 5100 4602 4667 5174 5890 5659 5327 5187 5361 5045 5327 5109 5441 4602 4178 2500 1457 1005 1800 
1000000 1000000 1000000 1000000 1000000 510 800 300 400 641 700 510 708 708 1064 317 317 895 861 361 0 500 600 300 1064 1205 641 633 510 600 4751 5132 5468 4421 4314 5587 5250 4319 4842 5033 4526 4743 4245 4314 4828 5545 5304 4968 4855 5000 4687 4968 4764 5104 4245 3932 2320 1119 825 1514 
1000000 1000000 1000000 1000000 1000000 1005 300 200 641 1078 861 782 224 224 762 671 807 500 1221 762 500 0 782 584 825 949 510 671 100 100 4441 4721 5094 4037 3983 5241 4941 4000 4549 4721 4187 4421 3921 3970 4456 5167 4968 4662 4441 4717 4383 4662 4387 4702 3921 3437 1825 1141 361 1656 
1000000 1000000 1000000 1000000 1000000 861 1000 671 1000 539 100 142 861 861 807 317 584 825 510 361 600 782 0 300 729 855 1171 200 861 849 5221 5482 5870 4811 4764 6021 5721 4781 5326 5500 4968 5201 4702 4751 5233 5942 5749 5441 5201 5492 5162 5441 5163 5468 4702 4053 2320 1712 895 2110 
1000000 1000000 1000000 1000000 1000000 641 855 425 700 510 400 224 729 729 895 100 361 807 641 200 300 584 300 0 861 1000 895 361 641 671 4982 5301 5664 4610 4535 5800 5482 4546 5081 5264 4743 4968 4469 4528 5025 5739 5523 5201 5022 5244 4921 5201 4958 5281 4469 3982 2300 1415 807 1812 
1000000 1000000 1000000 1000000 1000000 1500 807 895 1390 1265 708 855 700 700 142 944 1221 413 1205 1030 1064 825 729 861 0 142 1335 539 922 807 5012 5092 5545 4483 4528 5743 5508 4566 5143 5284 4717 4974 4478 4495 4921 5609 5492 5236 4809 5323 4965 5236 4842 5094 4478 3454 1677 1965 609 2470 
1000000 1000000 1000000 1000000 1000000 1641 900 1030 1527 1393 825 985 807 807 200 1082 1361 500 1316 1167 1205 949 855 1000 142 0 1457 671 1045 922 5054 5094 5561 4500 4566 5769 5548 4607 5190 5324 4751 5012 4518 4528 4941 5623 5523 5278 4811 5372 5009 5278 4861 5100 4518 3402 1616 2089 700 2600 
1000000 1000000 1000000 1000000 1000000 985 641 510 413 1273 1265 1119 671 671 1265 944 922 985 1500 1000 641 510 1171 895 1335 1457 0 1119 413 539 4111 4528 4842 3802 3677 4952 4610 3680 4202 4394 3890 4104 3607 3680 4202 4921 4667 4328 4255 4361 4046 4328 4141 4495 3607 3500 2062 633 807 1167 
1000000 1000000 1000000 1000000 1000000 990 849 609 1020 729 224 317 708 708 609 425 708 633 708 500 633 671 200 361 539 671 1119 0 762 722 5104 5327 5729 4667 4641 5890 5604 4662 5216 5383 4842 5081 4581 4623 5094 5799 5623 5326 5045 5386 5048 5326 5021 5316 4581 3861 2122 1700 722 2138 
1000000 1000000 1000000 1000000 1000000 1000 317 224 584 1119 944 849 283 283 855 722 825 584 1281 807 510 100 861 641 922 1045 413 762 0 142 4361 4662 5025 3970 3906 5167 4861 3921 4466 4641 4111 4342 3842 3895 4387 5100 4892 4581 4383 4633 4302 4581 4319 4641 3842 3424 1844 1045 425 1566 
1000000 1000000 1000000 1000000 1000000 1105 200 300 722 1171 922 861 142 142 729 762 906 448 1304 855 600 100 849 671 807 922 539 722 142 0 4383 4641 5021 3963 3921 5174 4883 3941 4495 4662 4124 4361 3861 3906 4385 5094 4905 4605 4361 4665 4327 4605 4314 4623 3861 3338 1727 1171 283 1700 
1000000 1000000 1000000 1000000 1000000 5021 4273 4561 4456 5382 5301 5201 4411 4411 4877 5045 5025 4615 5609 5109 4751 4441 5221 4982 5012 5054 4111 5104 4361 4383 0 1443 1105 985 510 949 500 448 224 283 413 142 539 600 782 1205 633 224 1415 413 100 224 849 1304 539 3202 3982 3829 4442 3912 
1000000 1000000 1000000 1000000 1000000 5508 4483 4883 4925 5769 5545 5500 4623 4623 4950 5383 5438 4743 5941 5465 5132 4721 5482 5301 5092 5094 4528 5327 4662 4641 1443 0 708 807 1335 1141 1500 1457 1641 1415 1171 1304 1432 1217 671 700 1167 1487 283 1770 1527 1487 633 142 1432 2335 3690 4439 4610 4685 
1000000 1000000 1000000 1000000 1000000 5801 4880 5241 5221 6108 5940 5873 5021 5021 5404 5739 5763 5174 6304 5814 5468 5094 5870 5664 5545 5561 4842 5729 5025 5021 1105 708 0 1064 1265 448 944 1335 1237 949 1045 1000 1361 1209 641 100 584 1045 906 1300 1205 1045 708 600 1361 3015 4249 4665 5025 4834 
1000000 1000000 1000000 1000000 1000000 4771 3819 4187 4189 5061 4880 4817 3960 3960 4342 4687 4721 4111 5250 4764 4421 4037 4811 4610 4483 4500 3802 4667 3970 3963 985 807 1064 0 641 1300 1304 782 1209 1119 584 855 722 500 448 1132 1119 1141 609 1393 1030 1141 361 729 722 2237 3232 3668 3963 3890 
1000000 1000000 1000000 1000000 1000000 4610 3802 4111 4037 4950 4842 4751 3941 3941 4391 4602 4597 4135 5167 4670 4314 3983 4764 4535 4528 4566 3677 4641 3906 3921 510 1335 1265 641 0 1281 985 142 700 762 224 448 100 142 700 1361 990 729 1209 900 500 729 708 1217 100 2752 3472 3441 3967 3578 
1000000 1000000 1000000 1000000 1000000 5890 5045 5376 5316 6225 6096 6015 5186 5186 5604 5870 5873 5361 6436 5940 5587 5241 6021 5800 5743 5769 4952 5890 5167 5174 949 1141 448 1300 1281 0 609 1304 1005 708 1064 895 1361 1273 855 500 317 807 1304 1005 1045 807 949 1020 1361 3402 4532 4721 5201 4838 
1000000 1000000 1000000 1000000 1000000 5516 4771 5061 4952 5880 5801 5701 4910 4910 5372 5545 5523 5111 6108 5609 5250 4941 5721 5482 5508 5548 4610 5604 4861 4883 500 1500 944 1304 985 609 0 944 448 224 825 539 1030 1045 949 1030 361 283 1566 400 566 283 1045 1361 1030 3536 4439 4319 4940 4383 
1000000 1000000 1000000 1000000 1000000 4602 3828 4124 4032 4952 4861 4764 3967 3967 4430 4610 4597 4168 5174 4676 4319 4000 4781 4546 4566 4607 3680 4662 3921 3941 448 1457 1335 782 142 1304 944 0 609 722 300 425 100 283 807 1432 1000 671 1342 807 413 671 825 1335 100 2880 3552 3421 3997 3536 
1000000 1000000 1000000 1000000 1000000 5094 4391 4662 4535 5468 5409 5301 4528 4528 5009 5141 5109 4742 5701 5201 4842 4549 5326 5081 5143 5190 4202 5216 4466 4495 224 1641 1237 1209 700 1005 448 609 0 300 633 361 708 807 990 1335 700 200 1628 200 200 200 1064 1500 708 3421 4160 3890 4566 3941 
1000000 1000000 1000000 1000000 1000000 5304 4549 4842 4739 5664 5581 5482 4688 4688 5148 5327 5308 4888 5890 5391 5033 4721 5500 5264 5284 5324 4394 5383 4641 4662 283 1415 949 1119 762 708 224 722 300 0 609 317 807 825 807 1045 400 100 1443 361 361 100 895 1273 807 3355 4221 4111 4717 4189 
1000000 1000000 1000000 1000000 1000000 4828 4000 4319 4253 5163 5045 4958 4141 4141 4580 4811 4811 4327 5376 4880 4526 4187 4968 4743 4717 4751 3890 4842 4111 4124 413 1171 1045 584 224 1064 825 300 633 609 0 300 317 224 510 1141 782 600 1082 825 448 600 539 1045 317 2790 3614 3662 4162 3802 
1000000 1000000 1000000 1000000 1000000 5025 4244 4546 4456 5376 5281 5186 4383 4383 4838 5033 5021 4580 5598 5100 4743 4421 5201 4968 4974 5012 4104 5081 4342 4361 142 1304 1000 855 448 895 539 425 361 317 300 0 500 510 641 1100 584 300 1273 539 224 300 708 1167 500 3081 3906 3842 4411 3945 
1000000 1000000 1000000 1000000 1000000 4535 3745 4046 3963 4880 4781 4687 3884 3884 4342 4535 4526 4082 5100 4602 4245 3921 4702 4469 4478 4518 3607 4581 3842 3861 539 1432 1361 722 100 1361 1030 100 708 807 317 500 0 224 800 1457 1064 762 1300 906 510 762 807 1316 0 2786 3453 3361 3912 3489 
1000000 1000000 1000000 1000000 1000000 4623 3781 4104 4046 4952 4828 4743 3921 3921 4357 4597 4602 4105 5163 4667 4314 3970 4751 4528 4495 4528 3680 4623 3895 3906 600 1217 1209 500 142 1273 1045 283 807 825 224 510 224 0 609 1300 1000 807 1078 1005 609 807 600 1105 224 2625 3396 3467 3941 3625 
1000000 1000000 1000000 1000000 1000000 5162 4245 4602 4581 5468 5304 5235 4387 4387 4781 5100 5123 4546 5664 5174 4828 4456 5233 5025 4921 4941 4202 5094 4387 4385 782 671 641 448 700 855 949 807 990 807 510 641 800 609 0 722 700 861 641 1141 861 861 100 539 800 2608 3677 4032 4394 4216 
1000000 1000000 1000000 1000000 1000000 5883 4950 5316 5301 6185 6011 5947 5092 5092 5468 5814 5842 5241 6379 5890 5545 5167 5942 5739 5609 5623 4921 5799 5100 5094 1205 700 100 1132 1361 500 1030 1432 1335 1045 1141 1100 1457 1300 722 0 671 1141 922 1393 1304 1141 782 609 1457 3027 4295 4751 5094 4925 
1000000 1000000 1000000 1000000 1000000 5598 4781 5100 5025 5940 5826 5739 4921 4921 5354 5591 5587 5104 6156 5659 5304 4968 5749 5523 5492 5523 4667 5623 4892 4905 633 1167 584 1119 990 317 361 1000 700 400 782 584 1064 1000 700 671 0 500 1265 729 729 500 800 1030 1064 3307 4333 4421 4941 4528 
1000000 1000000 1000000 1000000 1000000 5233 4495 4781 4670 5598 5522 5421 4633 4633 5100 5264 5241 4838 5826 5327 4968 4662 5441 5201 5236 5278 4328 5326 4581 4605 224 1487 1045 1141 729 807 283 671 200 100 600 300 762 807 861 1141 500 0 1500 283 283 0 944 1346 762 3374 4198 4037 4665 4105 
1000000 1000000 1000000 1000000 1000000 5236 4202 4605 4653 5492 5264 5221 4342 4342 4667 5104 5163 4460 5662 5187 4855 4441 5201 5022 4809 4811 4255 5045 4383 4361 1415 283 906 609 1209 1304 1566 1342 1628 1443 1082 1273 1300 1078 641 922 1265 1500 0 1781 1487 1500 566 317 1300 2110 3414 4179 4328 4439 
1000000 1000000 1000000 1000000 1000000 5241 4566 4826 4687 5623 5576 5465 4702 4702 5190 5301 5264 4920 5861 5361 5000 4717 5492 5244 5323 5372 4361 5386 4633 4665 413 1770 1300 1393 900 1005 400 807 200 361 825 539 906 1005 1141 1393 729 283 1781 0 400 283 1221 1628 906 3614 4357 4032 4742 4061 
1000000 1000000 1000000 1000000 1000000 4950 4220 4500 4387 5316 5244 5141 4357 4357 4831 4982 4958 4566 5545 5045 4687 4383 5162 4921 4965 5009 4046 5048 4302 4327 100 1527 1205 1030 500 1045 566 413 200 361 448 224 510 609 861 1304 729 283 1487 400 0 283 922 1390 510 3229 3963 3754 4391 3828 
1000000 1000000 1000000 1000000 1000000 5233 4495 4781 4670 5598 5522 5421 4633 4633 5100 5264 5241 4838 5826 5327 4968 4662 5441 5201 5236 5278 4328 5326 4581 4605 224 1487 1045 1141 729 807 283 671 200 100 600 300 762 807 861 1141 500 0 1500 283 283 0 944 1346 762 3374 4198 4037 4665 4105 
1000000 1000000 1000000 1000000 1000000 5104 4173 4535 4523 5404 5233 5167 4314 4314 4702 5033 5061 4469 5598 5109 4764 4387 5163 4958 4842 4861 4141 5021 4319 4314 849 633 708 361 708 949 1045 825 1064 895 539 708 807 600 100 782 800 944 566 1221 922 944 0 510 807 2508 3585 3983 4319 4179 
1000000 1000000 1000000 1000000 1000000 5471 4469 4861 4888 5743 5532 5482 4610 4610 4952 5361 5409 4739 5921 5441 5104 4702 5468 5281 5094 5100 4495 5316 4641 4623 1304 142 600 729 1217 1020 1361 1335 1500 1273 1045 1167 1316 1105 539 609 1030 1346 317 1628 1390 1346 510 0 1316 2419 3722 4387 4602 4618 
1000000 1000000 1000000 1000000 1000000 4535 3745 4046 3963 4880 4781 4687 3884 3884 4342 4535 4526 4082 5100 4602 4245 3921 4702 4469 4478 4518 3607 4581 3842 3861 539 1432 1361 722 100 1361 1030 100 708 807 317 500 0 224 800 1457 1064 762 1300 906 510 762 807 1316 0 2786 3453 3361 3912 3489 
1000000 0 1000000 1000000 1000000 1000000 1000000 1000000 1000000 1000000 1000000 1000000 1000000 1000000 1000000 1000000 1000000 1000000 1000000 1000000 1000000 1000000 1000000 1000000 1000000 1000000 1000000 1000000 1000000 1000000 1000000 1000000 1000000 1000000 1000000 1000000 1000000 1000000 1000000 1000000 1000000 1000000 1000000 1000000 1000000 1000000 1000000 1000000 1000000 1000000 1000000 1000000 1000000 1000000 1000000 1000000 1000000 1000000 1000000 1000000 
1000000 1000000 0 1000000 1000000 1000000 1000000 1000000 1000000 1000000 1000000 1000000 1000000 1000000 1000000 1000000 1000000 1000000 1000000 1000000 1000000 1000000 1000000 1000000 1000000 1000000 1000000 1000000 1000000 1000000 1000000 1000000 1000000 1000000 1000000 1000000 1000000 1000000 1000000 1000000 1000000 1000000 1000000 1000000 1000000 1000000 1000000 1000000 1000000 1000000 1000000 1000000 1000000 1000000 1000000 1000000 1000000 1000000 1000000 1000000 
1000000 1000000 1000000 0 1000000 1000000 1000000 1000000 1000000 1000000 1000000 1000000 1000000 1000000 1000000 1000000 1000000 1000000 1000000 1000000 1000000 1000000 1000000 1000000 1000000 1000000 1000000 1000000 1000000 1000000 1000000 1000000 1000000 1000000 1000000 1000000 1000000 1000000 1000000 1000000 1000000 1000000 1000000 1000000 1000000 1000000 1000000 1000000 1000000 1000000 1000000 1000000 1000000 1000000 1000000 1000000 1000000 1000000 1000000 1000000 
1000000 1000000 1000000 1000000 0 1000000 1000000 1000000 1000000 1000000 1000000 1000000 1000000 1000000 1000000 1000000 1000000 1000000 1000000 1000000 1000000 1000000 1000000 1000000 1000000 1000000 1000000 1000000 1000000 1000000 1000000 1000000 1000000 1000000 1000000 1000000 1000000 1000000 1000000 1000000 1000000 1000000 1000000 1000000 1000000 1000000 1000000 1000000 1000000 1000000 1000000 1000000 1000000 1000000 1000000 1000000 1000000 1000000 1000000 1000000 
0 1000000 1000000 1000000 1000000 1000000 1000000 1000000 1000000 1000000 1000000 1000000 1000000 1000000 1000000 1000000 1000000 1000000 1000000 1000000 1000000 1000000 1000000 1000000 1000000 1000000 1000000 1000000 1000000 1000000 1000000 1000000 1000000 1000000 1000000 1000000 1000000 1000000 1000000 1000000 1000000 1000000 1000000 1000000 1000000 1000000 1000000 1000000 1000000 1000000 1000000 1000000 1000000 1000000 1000000 1000000 1000000 1000000 1000000 1000000 
EOF
