NAME : 50-5-2bBIS-i
TYPE : ATSP
DIMENSION : 60
EDGE_WEIGHT_TYPE : EXPLICIT
EDGE_WEIGHT_FORMAT : FULL_MATRIX
EDGE_WEIGHT_SECTION
1000000 1000000 1000000 1000000 1000000 3015 1803 2608 1924 1825 2159 2817 2684 2281 2333 1932 2786 2600 1803 2693 2702 1747 2817 2309 1727 2474 1924 2962 1727 2400 3325 3265 2436 3256 2746 3512 2942 3081 2843 2779 2913 3493 3402 3311 2524 3325 2730 2766 2625 3245 3037 3614 2470 3547 2474 0 1000000 1000000 1000000 1000000 
1000000 1000000 1000000 1000000 1000000 2460 2003 2214 2200 2203 2409 2377 3141 3302 3102 2602 2984 2025 2508 3325 2155 2309 2817 2618 2210 2550 2200 2693 2210 1965 3325 3545 2730 2818 3424 3402 2942 2824 3713 3338 2847 3089 3512 3479 3307 3325 3239 3706 2766 3786 2974 3225 2829 3493 2550 1000000 0 1000000 1000000 1000000 
1000000 1000000 1000000 1000000 1000000 4702 3502 4300 3602 3502 3812 4502 4221 3700 3833 3536 4374 4305 3424 4177 4402 3406 4441 3932 3402 4120 3602 4618 3402 4105 3338 3107 2658 3574 2508 3536 3105 3353 2403 2618 3133 3711 3314 3215 2320 3338 2631 2303 2847 2902 3202 3786 2625 3523 2824 1000000 1000000 0 1000000 1000000 
1000000 1000000 1000000 1000000 1000000 825 566 500 361 448 100 633 729 985 729 448 641 641 510 906 641 510 584 200 539 224 361 708 539 539 4952 5025 4104 4641 4641 5100 4528 4546 4826 4623 4460 4921 5092 5021 4441 4952 4546 4771 4243 5123 4602 5061 4178 5167 4032 1000000 1000000 1000000 0 1000000 
1000000 1000000 1000000 1000000 1000000 4828 3614 4415 3765 3669 4017 4633 4562 4135 4206 3808 4662 4374 3677 4566 4492 3606 4682 4179 3574 4333 3765 4809 3574 4178 2354 2110 1750 2641 1514 2550 2155 2417 1404 1628 2194 2752 2320 2221 1335 2354 1650 1304 1924 1903 2248 2817 1700 2532 1942 1000000 1000000 1000000 1000000 0 
1000000 1000000 1000000 1000000 1000000 0 1217 413 1100 1200 922 200 1082 1628 1346 1265 807 500 1335 1304 361 1304 584 895 1300 671 1100 317 1300 671 5404 5522 4605 5021 5198 5532 4982 4958 5413 5163 4905 5304 5561 5500 5012 5404 5078 5367 4721 5661 5045 5446 4688 5609 4500 3015 2460 4702 825 4828 
1000000 1000000 1000000 1000000 1000000 1217 0 807 224 200 500 1020 1253 1300 1119 600 1205 807 510 1393 900 317 1141 722 224 782 224 1209 224 609 4387 4460 3539 4081 4081 4535 3963 3983 4273 4061 3895 4361 4526 4456 3884 4387 3983 4220 3677 4561 4037 4500 3613 4602 3466 1803 2003 3502 566 3614 
1000000 1000000 1000000 1000000 1000000 413 807 0 708 807 584 224 1020 1443 1167 944 800 200 985 1237 142 922 609 641 906 448 708 500 906 283 5033 5141 4221 4670 4803 5167 4610 4597 5012 4771 4535 4952 5186 5123 4615 5033 4688 4965 4342 5270 4676 5094 4302 5241 4124 2608 2214 4300 500 4415 
1000000 1000000 1000000 1000000 1000000 1100 224 708 0 100 283 900 1030 1105 906 413 990 762 361 1171 825 224 944 500 200 584 0 1045 200 584 4602 4670 3749 4302 4281 4751 4178 4202 4466 4264 4111 4581 4739 4667 4081 4602 4187 4411 3890 4764 4253 4721 3821 4817 3680 1924 2200 3602 361 3765 
1000000 1000000 1000000 1000000 1000000 1200 200 807 100 0 361 1000 1082 1100 922 400 1064 855 317 1209 922 142 1030 566 100 671 100 1141 100 671 4535 4597 3677 4244 4202 4687 4111 4141 4383 4187 4046 4523 4670 4597 4000 4535 4111 4327 3821 4687 4187 4662 3749 4751 3613 1825 2203 3502 448 3669 
1000000 1000000 1000000 1000000 1000000 922 500 584 283 361 0 729 762 949 708 361 708 708 413 922 722 413 671 224 448 317 283 807 448 584 4884 4952 4032 4581 4561 5033 4460 4483 4744 4546 4394 4861 5021 4950 4361 4884 4469 4688 4173 5045 4535 5000 4104 5100 3963 2159 2409 3812 100 4017 
1000000 1000000 1000000 1000000 1000000 200 1020 224 900 1000 729 0 985 1487 1205 1078 729 361 1141 1209 224 1105 510 722 1100 500 900 317 1100 500 5250 5361 4441 4880 5025 5382 4828 4811 5236 4993 4751 5163 5404 5342 4838 5250 4910 5189 4561 5492 4892 5304 4523 5457 4342 2817 2377 4502 633 4633 
1000000 1000000 1000000 1000000 1000000 1082 1253 1020 1030 1082 762 985 0 633 400 782 283 1217 922 224 1141 1064 500 539 1141 600 1030 782 1141 1200 5609 5659 4743 5326 5241 5763 5186 5221 5404 5235 5123 5604 5739 5664 5033 5609 5163 5342 4892 5732 5264 5743 4811 5826 4687 2684 3141 4221 729 4562 
1000000 1000000 1000000 1000000 1000000 1628 1300 1443 1105 1100 949 1487 633 0 283 700 895 1613 807 500 1582 1005 1082 807 1105 1000 1105 1361 1105 1524 5409 5421 4523 5189 4958 5576 4993 5061 5092 4968 4940 5459 5522 5441 4743 5409 4905 5021 4688 5457 5078 5595 4581 5631 4495 2281 3302 3700 985 4135 
1000000 1000000 1000000 1000000 1000000 1346 1119 1167 906 922 708 1205 400 283 0 539 633 1342 671 361 1304 855 807 539 949 722 906 1082 949 1265 5361 5391 4483 5111 4950 5522 4941 4993 5100 4952 4883 5386 5482 5404 4739 5361 4884 5033 4641 5446 5022 5523 4546 5581 4441 2333 3102 3833 729 4206 
1000000 1000000 1000000 1000000 1000000 1265 600 944 413 400 361 1078 782 700 539 0 855 1064 142 861 1082 317 906 400 413 609 413 1105 413 922 4842 4884 3970 4580 4460 5000 4421 4466 4623 4456 4361 4855 4968 4892 4253 4842 4385 4561 4124 4952 4500 4993 4037 5061 3921 1932 2602 3536 448 3808 
1000000 1000000 1000000 1000000 1000000 807 1205 800 990 1064 708 729 283 895 633 855 0 1000 985 500 906 1082 224 500 1141 448 990 500 1141 1020 5591 5659 4739 5281 5264 5739 5167 5186 5441 5250 5100 5561 5729 5657 5061 5591 5174 5383 4880 5749 5241 5701 4811 5806 4670 2786 2984 4374 641 4662 
1000000 1000000 1000000 1000000 1000000 500 807 200 762 855 708 361 1217 1613 1342 1064 1000 0 1082 1432 142 985 807 807 949 633 762 671 949 200 4905 5022 4105 4526 4702 5033 4483 4460 4920 4665 4405 4809 5061 5000 4518 4905 4580 4876 4221 5163 4546 4950 4189 5109 4000 2600 2025 4305 641 4374 
1000000 1000000 1000000 1000000 1000000 1335 510 985 361 317 413 1141 922 807 671 142 985 1082 0 1000 1119 200 1020 510 300 700 361 1200 300 922 4702 4743 3829 4442 4319 4861 4281 4327 4483 4314 4221 4717 4828 4751 4111 4702 4243 4421 3983 4811 4361 4855 3895 4921 3781 1803 2508 3424 510 3677 
1000000 1000000 1000000 1000000 1000000 1304 1393 1237 1171 1209 922 1209 224 500 361 861 500 1432 1000 0 1361 1167 722 708 1253 807 1171 1000 1253 1404 5701 5739 4828 5438 5304 5861 5281 5326 5457 5304 5221 5715 5826 5749 5094 5701 5235 5391 4982 5799 5361 5853 4892 5921 4781 2693 3325 4177 906 4566 
1000000 1000000 1000000 1000000 1000000 361 900 142 825 922 722 224 1141 1582 1304 1082 906 142 1119 1361 0 1045 700 782 1020 584 825 539 1020 317 5045 5162 4244 4667 4838 5174 4623 4602 5054 4803 4546 4950 5201 5141 4653 5045 4717 5009 4361 5300 4687 5092 4327 5250 4141 2702 2155 4402 641 4492 
1000000 1000000 1000000 1000000 1000000 1304 317 922 224 142 413 1105 1064 1005 855 317 1082 985 200 1167 1045 0 1078 584 100 729 224 1217 100 807 4546 4597 3680 4273 4187 4702 4124 4162 4361 4178 4061 4549 4676 4602 3983 4546 4104 4302 3829 4676 4202 4688 3749 4764 3624 1747 2309 3406 510 3606 
1000000 1000000 1000000 1000000 1000000 584 1141 609 944 1030 671 510 500 1082 807 906 224 807 1020 722 700 1078 0 510 1119 361 944 283 1119 855 5516 5598 4676 5186 5221 5659 5092 5100 5409 5201 5021 5468 5659 5591 5022 5516 5123 5354 4811 5701 5163 5609 4751 5729 4597 2817 2817 4441 584 4682 
1000000 1000000 1000000 1000000 1000000 895 722 641 500 566 224 722 539 807 539 400 500 807 510 708 782 584 510 0 641 224 500 708 641 729 5100 5163 4243 4802 4764 5250 4676 4702 4941 4751 4610 5081 5235 5163 4561 5100 4676 4883 4387 5250 4751 5221 4314 5316 4178 2309 2618 3932 200 4179 
1000000 1000000 1000000 1000000 1000000 1300 224 906 200 100 448 1100 1141 1105 949 413 1141 949 300 1253 1020 100 1119 641 0 762 200 1237 0 762 4469 4526 3607 4189 4124 4623 4046 4081 4302 4111 3983 4466 4602 4528 3921 4469 4037 4244 3754 4610 4124 4605 3677 4687 3547 1727 2210 3402 539 3574 
1000000 1000000 1000000 1000000 1000000 671 782 448 584 671 317 500 600 1000 722 609 448 633 700 807 584 729 361 224 762 0 584 500 762 600 5163 5241 4319 4842 4861 5308 4739 4751 5048 4842 4670 5123 5304 5235 4662 5163 4764 4993 4456 5342 4811 5264 4394 5376 4243 2474 2550 4120 224 4333 
1000000 1000000 1000000 1000000 1000000 1100 224 708 0 100 283 900 1030 1105 906 413 990 762 361 1171 825 224 944 500 200 584 0 1045 200 584 4602 4670 3749 4302 4281 4751 4178 4202 4466 4264 4111 4581 4739 4667 4081 4602 4187 4411 3890 4764 4253 4721 3821 4817 3680 1924 2200 3602 361 3765 
1000000 1000000 1000000 1000000 1000000 317 1209 500 1045 1141 807 317 782 1361 1082 1105 500 671 1200 1000 539 1217 283 708 1237 500 1045 0 1237 782 5523 5623 4702 5167 5270 5659 5100 5092 5471 5244 5025 5449 5673 5609 5078 5523 5162 5421 4828 5743 5167 5591 4781 5732 4610 2962 2693 4618 708 4809 
1000000 1000000 1000000 1000000 1000000 1300 224 906 200 100 448 1100 1141 1105 949 413 1141 949 300 1253 1020 100 1119 641 0 762 200 1237 0 762 4469 4526 3607 4189 4124 4623 4046 4081 4302 4111 3983 4466 4602 4528 3921 4469 4037 4244 3754 4610 4124 4605 3677 4687 3547 1727 2210 3402 539 3574 
1000000 1000000 1000000 1000000 1000000 671 609 283 584 671 584 500 1200 1524 1265 922 1020 200 922 1404 317 807 855 729 762 600 584 782 762 0 4751 4861 3941 4387 4528 4884 4328 4314 4742 4495 4253 4670 4905 4842 4342 4751 4411 4696 4061 4993 4394 4811 4023 4958 3842 2400 1965 4105 539 4178 
1000000 1000000 1000000 1000000 1000000 5404 4387 5033 4602 4535 4884 5250 5609 5409 5361 4842 5591 4905 4702 5701 5045 4546 5516 5100 4469 5163 4602 5523 4469 4751 0 361 895 609 855 200 425 510 1082 729 500 500 200 224 1020 0 708 1167 722 722 361 500 855 224 922 3325 3325 3338 4952 2354 
1000000 1000000 1000000 1000000 1000000 5522 4460 5141 4670 4597 4952 5361 5659 5421 5391 4884 5659 5022 4743 5739 5162 4597 5598 5163 4526 5241 4670 5623 4526 4861 361 0 922 949 600 500 609 807 762 510 708 861 224 142 807 361 539 855 807 361 600 849 849 448 1030 3265 3545 3107 5025 2110 
1000000 1000000 1000000 1000000 1000000 4605 3539 4221 3749 3677 4032 4441 4743 4523 4483 3970 4739 4105 3829 4828 4244 3680 4676 4243 3607 4319 3749 4702 3607 3941 895 922 0 922 700 1078 510 708 1005 609 500 1100 1000 922 633 895 510 1020 200 1078 609 1205 100 1119 224 2436 2730 2658 4104 1750 
1000000 1000000 1000000 1000000 1000000 5021 4081 4670 4302 4244 4581 4880 5326 5189 5111 4580 5281 4526 4442 5438 4667 4273 5186 4802 4189 4842 4302 5167 4189 4387 609 949 922 0 1273 609 500 224 1563 1132 448 283 807 825 1361 609 1064 1628 729 1300 425 425 949 708 800 3256 2818 3574 4641 2641 
1000000 1000000 1000000 1000000 1000000 5198 4081 4803 4281 4202 4561 5025 5241 4958 4950 4460 5264 4702 4319 5304 4838 4187 5221 4764 4124 4861 4281 5270 4124 4528 855 600 700 1273 0 1045 782 1064 317 142 861 1304 807 708 224 855 224 361 729 500 849 1342 600 1020 906 2746 3424 2508 4641 1514 
1000000 1000000 1000000 1000000 1000000 5532 4535 5167 4751 4687 5033 5382 5763 5576 5522 5000 5739 5033 4861 5861 5174 4702 5659 5250 4623 5308 4751 5659 4623 4884 200 500 1078 609 1045 0 584 584 1253 922 641 413 283 361 1217 200 906 1342 895 849 500 361 1045 100 1082 3512 3402 3536 5100 2550 
1000000 1000000 1000000 1000000 1000000 4982 3963 4610 4178 4111 4460 4828 5186 4993 4941 4421 5167 4483 4281 5281 4623 4124 5092 4676 4046 4739 4178 5100 4046 4328 425 609 510 500 782 584 0 283 1082 641 100 609 584 539 861 425 566 1141 317 906 100 700 500 641 500 2942 2942 3105 4528 2155 
1000000 1000000 1000000 1000000 1000000 4958 3983 4597 4202 4141 4483 4811 5221 5061 4993 4466 5186 4460 4327 5326 4602 4162 5100 4702 4081 4751 4202 5092 4081 4314 510 807 708 224 1064 584 283 0 1361 922 224 413 708 700 1141 510 849 1422 510 1141 224 539 729 671 609 3081 2824 3353 4546 2417 
1000000 1000000 1000000 1000000 1000000 5413 4273 5012 4466 4383 4744 5236 5404 5092 5100 4623 5441 4920 4483 5457 5054 4361 5409 4941 4302 5048 4466 5471 4302 4742 1082 762 1005 1563 317 1253 1082 1361 0 448 1167 1563 985 895 413 1082 539 100 1045 500 1141 1582 906 1209 1217 2843 3713 2403 4826 1404 
1000000 1000000 1000000 1000000 1000000 5163 4061 4771 4264 4187 4546 4993 5235 4968 4952 4456 5250 4665 4314 5304 4803 4178 5201 4751 4111 4842 4264 5244 4111 4495 729 510 609 1132 142 922 641 922 448 0 722 1167 700 600 300 729 100 500 609 500 708 1209 510 906 800 2779 3338 2618 4623 1628 
1000000 1000000 1000000 1000000 1000000 4905 3895 4535 4111 4046 4394 4751 5123 4940 4883 4361 5100 4405 4221 5221 4546 4061 5021 4610 3983 4670 4111 5025 3983 4253 500 708 500 448 861 641 100 224 1167 722 0 600 671 633 922 500 641 1221 300 1005 142 708 510 708 448 2913 2847 3133 4460 2194 
1000000 1000000 1000000 1000000 1000000 5304 4361 4952 4581 4523 4861 5163 5604 5459 5386 4855 5561 4809 4717 5715 4950 4549 5468 5081 4466 5123 4581 5449 4466 4670 500 861 1100 283 1304 413 609 413 1563 1167 600 0 671 722 1432 500 1119 1641 900 1221 510 142 1105 510 1020 3493 3089 3711 4921 2752 
1000000 1000000 1000000 1000000 1000000 5561 4526 5186 4739 4670 5021 5404 5739 5522 5482 4968 5729 5061 4828 5826 5201 4676 5659 5235 4602 5304 4739 5673 4602 4905 200 224 1000 807 807 283 584 708 985 700 671 671 0 100 1000 200 708 1078 849 566 539 641 944 224 1064 3402 3512 3314 5092 2320 
1000000 1000000 1000000 1000000 1000000 5500 4456 5123 4667 4597 4950 5342 5664 5441 5404 4892 5657 5000 4751 5749 5141 4602 5591 5163 4528 5235 4667 5609 4528 4842 224 142 922 825 708 361 539 700 895 600 633 722 100 0 900 224 609 985 782 500 510 708 861 317 1000 3311 3479 3215 5021 2221 
1000000 1000000 1000000 1000000 1000000 5012 3884 4615 4081 4000 4361 4838 5033 4743 4739 4253 5061 4518 4111 5094 4653 3983 5022 4561 3921 4662 4081 5078 3921 4342 1020 807 633 1361 224 1217 861 1141 413 300 922 1432 1000 900 0 1020 317 400 722 722 944 1487 539 1205 855 2524 3307 2320 4441 1335 
1000000 1000000 1000000 1000000 1000000 5404 4387 5033 4602 4535 4884 5250 5609 5409 5361 4842 5591 4905 4702 5701 5045 4546 5516 5100 4469 5163 4602 5523 4469 4751 0 361 895 609 855 200 425 510 1082 729 500 500 200 224 1020 0 708 1167 722 722 361 500 855 224 922 3325 3325 3338 4952 2354 
1000000 1000000 1000000 1000000 1000000 5078 3983 4688 4187 4111 4469 4910 5163 4905 4884 4385 5174 4580 4243 5235 4717 4104 5123 4676 4037 4764 4187 5162 4037 4411 708 539 510 1064 224 906 566 849 539 100 641 1119 708 609 317 708 0 584 510 584 641 1171 413 900 700 2730 3239 2631 4546 1650 
1000000 1000000 1000000 1000000 1000000 5367 4220 4965 4411 4327 4688 5189 5342 5021 5033 4561 5383 4876 4421 5391 5009 4302 5354 4883 4244 4993 4411 5421 4244 4696 1167 855 1020 1628 361 1342 1141 1422 100 500 1221 1641 1078 985 400 1167 584 0 1078 600 1205 1665 922 1300 1237 2766 3706 2303 4771 1304 
1000000 1000000 1000000 1000000 1000000 4721 3677 4342 3890 3821 4173 4561 4892 4688 4641 4124 4880 4221 3983 4982 4361 3829 4811 4387 3754 4456 3890 4828 3754 4061 722 807 200 729 729 895 317 510 1045 609 300 900 849 782 722 722 510 1078 0 1020 413 1005 224 944 224 2625 2766 2847 4243 1924 
1000000 1000000 1000000 1000000 1000000 5661 4561 5270 4764 4687 5045 5492 5732 5457 5446 4952 5749 5163 4811 5799 5300 4676 5701 5250 4610 5342 4764 5743 4610 4993 722 361 1078 1300 500 849 906 1141 500 500 1005 1221 566 500 722 722 584 600 1020 0 922 1205 985 782 1237 3245 3786 2902 5123 1903 
1000000 1000000 1000000 1000000 1000000 5045 4037 4676 4253 4187 4535 4892 5264 5078 5022 4500 5241 4546 4361 5361 4687 4202 5163 4751 4124 4811 4253 5167 4124 4394 361 600 609 425 849 500 100 224 1141 708 142 510 539 510 944 361 641 1205 413 922 0 600 600 566 584 3037 2974 3202 4602 2248 
1000000 1000000 1000000 1000000 1000000 5446 4500 5094 4721 4662 5000 5304 5743 5595 5523 4993 5701 4950 4855 5853 5092 4688 5609 5221 4605 5264 4721 5591 4605 4811 500 849 1205 425 1342 361 700 539 1582 1209 708 142 641 708 1487 500 1171 1665 1005 1205 600 0 1200 448 1141 3614 3225 3786 5061 2817 
1000000 1000000 1000000 1000000 1000000 4688 3613 4302 3821 3749 4104 4523 4811 4581 4546 4037 4811 4189 3895 4892 4327 3749 4751 4314 3677 4394 3821 4781 3677 4023 855 849 100 949 600 1045 500 729 906 510 510 1105 944 861 539 855 413 922 224 985 600 1200 0 1078 317 2470 2829 2625 4178 1700 
1000000 1000000 1000000 1000000 1000000 5609 4602 5241 4817 4751 5100 5457 5826 5631 5581 5061 5806 5109 4921 5921 5250 4764 5729 5316 4687 5376 4817 5732 4687 4958 224 448 1119 708 1020 100 641 671 1209 906 708 510 224 317 1205 224 900 1300 944 782 566 448 1078 0 1141 3547 3493 3523 5167 2532 
1000000 1000000 1000000 1000000 1000000 4500 3466 4124 3680 3613 3963 4342 4687 4495 4441 3921 4670 4000 3781 4781 4141 3624 4597 4178 3547 4243 3680 4610 3547 3842 922 1030 224 800 906 1082 500 609 1217 800 448 1020 1064 1000 855 922 700 1237 224 1237 584 1141 317 1141 0 2474 2550 2824 4032 1942 
1000000 0 1000000 1000000 1000000 1000000 1000000 1000000 1000000 1000000 1000000 1000000 1000000 1000000 1000000 1000000 1000000 1000000 1000000 1000000 1000000 1000000 1000000 1000000 1000000 1000000 1000000 1000000 1000000 1000000 1000000 1000000 1000000 1000000 1000000 1000000 1000000 1000000 1000000 1000000 1000000 1000000 1000000 1000000 1000000 1000000 1000000 1000000 1000000 1000000 1000000 1000000 1000000 1000000 1000000 1000000 1000000 1000000 1000000 1000000 
1000000 1000000 0 1000000 1000000 1000000 1000000 1000000 1000000 1000000 1000000 1000000 1000000 1000000 1000000 1000000 1000000 1000000 1000000 1000000 1000000 1000000 1000000 1000000 1000000 1000000 1000000 1000000 1000000 1000000 1000000 1000000 1000000 1000000 1000000 1000000 1000000 1000000 1000000 1000000 1000000 1000000 1000000 1000000 1000000 1000000 1000000 1000000 1000000 1000000 1000000 1000000 1000000 1000000 1000000 1000000 1000000 1000000 1000000 1000000 
1000000 1000000 1000000 0 1000000 1000000 1000000 1000000 1000000 1000000 1000000 1000000 1000000 1000000 1000000 1000000 1000000 1000000 1000000 1000000 1000000 1000000 1000000 1000000 1000000 1000000 1000000 1000000 1000000 1000000 1000000 1000000 1000000 1000000 1000000 1000000 1000000 1000000 1000000 1000000 1000000 1000000 1000000 1000000 1000000 1000000 1000000 1000000 1000000 1000000 1000000 1000000 1000000 1000000 1000000 1000000 1000000 1000000 1000000 1000000 
1000000 1000000 1000000 1000000 0 1000000 1000000 1000000 1000000 1000000 1000000 1000000 1000000 1000000 1000000 1000000 1000000 1000000 1000000 1000000 1000000 1000000 1000000 1000000 1000000 1000000 1000000 1000000 1000000 1000000 1000000 1000000 1000000 1000000 1000000 1000000 1000000 1000000 1000000 1000000 1000000 1000000 1000000 1000000 1000000 1000000 1000000 1000000 1000000 1000000 1000000 1000000 1000000 1000000 1000000 1000000 1000000 1000000 1000000 1000000 
0 1000000 1000000 1000000 1000000 1000000 1000000 1000000 1000000 1000000 1000000 1000000 1000000 1000000 1000000 1000000 1000000 1000000 1000000 1000000 1000000 1000000 1000000 1000000 1000000 1000000 1000000 1000000 1000000 1000000 1000000 1000000 1000000 1000000 1000000 1000000 1000000 1000000 1000000 1000000 1000000 1000000 1000000 1000000 1000000 1000000 1000000 1000000 1000000 1000000 1000000 1000000 1000000 1000000 1000000 1000000 1000000 1000000 1000000 1000000 
EOF
