NAME : P111212
TYPE : ATSP
DIMENSION : 120
EDGE_WEIGHT_TYPE : EXPLICIT
EDGE_WEIGHT_FORMAT : FULL_MATRIX
EDGE_WEIGHT_SECTION
1000000 1000000 1000000 1000000 1000000 1000000 1000000 1000000 1000000 1000000 1222 7428 2479 6780 7586 6460 6530 8564 9388 3183 10306 7009 8692 6286 6898 7997 884 1110 1195 3757 9560 7327 6779 9091 8288 2670 7466 2929 7575 6516 2293 7331 2268 2006 2928 2034 6940 9243 4039 5082 8358 4390 5163 1116 8647 10177 6352 3699 6790 6285 6115 5106 8650 4482 2986 2693 5013 2253 5159 7932 3734 4545 6214 7186 5023 5121 9712 9037 3093 1828 5389 4025 6746 3927 989 2469 7768 5070 2105 6093 4744 4461 2598 9811 7550 9377 4292 1316 4115 4269 3316 9329 5265 8573 9759 7916 4975 5834 3419 4247 0 1000000 1000000 1000000 1000000 1000000 1000000 1000000 1000000 1000000 
1000000 1000000 1000000 1000000 1000000 1000000 1000000 1000000 1000000 1000000 5298 1369 5104 1117 3406 586 3923 3446 3141 4324 4662 2648 3373 3634 501 3664 6132 5617 5291 6995 3191 4392 950 4502 2705 5962 2537 4704 1408 672 6124 3839 4205 5925 4589 4489 2637 3147 3064 2372 2409 2149 5084 5583 3554 5873 2502 5205 4440 5611 4949 3786 3617 6407 6008 6023 2143 4870 5538 3230 7553 5418 501 4606 1464 6402 5043 2755 5321 6922 5244 4799 2927 6450 6325 6919 2014 6737 5666 3965 2245 7483 4915 4707 4384 3000 7168 5353 3100 4423 4251 4111 5771 2125 5488 4567 1782 3233 5559 7224 1000000 0 1000000 1000000 1000000 1000000 1000000 1000000 1000000 1000000 
1000000 1000000 1000000 1000000 1000000 1000000 1000000 1000000 1000000 1000000 5359 4359 4290 2136 1046 3674 859 2184 3859 5882 7465 5724 6393 667 2984 1452 5864 5457 5425 8563 5434 7390 2309 7588 5706 7277 1366 6161 4323 3768 5139 6882 4769 5120 6034 4632 735 3511 4930 1686 2741 3780 2680 6110 2241 3697 5465 3609 7331 2746 2094 6249 6680 4347 7448 7341 1929 4346 3132 1491 8982 7526 3482 7560 3353 4060 3164 5253 6864 7730 7658 6768 5945 4650 6874 7998 2245 4447 4872 6735 2184 9199 4112 3301 7416 5259 8894 5234 5034 6514 3304 7109 8073 4333 3271 1669 3995 5992 4058 8922 1000000 1000000 0 1000000 1000000 1000000 1000000 1000000 1000000 1000000 
1000000 1000000 1000000 1000000 1000000 1000000 1000000 1000000 1000000 1000000 7291 4409 6312 2518 1029 4168 2508 309 2462 7404 6920 6140 6252 2548 3224 721 7856 7428 7345 10141 4607 7938 2669 7561 5589 8928 1167 7731 4292 4234 7173 7348 6566 7150 7605 6524 1566 2028 6280 3448 1706 5137 4564 7963 277 2265 6096 5632 8036 4281 3740 7324 6621 6260 9057 8992 3585 6341 4979 570 10621 8836 4103 8178 4536 5876 1447 4653 8420 9546 8785 8134 6483 6619 8739 9741 1691 6268 6899 7573 3866 10724 6131 1316 7896 4474 10410 7193 6358 7813 5318 6875 9277 3727 1892 1819 5114 6839 6081 10451 1000000 1000000 1000000 0 1000000 1000000 1000000 1000000 1000000 1000000 
1000000 1000000 1000000 1000000 1000000 1000000 1000000 1000000 1000000 1000000 8256 2284 8483 4428 6506 3250 7415 5940 4192 6317 1071 2335 632 7164 3605 6608 9166 8654 8207 8333 1982 3320 4260 1612 1005 7794 5550 6689 2268 3156 9483 2774 7067 9230 6620 7536 5933 4556 5226 6019 4517 5027 8735 8191 6027 8273 2974 8784 3846 9211 8544 4685 944 10030 7691 7838 5774 8167 9189 6106 8972 6335 3531 3669 4587 10051 7380 1635 7043 9089 5653 6119 2733 10028 8798 8826 4629 10380 8989 4023 5837 8541 8309 6779 3100 2000 8265 8402 5165 5693 7750 706 6247 2501 7992 7724 4370 3766 9103 8351 1000000 1000000 1000000 1000000 0 1000000 1000000 1000000 1000000 1000000 
1000000 1000000 1000000 1000000 1000000 1000000 1000000 1000000 1000000 1000000 3985 7471 2436 5598 4810 6505 3324 6044 7778 6120 10769 8178 9402 3315 6259 5129 3808 3738 4113 8080 9072 9397 5720 10352 8769 6758 5296 6173 7514 6601 2433 9082 4383 2687 6078 3819 4649 7444 5929 3738 6642 5222 1270 4984 6079 6647 7669 1251 9088 1952 2191 7506 9572 440 7044 6809 3972 2864 871 5357 8238 7992 6229 9430 5345 458 6523 8761 6753 6446 8540 7231 8189 971 5501 6996 6096 649 2603 8355 3924 8807 2439 6919 9523 8884 8567 3691 6061 7206 2362 10144 8711 7934 6295 4431 5823 7739 1316 8550 1000000 1000000 1000000 1000000 1000000 0 1000000 1000000 1000000 1000000 
1000000 1000000 1000000 1000000 1000000 1000000 1000000 1000000 1000000 1000000 5615 2369 6211 4027 6302 2335 6611 6313 5460 3382 3980 703 2385 6291 3277 6572 6532 6045 5542 5348 4162 1521 3858 2633 2248 4794 5446 3735 2554 2266 7129 1088 4448 6826 3680 5007 5505 5634 2468 4634 5105 2782 7262 5368 6420 8763 410 6848 1539 8045 7423 1681 2238 8180 4684 4837 4327 5818 7658 6139 5983 3382 2443 1701 2731 8383 7914 3567 4043 6115 2824 3113 285 8026 5904 5824 4844 8644 6617 1225 4243 5608 6066 7516 1575 4042 5318 5816 2373 2685 5714 2916 3422 3743 8387 7432 2180 761 7063 5399 1000000 1000000 1000000 1000000 1000000 1000000 0 1000000 1000000 1000000 
1000000 1000000 1000000 1000000 1000000 1000000 1000000 1000000 1000000 1000000 1005 6490 616 5385 5851 5467 4705 6904 7975 3443 9633 6527 8075 4481 5683 6256 1070 785 1134 5104 8508 7298 5421 8727 7562 3798 5847 3392 6604 5542 1021 7141 1763 697 3321 1150 5273 7774 3711 3501 6884 3538 3308 2001 6979 8367 5905 1873 6863 4438 4250 5159 8122 2872 4095 3846 3509 480 3340 6243 5253 5234 5191 7243 4017 3438 7948 8044 3883 3494 5910 4527 6380 2413 2542 4016 6283 3470 523 6118 3273 5831 735 8101 7479 8318 5600 706 3827 4605 1506 8776 5973 7436 7955 6088 4201 5655 1671 5579 1000000 1000000 1000000 1000000 1000000 1000000 1000000 0 1000000 1000000 
1000000 1000000 1000000 1000000 1000000 1000000 1000000 1000000 1000000 1000000 4210 3916 5183 4856 6902 3419 6792 7235 6865 1665 5881 2601 4297 6456 4336 7245 5086 4654 4111 3464 5943 2480 4726 4367 4131 2897 6205 1950 4108 3397 5958 2536 3176 5620 1929 3794 6063 6949 1431 4650 6261 2463 6881 3733 7343 9578 2020 6100 1961 7845 7303 265 4127 7423 2773 2937 4353 4741 7200 6893 4092 1602 3364 2354 2881 7768 8800 5346 2147 4251 1450 1200 2191 7142 4154 3921 5856 7959 5457 1246 4160 3796 5082 8532 2705 5801 3492 4466 1301 772 4975 4796 1925 5332 9170 7876 2257 1158 6204 3566 1000000 1000000 1000000 1000000 1000000 1000000 1000000 1000000 0 1000000 
1000000 1000000 1000000 1000000 1000000 1000000 1000000 1000000 1000000 1000000 4509 9607 3476 7948 7352 8595 5867 8584 10260 7092 12885 9999 11414 5848 8517 7673 3829 4092 4631 8306 11386 10928 8049 12213 10830 7149 7799 7003 9681 8685 2651 10729 5426 2998 6945 4808 7151 9944 7334 5989 9118 6951 3811 5346 8620 9102 9415 3088 10515 4351 4708 8820 11523 2115 7465 7182 6164 3888 3407 7894 8267 8821 8311 10891 7263 2571 9038 11020 7407 6347 9548 8153 9915 1860 5535 7012 8553 2201 3146 9768 6042 9012 3617 9456 11098 11194 8840 4213 7456 8259 4081 12144 9563 10252 8771 6942 7609 9269 2732 8796 1000000 1000000 1000000 1000000 1000000 1000000 1000000 1000000 1000000 0 
1000000 1000000 1000000 1000000 1000000 1000000 1000000 1000000 1000000 1000000 0 6329 1567 5568 6390 5337 5393 7348 8178 2612 9322 6091 7725 5133 5718 6801 919 445 131 4099 8434 6648 5572 8245 7273 2796 6247 2496 6466 5399 1891 6563 1191 1536 2442 821 5728 8026 3148 3863 7140 3286 4215 1000 7432 9014 5444 2836 6167 5352 5100 4451 7723 3876 3096 2843 3791 1205 4293 6722 4261 4315 5079 6557 3882 4439 8523 7928 2923 2559 5045 3648 5882 3406 1616 3038 6548 4474 1471 5434 3522 4827 1619 8603 6849 8248 4596 310 3247 3780 2210 8395 5057 7418 8594 6776 3910 5056 2670 4575 1222 5298 5359 7291 8256 3985 5615 1005 4210 4509 
1000000 1000000 1000000 1000000 1000000 1000000 1000000 1000000 1000000 1000000 6329 0 6339 2233 4465 1028 5203 4177 3092 4860 3300 1828 2037 4933 1376 4644 7209 6690 6301 7325 2162 3625 2055 3249 1354 6481 3521 5252 193 949 7354 3006 5169 7129 5155 5552 3792 3283 3612 3738 2845 3046 6452 6451 4279 6631 2037 6539 3851 6952 6286 3762 2326 7763 6461 6536 3500 6063 6906 4161 7930 5513 1310 3908 2476 7769 5751 1612 5770 7612 5115 5041 2254 7785 7143 7493 2720 8102 6877 3585 3579 7707 6157 5277 3544 1991 7400 6429 3599 4621 5543 2765 5697 1418 6288 5675 2462 2966 6876 7470 7428 1369 4359 4409 2284 7471 2369 6490 3916 9607 
1000000 1000000 1000000 1000000 1000000 1000000 1000000 1000000 1000000 1000000 1567 6339 0 5051 5334 5312 4135 6423 7608 3792 9551 6549 8027 3926 5428 5735 1656 1399 1690 5648 8290 7460 5104 8762 7479 4323 5394 3794 6439 5394 1020 7253 2050 865 3710 1442 4799 7382 3869 3105 6496 3508 2693 2565 6494 7800 5952 1271 7063 3824 3637 5388 8106 2374 4609 4373 3159 454 2734 5751 5827 5634 5031 7433 3899 2892 7409 7854 4340 4098 6255 4897 6446 1986 3146 4602 5895 2963 602 6316 2950 6374 195 7590 7625 8098 6132 1290 3994 4929 1002 8745 6366 7193 7391 5512 4173 5797 1131 6116 2479 5104 4290 6312 8483 2436 6211 616 5183 3476 
1000000 1000000 1000000 1000000 1000000 1000000 1000000 1000000 1000000 1000000 5568 2233 5051 0 2299 1698 2988 2381 2611 5082 5355 3747 4261 2737 860 2547 6315 5821 5586 7811 3476 5507 181 5477 3573 6682 1421 5440 2189 1777 6050 4946 4603 5910 5317 4749 1567 2474 3879 1987 1608 2798 4455 6027 2489 4774 3618 4876 5555 4803 4136 4815 4558 5947 6769 6745 1892 4909 4922 2116 8334 6372 1596 5723 2131 5831 3961 3200 6101 7495 6277 5701 4041 6089 6798 7581 1065 6193 5645 5063 2113 8349 4857 3680 5492 3288 8033 5561 3941 5355 4097 4975 6780 2338 4383 3481 2647 4325 5279 8081 6780 1117 2136 2518 4428 5598 4027 5385 4856 7948 
1000000 1000000 1000000 1000000 1000000 1000000 1000000 1000000 1000000 1000000 6390 4465 5334 2299 0 3991 1493 1237 3212 6748 7315 6045 6440 1520 3135 412 6909 6498 6453 9464 5113 7796 2476 7705 5754 8206 958 7051 4385 4073 6170 7242 5750 6161 6924 5649 839 2810 5709 2623 2208 4549 3542 7116 1269 2751 5892 4611 7815 3332 2755 6906 6772 5237 8359 8270 2815 5390 3963 572 9909 8303 3859 8002 4024 4870 2140 5045 7750 8725 8350 7567 6331 5591 7886 8966 1895 5262 5914 7280 3090 10079 5157 2258 7788 4956 9769 6272 5801 7280 4349 7117 8803 4099 2327 1221 4646 6534 5061 9802 7586 3406 1046 1029 6506 4810 6302 5851 6902 7352 
1000000 1000000 1000000 1000000 1000000 1000000 1000000 1000000 1000000 1000000 5337 1028 5312 1698 3991 0 4479 3991 3462 4075 4293 2064 2905 4182 960 4245 6205 5687 5315 6676 3101 3809 1527 3973 2265 5717 3115 4464 1139 99 6327 3253 4194 6103 4357 4549 3221 3531 2805 2799 2867 2072 5536 5517 4098 6432 1930 5537 3871 6122 5465 3323 3114 6782 5735 5775 2539 5037 5981 3805 7255 5007 285 4027 1462 6822 5591 2594 5041 6763 4766 4433 2344 6782 6232 6704 2534 7143 5851 3422 2588 7126 5130 5226 3798 2917 6813 5424 2818 4038 4523 3648 5311 2153 6053 5152 1557 2703 5864 6874 6460 586 3674 4168 3250 6505 2335 5467 3419 8595 
1000000 1000000 1000000 1000000 1000000 1000000 1000000 1000000 1000000 1000000 5393 5203 4135 2988 1493 4479 0 2730 4611 6281 8324 6508 7239 336 3830 1807 5774 5421 5476 8885 6281 8132 3160 8419 6553 7565 2139 6524 5173 4574 4868 7645 4981 4908 6399 4741 1558 4236 5445 2145 3524 4330 2058 6233 2759 3665 6211 3241 8036 1917 1291 6853 7518 3754 7763 7628 2439 4280 2472 2053 9259 8012 4270 8283 3995 3377 3326 6110 7223 7870 8223 7237 6703 4134 6971 8203 3066 3769 4679 7410 2645 9550 3978 3631 8171 6107 9253 5223 5559 7020 3216 7959 8600 5187 3258 1386 4635 6675 3686 9272 6530 3923 859 2508 7415 3324 6611 4705 6792 5867 
1000000 1000000 1000000 1000000 1000000 1000000 1000000 1000000 1000000 1000000 7348 4177 6423 2381 1237 3991 2730 0 2153 7351 6626 5931 5988 2740 3037 989 7942 7502 7397 10091 4305 7735 2520 7301 5330 8898 1128 7687 4052 4052 7307 7138 6583 7270 7561 6569 1632 1720 6202 3489 1423 5072 4775 7991 109 2461 5913 5793 7852 4540 3984 7195 6362 6469 9017 8962 3601 6432 5200 696 10583 8737 3944 7982 4450 6106 1602 4363 8371 9558 8657 8048 6287 6811 8768 9731 1475 6498 7016 7408 3882 10661 6239 1327 7685 4175 10346 7263 6275 7716 5425 6601 9159 3443 2111 2120 5010 6679 6242 10389 8564 3446 2184 309 5940 6044 6313 6904 7235 8584 
1000000 1000000 1000000 1000000 1000000 1000000 1000000 1000000 1000000 1000000 8178 3092 7608 2611 3212 3462 4611 2153 0 7464 4691 4900 4406 4515 2642 3093 8922 8431 8195 10123 2321 6660 2612 5719 3844 9102 2494 7844 2910 3473 8586 6029 7191 8472 7728 7359 3133 439 6203 4504 1143 5253 6533 8608 2200 4166 5115 7271 6933 6515 5901 6749 4819 8174 9148 9163 4467 7497 6989 2653 10689 8462 3575 6963 4560 7918 3291 2558 8460 10025 8158 7894 5341 8419 9371 10051 1727 8304 8207 6670 4707 10587 7414 2632 6546 2235 10273 8171 6235 7500 6628 4892 8725 1826 3941 4261 4921 6023 7701 10334 9388 3141 3859 2462 4192 7778 5460 7975 6865 10260 
1000000 1000000 1000000 1000000 1000000 1000000 1000000 1000000 1000000 1000000 2612 4860 3792 5082 6748 4075 6281 7351 7464 0 7334 3995 5718 5956 4823 7135 3454 3052 2503 2741 7009 4144 5001 5963 5423 1643 6240 393 5037 4094 4444 4167 1748 4095 305 2351 5933 7452 1271 4201 6651 2289 5898 2068 7454 9498 3345 4871 3615 6964 6510 1924 5614 6136 1691 1703 3957 3338 6142 6878 3253 1878 3910 4011 2955 6571 8814 6433 1021 2787 2470 1111 3666 5778 2527 2637 6146 6707 3964 2911 3699 3331 3729 8677 4368 6845 3021 2891 1265 1169 3826 6295 2591 6202 9075 7531 2546 2693 4888 3055 3183 4324 5882 7404 6317 6120 3382 3443 1665 7092 
1000000 1000000 1000000 1000000 1000000 1000000 1000000 1000000 1000000 1000000 9322 3300 9551 5355 7315 4293 8324 6626 4691 7334 0 3340 1620 8088 4566 7375 10234 9722 9272 9238 2371 4017 5195 1940 2073 8772 6370 7699 3258 4202 10552 3559 8132 10300 7636 8605 6807 5097 6273 7034 5219 6098 9731 9239 6703 8851 3992 9830 4600 10157 9490 5635 1759 11062 8653 8814 6799 9237 10189 6874 9879 7222 4577 4358 5653 11063 7968 2277 8021 10091 6482 7069 3697 11075 9832 9800 5421 11398 10058 4891 6875 9397 9375 7323 3770 2470 9132 9471 6207 6649 8808 1124 7064 3221 8605 8523 5441 4725 10155 9221 10306 4662 7465 6920 1071 10769 3980 9633 5881 12885 
1000000 1000000 1000000 1000000 1000000 1000000 1000000 1000000 1000000 1000000 6091 1828 6549 3747 6045 2064 6508 5931 4900 3995 3340 0 1725 6200 2933 6282 7010 6510 6028 6046 3477 1809 3570 2214 1546 5459 5147 4361 1999 1977 7503 1209 4906 7217 4297 5432 5284 5108 2972 4652 4652 3049 7353 5925 6036 8391 658 7077 2033 8058 7416 2375 1642 8394 5361 5504 4355 6181 7771 5825 6681 4084 2243 2081 2836 8543 7524 2885 4709 6757 3510 3801 475 8286 6498 6492 4456 8826 6994 1883 4316 6310 6393 7082 1757 3364 6020 6271 2894 3371 5965 2322 4110 3134 8030 7215 2395 1457 7329 6102 7009 2648 5724 6140 2335 8178 703 6527 2601 9999 
1000000 1000000 1000000 1000000 1000000 1000000 1000000 1000000 1000000 1000000 7725 2037 8027 4261 6440 2905 7239 5988 4406 5718 1620 1725 0 6969 3410 6580 8640 8131 7671 7702 2362 2729 4086 1324 689 7176 5484 6086 2074 2808 9015 2162 6535 8751 6021 7024 5808 4734 4657 5703 4576 4539 8438 7622 6081 8382 2374 8396 3234 8980 8316 4058 422 9667 7068 7220 5442 7694 8885 6083 8342 5703 3176 3077 4151 9725 7488 1894 6425 8482 5024 5494 2107 9634 8213 8207 4606 10042 8515 3392 5479 7910 7857 6923 2522 2333 7633 7883 4589 5068 7335 744 5619 2618 8076 7658 3875 3140 8696 7719 8692 3373 6393 6252 632 9402 2385 8075 4297 11414 
1000000 1000000 1000000 1000000 1000000 1000000 1000000 1000000 1000000 1000000 5133 4933 3926 2737 1520 4182 336 2740 4515 5956 8088 6200 6969 0 3566 1881 5550 5180 5212 8571 6090 7811 2904 8134 6286 7256 2022 6203 4911 4278 4702 7329 4682 4721 6078 4461 1400 4158 5111 1810 3403 3995 2048 5954 2782 3891 5891 3106 7708 2089 1431 6518 7240 3734 7450 7319 2104 4044 2489 2048 8953 7680 3966 7959 3664 3413 3491 5894 6903 7589 7888 6905 6387 4073 6699 7909 2911 3802 4484 7079 2311 9233 3761 3738 7854 5913 8934 4974 5224 6687 2980 7694 8266 4983 3476 1651 4303 6345 3556 8955 6286 3634 667 2548 7164 3315 6291 4481 6456 5848 
1000000 1000000 1000000 1000000 1000000 1000000 1000000 1000000 1000000 1000000 5718 1376 5428 860 3135 960 3830 3037 2642 4823 4566 2933 3410 3566 0 3353 6532 6021 5717 7496 2879 4720 681 4617 2723 6460 2217 5202 1345 1016 6446 4141 4651 6266 5087 4903 2426 2647 3564 2538 1925 2629 5175 6042 3144 5487 2876 5430 4816 5606 4939 4257 3700 6582 6508 6521 2355 5223 5637 2892 8054 5907 974 4955 1937 6526 4638 2509 5822 7406 5710 5296 3261 6667 6792 7413 1575 6875 6004 4381 2505 7982 5237 4266 4689 2687 7666 5757 3601 4917 4535 4130 6245 1765 5114 4331 2283 3662 5804 7723 6898 501 2984 3224 3605 6259 3277 5683 4336 8517 
1000000 1000000 1000000 1000000 1000000 1000000 1000000 1000000 1000000 1000000 6801 4644 5735 2547 412 4245 1807 989 3093 7135 7375 6282 6580 1881 3353 0 7316 6907 6864 9856 5119 8053 2719 7864 5900 8605 1137 7442 4551 4323 6560 7486 6159 6557 7315 6060 1205 2671 6077 3029 2186 4919 3864 7527 990 2365 6163 4985 8096 3561 3023 7241 6926 5561 8754 8669 3215 5797 4272 503 10307 8667 4134 8270 4374 5163 1730 5099 8141 9135 8690 7937 6588 5935 8297 9371 1980 5555 6312 7581 3491 10466 5559 1865 8034 4972 10155 6682 6167 7643 4753 7238 9153 4156 1944 1179 4988 6837 5434 10190 7997 3664 1452 721 6608 5129 6572 6256 7245 7673 
1000000 1000000 1000000 1000000 1000000 1000000 1000000 1000000 1000000 1000000 919 7209 1656 6315 6909 6205 5774 7942 8922 3454 10234 7010 8640 5550 6532 7316 0 519 992 4516 9293 7541 6334 9162 8180 3321 6869 3285 7340 6271 1421 7471 2107 1123 3250 1658 6310 8743 4064 4500 7854 4175 4310 1527 8019 9436 6363 2836 7046 5424 5282 5332 8641 3602 3637 3356 4475 1519 4288 7289 4554 5045 5942 7438 4745 4238 9013 8799 3606 2679 5828 4432 6799 3054 1770 3287 7255 4193 1228 6320 4221 5235 1799 9154 7747 9105 5042 782 4162 4607 2572 9312 5783 8257 9024 7156 4810 5964 2541 5005 884 6132 5864 7856 9166 3808 6532 1070 5086 3829 
1000000 1000000 1000000 1000000 1000000 1000000 1000000 1000000 1000000 1000000 445 6690 1399 5821 6498 5687 5421 7502 8431 3052 9722 6510 8131 5180 6021 6907 519 0 551 4400 8775 7091 5836 8673 7666 3133 6417 2923 6822 5753 1511 7001 1605 1161 2875 1139 5873 8260 3579 4038 7371 3657 4091 1303 7582 9070 5867 2655 6611 5222 5023 4895 8138 3589 3441 3175 3998 1143 4122 6859 4510 4730 5424 7001 4227 4184 8617 8280 3319 2717 5475 4077 6310 3086 1767 3260 6774 4187 1150 5878 3738 5127 1500 8733 7291 8588 4910 265 3681 4218 2206 8807 5472 7742 8654 6806 4294 5495 2429 4882 1110 5617 5457 7428 8654 3738 6045 785 4654 4092 
1000000 1000000 1000000 1000000 1000000 1000000 1000000 1000000 1000000 1000000 131 6301 1690 5586 6453 5315 5476 7397 8195 2503 9272 6028 7671 5212 5717 6864 992 551 0 3971 8414 6556 5586 8173 7227 2666 6292 2376 6441 5375 2019 6480 1143 1664 2326 841 5780 8049 3075 3910 7165 3256 4327 875 7482 9088 5379 2958 6069 5465 5205 4353 7662 4005 2966 2713 3828 1318 4412 6776 4137 4192 5061 6460 3864 4567 8588 7903 2795 2451 4927 3529 5811 3536 1514 2918 6575 4603 1601 5339 3556 4698 1737 8658 6760 8229 4466 441 3171 3668 2306 8335 4934 7407 8667 6858 3871 4973 2797 4445 1195 5291 5425 7345 8207 4113 5542 1134 4111 4631 
1000000 1000000 1000000 1000000 1000000 1000000 1000000 1000000 1000000 1000000 4099 7325 5648 7811 9464 6676 8885 10091 10123 2741 9238 6046 7702 8571 7496 9856 4516 4400 3971 0 9398 5392 7723 7536 7587 1351 8979 2415 7514 6678 5892 5712 3955 5553 2542 4369 8658 10141 3944 6877 9363 5026 8171 3107 10194 12214 5484 6898 4768 9295 8933 3675 7483 7973 1123 1293 6654 5237 8320 9612 642 2021 6549 5111 5681 8535 11546 8803 1722 2047 2858 2288 5611 7484 2772 1360 8872 8571 5545 4350 6386 728 5667 11417 5655 9252 540 4401 3898 2715 6057 8123 2380 8725 11789 10186 5218 4590 6766 491 3757 6995 8563 10141 8333 8080 5348 5104 3464 8306 
1000000 1000000 1000000 1000000 1000000 1000000 1000000 1000000 1000000 1000000 8434 2162 8290 3476 5113 3101 6281 4305 2321 7009 2371 3477 2362 6090 2879 5119 9293 8775 8414 9398 0 4982 3354 3586 2015 8618 4204 7401 1998 3045 9309 4367 7294 9115 7307 7639 4725 2729 5771 5398 2935 5171 7924 8602 4376 6482 3941 8299 5401 8178 7520 5755 2781 9416 8583 8671 5231 8060 8392 4625 10016 7506 3355 5321 4553 9305 5601 598 7895 9771 6985 7112 3951 9531 9302 9637 3242 9668 8856 5359 5384 9729 8100 4952 4808 193 9429 8512 5753 6683 7412 2683 7584 1139 6242 6290 4615 4877 8680 9505 9560 3191 5434 4607 1982 9072 4162 8508 5943 11386 
1000000 1000000 1000000 1000000 1000000 1000000 1000000 1000000 1000000 1000000 6648 3625 7460 5507 7796 3809 8132 7735 6660 4144 4017 1809 2729 7811 4720 8053 7541 7091 6556 5392 4982 0 5334 2171 2972 5215 6920 4419 3787 3731 8316 633 5549 7992 4405 6150 7011 6892 3595 6138 6459 4183 8725 6212 7840 10194 1926 8212 624 9541 8927 2222 2377 9551 5022 5243 5829 7041 9108 7606 6027 3387 3943 350 4223 9798 9330 4429 4499 6616 2545 3472 1466 9350 6614 6187 6260 10040 7806 1235 5731 5454 7333 8890 264 4909 5211 6888 3474 3121 7070 2902 3095 4856 9829 8940 3637 1669 8390 5305 7327 4392 7390 7938 3320 9397 1521 7298 2480 10928 
1000000 1000000 1000000 1000000 1000000 1000000 1000000 1000000 1000000 1000000 5572 2055 5104 181 2476 1527 3160 2520 2612 5001 5195 3570 4086 2904 681 2719 6334 5836 5586 7723 3354 5334 0 5298 3398 6611 1589 5363 2015 1604 6110 4771 4583 5960 5242 4752 1747 2504 3784 2071 1659 2725 4592 6003 2628 4929 3451 4971 5389 4962 4295 4678 4380 6063 6690 6673 1952 4948 5057 2281 8253 6254 1436 5553 2046 5962 4108 3058 6017 7451 6140 5593 3869 6191 6770 7521 1153 6321 5695 4906 2157 8251 4910 3807 5317 3165 7934 5574 3841 5241 4162 4801 6650 2215 4542 3661 2537 4171 5367 7985 6779 950 2309 2669 4260 5720 3858 5421 4726 8049 
1000000 1000000 1000000 1000000 1000000 1000000 1000000 1000000 1000000 1000000 8245 3249 8762 5477 7705 3973 8419 7301 5719 5963 1940 2214 1324 8134 4617 7864 9162 8673 8173 7536 3586 2171 5298 0 1973 7239 6755 6293 3321 3875 9710 1848 7072 9419 6253 7619 7039 6054 5099 6737 5894 5263 9470 7986 7396 9703 2822 9276 2786 10094 9437 4104 941 10583 7078 7274 6456 8390 9902 7372 8175 5518 4218 2493 5013 10703 8810 3180 6498 8614 4707 5494 2363 10492 8489 8244 5901 10999 9201 3222 6451 7622 8606 8247 1911 3587 7375 8441 5005 5099 8171 948 5264 3941 9395 8920 4606 3271 9537 7468 9091 4502 7588 7561 1612 10352 2633 8727 4367 12213 
1000000 1000000 1000000 1000000 1000000 1000000 1000000 1000000 1000000 1000000 7273 1354 7479 3573 5754 2265 6553 5330 3844 5423 2073 1546 689 6286 2723 5900 8180 7666 7227 7587 2015 2972 3398 1973 0 6950 4800 5803 1385 2170 8479 2353 6085 8228 5727 6543 5119 4145 4285 5054 3928 4029 7783 7243 5425 7742 2121 7790 3388 8304 7639 3913 1032 9045 6871 6998 4801 7164 8233 5405 8220 5629 2543 3308 3583 9083 6849 1458 6205 8207 5035 5328 2004 9033 7871 7983 3931 9407 7986 3394 4852 7855 7305 6304 2808 1937 7566 7412 4233 4897 6750 1411 5636 2025 7428 6973 3376 3000 8104 7647 8288 2705 5706 5589 1005 8769 2248 7562 4131 10830 
1000000 1000000 1000000 1000000 1000000 1000000 1000000 1000000 1000000 1000000 2796 6481 4323 6682 8206 5717 7565 8898 9102 1643 8772 5459 7176 7256 6460 8605 3321 3133 2666 1351 8618 5215 6611 7239 6950 0 7775 1259 6662 5735 4642 5393 2611 4293 1375 3019 7416 9081 2914 5597 8267 3887 6822 1831 8998 10952 4835 5562 4613 7944 7584 3151 7021 6669 318 65 5391 3903 6975 8387 1705 2002 5553 4997 4570 7214 10311 8034 752 1407 2910 1750 5076 6200 1706 1034 7747 7266 4261 4030 5117 2065 4333 10221 5467 8457 1811 3104 2902 2142 4706 7692 2667 7837 10526 8883 4188 4048 5448 1800 2670 5962 7277 8928 7794 6758 4794 3798 2897 7149 
1000000 1000000 1000000 1000000 1000000 1000000 1000000 1000000 1000000 1000000 6247 3521 5394 1421 958 3115 2139 1128 2494 6240 6370 5147 5484 2022 2217 1137 6869 6417 6292 8979 4204 6920 1589 6755 4800 7775 0 6571 3435 3190 6315 6351 5458 6251 6445 5460 649 2149 5113 2385 1386 3971 4043 6869 1225 3378 5038 4878 6975 4055 3424 6183 5820 5700 7899 7839 2480 5370 4497 698 9463 7673 3015 7141 3371 5425 2604 4105 7258 8432 7642 6968 5456 5976 7647 8604 963 5812 5993 6477 2760 9558 5206 2447 6899 4040 9244 6173 5192 6650 4393 6160 8125 3161 2977 2178 3957 5735 5321 9285 7466 2537 1366 1167 5550 5296 5446 5847 6205 7799 
1000000 1000000 1000000 1000000 1000000 1000000 1000000 1000000 1000000 1000000 2496 5252 3794 5440 7051 4464 6524 7687 7844 393 7699 4361 6086 6203 5202 7442 3285 2923 2376 2415 7401 4419 5363 6293 5803 1259 6571 0 5429 4484 4369 4479 1795 4015 128 2361 6244 7825 1660 4476 7017 2642 6029 1828 7789 9801 3715 4929 3867 7116 6688 2214 5971 6161 1332 1320 4245 3342 6249 7199 2899 1844 4296 4263 3319 6627 9132 6824 703 2405 2552 1154 4020 5771 2204 2245 6504 6741 3907 3187 3980 3039 3751 9013 4651 7236 2735 2791 1657 1342 3929 6651 2582 6593 9377 7799 2930 3028 4911 2761 2929 4704 6161 7731 6689 6173 3735 3392 1950 7003 
1000000 1000000 1000000 1000000 1000000 1000000 1000000 1000000 1000000 1000000 6466 193 6439 2189 4385 1139 5173 4052 2910 5037 3258 1999 2074 4911 1345 4551 7340 6822 6441 7514 1998 3787 2015 3321 1385 6662 3435 5429 0 1069 7456 3164 5312 7237 5331 5683 3735 3110 3786 3777 2701 3188 6476 6607 4153 6501 2227 6605 4027 6946 6279 3954 2388 7815 6645 6717 3550 6172 6933 4062 8118 5705 1414 4075 2599 7805 5617 1463 5953 7784 5306 5231 2432 7851 7304 7672 2607 8142 6983 3772 3643 7898 6255 5130 3699 1822 7591 6559 3775 4811 5626 2787 5889 1226 6163 5601 2618 3157 6950 7661 7575 1408 4323 4292 2268 7514 2554 6604 4108 9681 
1000000 1000000 1000000 1000000 1000000 1000000 1000000 1000000 1000000 1000000 5399 949 5394 1777 4073 99 4574 4052 3473 4094 4202 1977 2808 4278 1016 4323 6271 5753 5375 6678 3045 3731 1604 3875 2170 5735 3190 4484 1069 0 6408 3170 4251 6181 4378 4614 3308 3554 2825 2897 2907 2127 5634 5564 4160 6498 1863 5629 3803 6220 5563 3295 3015 6876 5747 5792 2635 5115 6078 3879 7261 4990 375 3953 1531 6918 5653 2529 5053 6794 4732 4428 2266 6874 6275 6726 2590 7239 5929 3368 2683 7120 5212 5279 3716 2863 6807 5490 2833 4028 4611 3551 5282 2119 6121 5238 1591 2655 5954 6870 6516 672 3768 4234 3156 6601 2266 5542 3397 8685 
1000000 1000000 1000000 1000000 1000000 1000000 1000000 1000000 1000000 1000000 1891 7354 1020 6050 6170 6327 4868 7307 8586 4444 10552 7503 9015 4702 6446 6560 1421 1511 2019 5892 9309 8316 6110 9710 8479 4642 6315 4369 7456 6408 0 8149 2783 356 4305 2170 5701 8346 4725 4086 7465 4481 3129 2811 7371 8507 6891 1666 7883 4185 4152 6180 9081 2193 4951 4683 4160 1324 3016 6622 5963 6200 6046 8263 4904 2846 8188 8873 4813 4099 6905 5514 7374 1635 3180 4698 6866 2778 513 7138 3960 6617 1210 8424 8494 9117 6409 1585 4843 5610 1960 9727 6942 8211 8111 6208 5147 6668 1268 6378 2293 6124 5139 7173 9483 2433 7129 1021 5958 2651 
1000000 1000000 1000000 1000000 1000000 1000000 1000000 1000000 1000000 1000000 6563 3006 7253 4946 7242 3253 7645 7138 6029 4167 3559 1209 2162 7329 4141 7486 7471 7001 6480 5712 4367 633 4771 1848 2353 5393 6351 4479 3164 3170 8149 0 5422 7837 4448 6003 6471 6264 3437 5705 5846 3863 8348 6218 7243 9598 1454 7926 1073 9119 8492 2272 1847 9261 5230 5427 5400 6850 8745 7032 6353 3691 3409 957 3813 9470 8730 3807 4654 6773 2924 3647 944 9095 6683 6396 5664 9729 7637 1376 5325 5842 7115 8278 549 4288 5581 6783 3327 3256 6789 2435 3506 4224 9239 8402 3268 1508 8132 5672 7331 3839 6882 7348 2774 9082 1088 7141 2536 10729 
1000000 1000000 1000000 1000000 1000000 1000000 1000000 1000000 1000000 1000000 1191 5169 2050 4603 5750 4194 4981 6583 7191 1748 8132 4906 6535 4682 4651 6159 2107 1605 1143 3955 7294 5549 4583 7072 6085 2611 5458 1795 5312 4251 2783 5422 0 2449 1696 621 5009 7077 1988 3132 6205 2125 4260 1427 6675 8465 4263 3137 5103 5365 4980 3397 6535 4389 2842 2671 2984 1597 4461 6005 4286 3611 3946 5485 2757 4836 7886 6775 2418 2981 4206 2858 4710 4035 2203 3234 5630 4962 2281 4359 2702 4653 1982 7881 5737 7110 4374 1369 2096 2880 2146 7205 4334 6307 8039 6324 2730 3923 3140 4379 2268 4205 4769 6566 7067 4383 4448 1763 3176 5426 
1000000 1000000 1000000 1000000 1000000 1000000 1000000 1000000 1000000 1000000 1536 7129 865 5910 6161 6103 4908 7270 8472 4095 10300 7217 8751 4721 6266 6557 1123 1161 1664 5553 9115 7992 5960 9419 8228 4293 6251 4015 7237 6181 356 7837 2449 0 3953 1842 5650 8247 4407 3970 7361 4213 3271 2463 7338 8566 6598 1787 7552 4359 4276 5845 8806 2482 4601 4336 4019 1067 3204 6592 5637 5846 5824 7934 4665 3115 8211 8666 4458 3789 6553 5161 7075 1947 2860 4375 6760 3076 265 6808 3803 6278 1059 8418 8174 8924 6067 1230 4523 5262 1861 9457 6588 8027 8163 6268 4878 6351 1443 6037 2006 5925 5120 7150 9230 2687 6826 697 5620 2998 
1000000 1000000 1000000 1000000 1000000 1000000 1000000 1000000 1000000 1000000 2442 5155 3710 5317 6924 4357 6399 7561 7728 305 7636 4297 6021 6078 5087 7315 3250 2875 2326 2542 7307 4405 5242 6253 5727 1375 6445 128 5331 4378 4305 4448 1696 3953 0 2272 6116 7707 1554 4349 6897 2520 5919 1819 7663 9674 3648 4832 3862 7002 6571 2191 5914 6072 1457 1436 4118 3257 6143 7072 3024 1925 4185 4258 3198 6532 9005 6732 830 2483 2604 1209 3965 5690 2238 2348 6382 6651 3838 3171 3853 3166 3661 8887 4633 7141 2862 2733 1557 1360 3823 6594 2659 6490 9250 7672 2818 2984 4822 2888 2928 4589 6034 7605 6620 6078 3680 3321 1929 6945 
1000000 1000000 1000000 1000000 1000000 1000000 1000000 1000000 1000000 1000000 821 5552 1442 4749 5649 4549 4741 6569 7359 2351 8605 5432 7024 4461 4903 6060 1658 1139 841 4369 7639 6150 4752 7619 6543 3019 5460 2361 5683 4614 2170 6003 621 1842 2272 0 4959 7210 2568 3081 6325 2524 3803 1494 6656 8314 4799 2585 5714 4929 4596 4012 7047 3801 3281 3076 2991 988 3963 5956 4635 4196 4286 6094 3089 4275 7788 7142 2937 3130 4817 3456 5263 3427 2245 3495 5735 4381 1665 4969 2718 5084 1391 7839 6333 7452 4820 877 2683 3495 1692 7710 4926 6612 7890 6112 3168 4511 2551 4816 2034 4489 4632 6524 7536 3819 5007 1150 3794 4808 
1000000 1000000 1000000 1000000 1000000 1000000 1000000 1000000 1000000 1000000 5728 3792 4799 1567 839 3221 1558 1632 3133 5933 6807 5284 5808 1400 2426 1205 6310 5873 5780 8658 4725 7011 1747 7039 5119 7416 649 6244 3735 3308 5701 6471 5009 5650 6116 4959 0 2796 4875 1884 2009 3716 3400 6401 1710 3569 5096 4239 7007 3468 2822 6069 6117 5052 7559 7480 2036 4800 3857 999 9116 7467 3068 7206 3185 4786 2897 4570 6941 7990 7511 6735 5548 5328 7176 8202 1514 5172 5394 6458 2317 9264 4613 2881 7013 4553 8953 5635 4967 6444 3799 6509 7964 3640 3148 1932 3808 5712 4683 8988 6940 2637 735 1566 5933 4649 5505 5273 6063 7151 
1000000 1000000 1000000 1000000 1000000 1000000 1000000 1000000 1000000 1000000 8026 3283 7382 2474 2810 3531 4236 1720 439 7452 5097 5108 4734 4158 2647 2671 8743 8260 8049 10141 2729 6892 2504 6054 4145 9081 2149 7825 3110 3554 8346 6264 7077 8247 7707 7210 2796 0 6203 4280 890 5205 6190 8500 1764 3755 5274 6986 7133 6129 5525 6847 5141 7847 9142 9142 4271 7294 6642 2245 10694 8535 3610 7184 4515 7568 2873 2923 8459 9954 8276 7940 5535 8112 9270 10010 1491 7957 7983 6830 4523 10628 7189 2232 6791 2631 10313 8003 6244 7556 6392 5251 8832 2122 3518 3833 4925 6160 7422 10370 9243 3147 3511 2028 4556 7444 5634 7774 6949 9944 
1000000 1000000 1000000 1000000 1000000 1000000 1000000 1000000 1000000 1000000 3148 3612 3869 3879 5709 2805 5445 6202 6203 1271 6273 2972 4657 5111 3564 6077 4064 3579 3075 3944 5771 3595 3784 5099 4285 2914 5113 1660 3786 2825 4725 3437 1988 4407 1554 2568 4875 6203 0 3303 5420 1161 5451 2966 6307 8438 2316 4704 3199 6421 5889 1579 4613 6036 2946 2973 3020 3446 5772 5776 4491 2600 2641 3565 1755 6355 7711 5203 2258 4001 2797 1861 2737 5789 3589 3902 4935 6559 4214 2454 2801 4471 3749 7524 3770 5602 4155 3353 132 1585 3569 5292 3156 4936 8020 6598 1282 1945 4837 4203 4039 3064 4930 6280 5226 5929 2468 3711 1431 7334 
1000000 1000000 1000000 1000000 1000000 1000000 1000000 1000000 1000000 1000000 3863 3738 3105 1987 2623 2799 2145 3489 4504 4201 7034 4652 5703 1810 2538 3029 4500 4038 3910 6877 5398 6138 2071 6737 5054 5597 2385 4476 3777 2897 4086 5705 3132 3970 4349 3081 1884 4280 3303 0 3393 2187 2739 4518 3575 5358 4252 2904 5981 3415 2790 4719 5906 4048 5764 5661 310 3021 3182 2882 7302 5882 2534 6256 1921 4033 4755 5047 5179 6112 6078 5112 4766 4134 5293 6343 2792 4365 3706 5323 507 7514 2912 4763 6208 5207 7209 3791 3415 4882 2127 6446 6458 4264 4931 3332 2543 4602 3297 7236 5082 2372 1686 3448 6019 3738 4634 3501 4650 5989 
1000000 1000000 1000000 1000000 1000000 1000000 1000000 1000000 1000000 1000000 7140 2845 6496 1608 2208 2867 3524 1423 1143 6651 5219 4652 4576 3403 1925 2186 7854 7371 7165 9363 2935 6459 1659 5894 3928 8267 1386 7017 2701 2907 7465 5846 6205 7361 6897 6325 2009 890 5420 3393 0 4382 5403 7630 1511 3817 4721 6131 6634 5438 4810 6181 4957 7036 8342 8330 3381 6405 5862 1695 9902 7827 2897 6728 3699 6792 2927 2949 7665 9102 7631 7199 5043 7276 8402 9179 602 7176 7097 6261 3634 9874 6303 2432 6387 2790 9558 7114 5470 6829 5509 5181 8169 2021 3501 3359 4153 5559 6562 9612 8358 2409 2741 1706 4517 6642 5105 6884 6261 9118 
1000000 1000000 1000000 1000000 1000000 1000000 1000000 1000000 1000000 1000000 3286 3046 3508 2798 4549 2072 4330 5072 5253 2289 6098 3049 4539 3995 2629 4919 4175 3657 3256 5026 5171 4183 2725 5263 4029 3887 3971 2642 3188 2127 4481 3863 2125 4213 2520 2524 3716 5205 1161 2187 4382 0 4563 3453 5176 7281 2478 4066 3924 5451 4879 2539 4601 5399 3973 3949 1892 3158 4931 4626 5538 3759 1834 4241 694 5617 6563 4650 3309 4778 3895 3019 2990 5253 4183 4805 3862 5869 3979 3220 1699 5590 3347 6398 4302 4988 5275 3399 1258 2740 2935 5246 4294 4205 6862 5448 667 2546 4292 5318 4390 2149 3780 5137 5027 5222 2782 3538 2463 6951 
1000000 1000000 1000000 1000000 1000000 1000000 1000000 1000000 1000000 1000000 4215 6452 2693 4455 3542 5536 2058 4775 6533 5898 9731 7353 8438 2048 5175 3864 4310 4091 4327 8171 7924 8725 4592 9470 7783 6822 4043 6029 6476 5634 3129 8348 4260 3271 5919 3803 3400 6190 5451 2739 5403 4563 0 5186 4810 5492 6903 1485 8486 1138 1035 7015 8644 1697 7078 6879 3015 3010 468 4088 8423 7766 5272 8800 4539 1393 5303 7649 6676 6771 8196 6981 7424 2101 5823 7237 4871 1774 3096 7778 3038 8885 2603 5670 8824 7739 8617 3965 5581 6881 2119 9181 8448 6790 5120 3226 5092 7107 1862 8616 5163 5084 2680 4564 8735 1270 7262 3308 6881 3811 
1000000 1000000 1000000 1000000 1000000 1000000 1000000 1000000 1000000 1000000 1000 6451 2565 6027 7116 5517 6233 7991 8608 2068 9239 5925 7622 5954 6042 7527 1527 1303 875 3107 8602 6212 6003 7986 7243 1831 6869 1828 6607 5564 2811 6218 1427 2463 1819 1494 6401 8500 2966 4518 7630 3453 5186 0 8081 9799 5267 3831 5679 6323 6040 3991 7565 4866 2141 1873 4391 2184 5282 7398 3262 3527 5286 6075 4121 5437 9256 8062 2082 1637 4334 2949 5648 4381 779 2052 7056 5465 2440 4978 4110 3835 2608 9279 6435 8423 3611 1296 3034 3170 3127 8246 4262 7657 9375 7605 3990 4724 3669 3586 1116 5583 6110 7963 8191 4984 5368 2001 3733 5346 
1000000 1000000 1000000 1000000 1000000 1000000 1000000 1000000 1000000 1000000 7432 4279 6494 2489 1269 4098 2759 109 2200 7454 6703 6036 6081 2782 3144 990 8019 7582 7482 10194 4376 7840 2628 7396 5425 8998 1225 7789 4153 4160 7371 7243 6675 7338 7663 6656 1710 1764 6307 3575 1511 5176 4810 8081 0 2356 6020 5848 7959 4550 4003 7303 6457 6505 9118 9062 3692 6508 5230 750 10684 8844 4052 8088 4556 6132 1495 4445 8473 9651 8765 8154 6393 6854 8858 9828 1581 6525 7085 7516 3974 10765 6311 1225 7789 4248 10450 7344 6381 7823 5496 6691 9267 3528 2011 2094 5117 6787 6297 10493 8647 3554 2241 277 6027 6079 6420 6979 7343 8620 
1000000 1000000 1000000 1000000 1000000 1000000 1000000 1000000 1000000 1000000 9014 6631 7800 4774 2751 6432 3665 2461 4166 9498 8851 8391 8382 3891 5487 2365 9436 9070 9088 12214 6482 10194 4929 9703 7742 10952 3378 9801 6501 6498 8507 9598 8465 8566 9674 8314 3569 3755 8438 5358 3817 7281 5492 9799 2356 0 8360 6854 10300 4752 4474 9560 8769 7085 11109 11016 5563 7934 5788 2685 12656 11023 6364 10439 6723 6535 895 6653 10501 11424 11017 10299 8743 7572 10558 11693 3935 6902 8340 9835 5835 12829 7642 1543 10145 6384 12518 8863 8526 9998 6870 8956 11494 5782 427 2299 7324 9098 7286 12552 10177 5873 3697 2265 8273 6647 8763 8367 9578 9102 
1000000 1000000 1000000 1000000 1000000 1000000 1000000 1000000 1000000 1000000 5444 2037 5952 3618 5892 1930 6211 5913 5115 3345 3992 658 2374 5891 2876 6163 6363 5867 5379 5484 3941 1926 3451 2822 2121 4835 5038 3715 2227 1863 6891 1454 4263 6598 3648 4799 5096 5274 2316 4252 4721 2478 6903 5267 6020 8360 0 6537 1941 7666 7039 1817 2299 7865 4751 4882 3947 5572 7306 5731 6112 3566 2033 2111 2365 8047 7514 3344 4088 6116 3089 3213 523 7730 5842 5869 4447 8317 6381 1556 3874 5789 5801 7125 1964 3809 5492 5629 2237 2781 5411 2980 3679 3437 7982 7022 1847 944 6769 5569 6352 2502 5465 6096 2974 7669 410 5905 2020 9415 
1000000 1000000 1000000 1000000 1000000 1000000 1000000 1000000 1000000 1000000 2836 6539 1271 4876 4611 5537 3241 5793 7271 4871 9830 7077 8396 3106 5430 4985 2836 2655 2958 6898 8299 8212 4971 9276 7790 5562 4878 4929 6605 5629 1666 7926 3137 1787 4832 2585 4239 6986 4704 2904 6131 4066 1485 3831 5848 6854 6537 0 7881 2589 2493 6276 8534 1339 5840 5615 3077 1661 1468 5099 7093 6744 5254 8230 4269 1701 6567 7933 5521 5365 7291 5980 7053 1246 4413 5872 5547 1860 1615 7142 2963 7622 1231 6844 8349 8108 7372 2561 4834 5956 1143 9134 7461 7167 6463 4557 4693 6547 450 7360 3699 5205 3609 5632 8784 1251 6848 1873 6100 3088 
1000000 1000000 1000000 1000000 1000000 1000000 1000000 1000000 1000000 1000000 6167 3851 7063 5555 7815 3871 8036 7852 6933 3615 4600 2033 3234 7708 4816 8096 7046 6611 6069 4768 5401 624 5389 2786 3388 4613 6975 3867 4027 3803 7883 1073 5103 7552 3862 5714 7007 7133 3199 5981 6634 3924 8486 5679 7959 10300 1941 7881 0 9352 8756 1717 2914 9219 4412 4639 5671 6633 8850 7669 5404 2764 3963 397 4061 9501 9453 4828 3906 6017 1923 2878 1599 8986 6048 5575 6382 9726 7377 747 5545 4837 6947 9051 887 5311 4591 6418 3072 2547 6740 3478 2481 5163 9923 8924 3441 1384 8032 4684 6790 4440 7331 8036 3846 9088 1539 6863 1961 10515 
1000000 1000000 1000000 1000000 1000000 1000000 1000000 1000000 1000000 1000000 5352 6952 3824 4803 3332 6122 1917 4540 6515 6964 10157 8058 8980 2089 5606 3561 5424 5222 5465 9295 8178 9541 4962 10094 8304 7944 4055 7116 6946 6220 4185 9119 5365 4359 7002 4929 3468 6129 6421 3415 5438 5451 1138 6323 4550 4752 7666 2589 9352 0 668 7960 9226 2375 8195 8002 3720 4148 1174 3903 9555 8817 5879 9644 5319 1786 4725 7979 7774 7908 9200 8029 8181 2917 6959 8374 4980 2151 4201 8666 3813 10005 3739 5205 9618 8001 9734 5101 6549 7904 3238 9714 9483 7071 4423 2644 5916 7968 2923 9734 6285 5611 2746 4281 9211 1952 8045 4438 7845 4351 
1000000 1000000 1000000 1000000 1000000 1000000 1000000 1000000 1000000 1000000 5100 6286 3637 4136 2755 5465 1291 3984 5901 6510 9490 7416 8316 1431 4939 3023 5282 5023 5205 8933 7520 8927 4295 9437 7639 7584 3424 6688 6279 5563 4152 8492 4980 4276 6571 4596 2822 5525 5889 2790 4810 4879 1035 6040 4003 4474 7039 2493 8756 668 0 7406 8565 2631 7821 7644 3098 3905 1321 3324 9229 8341 5226 9040 4707 2156 4335 7315 7363 7655 8681 7553 7551 3099 6716 8081 4336 2545 4087 8081 3211 9632 3523 4754 8997 7343 9352 4873 6014 7403 2915 9050 8989 6409 4112 2241 5315 7373 2890 9358 6115 4949 2094 3740 8544 2191 7423 4250 7303 4708 
1000000 1000000 1000000 1000000 1000000 1000000 1000000 1000000 1000000 1000000 4451 3762 5388 4815 6906 3323 6853 7195 6749 1924 5635 2375 4058 6518 4257 7241 5332 4895 4353 3675 5755 2222 4678 4104 3913 3151 6183 2214 3954 3295 6180 2272 3397 5845 2191 4012 6069 6847 1579 4719 6181 2539 7015 3991 7303 9560 1817 6276 1717 7960 7406 0 3879 7604 3019 3190 4417 4949 7345 6876 4307 1757 3289 2107 2901 7933 8770 5157 2403 4512 1463 1436 1952 7337 4418 4172 5796 8133 5677 991 4237 3975 5281 8482 2445 5618 3675 4702 1447 1015 5145 4545 1989 5179 9156 7906 2265 920 6393 3753 5106 3786 6249 7324 4685 7506 1681 5159 265 8820 
1000000 1000000 1000000 1000000 1000000 1000000 1000000 1000000 1000000 1000000 7723 2326 8106 4558 6772 3114 7518 6362 4819 5614 1759 1642 422 7240 3700 6926 8641 8138 7662 7483 2781 2377 4380 941 1032 7021 5820 5971 2388 3015 9081 1847 6535 8806 5914 7047 6117 5141 4613 5906 4957 4601 8644 7565 6457 8769 2299 8534 2914 9226 8565 3879 0 9822 6897 7063 5634 7757 9084 6433 8124 5471 3373 2727 4269 9907 7876 2315 6270 8352 4752 5312 1954 9765 8129 8048 4960 10216 8576 3142 5651 7658 7942 7321 2156 2755 7388 7895 4535 4893 7453 682 5342 3021 8457 7988 3935 2974 8819 7477 8650 3617 6680 6621 944 9572 2238 8122 4127 11523 
