NAME : P111222
TYPE : ATSP
DIMENSION : 140
EDGE_WEIGHT_TYPE : EXPLICIT
EDGE_WEIGHT_FORMAT : FULL_MATRIX
EDGE_WEIGHT_SECTION
1000000 1000000 1000000 1000000 1000000 1000000 1000000 1000000 1000000 1000000 1000000 1000000 1000000 1000000 1000000 1000000 1000000 1000000 1000000 1000000 6529 5171 4643 4798 6694 8846 8452 4488 3201 6768 5763 3892 5410 1363 2199 7964 5064 3976 10226 3143 1324 5321 10135 3376 9640 3438 3752 8097 6568 6981 8248 6729 9104 8993 5503 949 1400 5477 2854 8302 3515 2704 2264 9478 6813 9737 9255 8467 6686 9423 7506 5707 6727 4355 2193 9634 3228 6621 3114 10267 3573 9501 8954 7979 6151 9684 7310 9248 5702 8254 8708 8581 8809 5731 5442 2275 8838 7101 8605 4290 3220 4462 4697 8842 5049 9880 2967 2224 10346 4755 3768 3085 7036 8771 5645 2582 3670 9433 2786 3556 0 1000000 1000000 1000000 1000000 1000000 1000000 1000000 1000000 1000000 1000000 1000000 1000000 1000000 1000000 1000000 1000000 1000000 1000000 1000000 
1000000 1000000 1000000 1000000 1000000 1000000 1000000 1000000 1000000 1000000 1000000 1000000 1000000 1000000 1000000 1000000 1000000 1000000 1000000 1000000 4768 3752 5314 5695 4641 5945 5340 2730 4201 3576 2576 3529 4290 2491 3325 6205 1872 1882 7066 4094 2351 3107 7112 3022 6507 3235 2401 4912 3372 3972 5307 4801 6897 6522 3875 2807 3308 2786 2897 5490 2933 913 2593 6349 3881 7573 6071 6597 4090 6231 4335 5723 4345 1395 2239 7408 3215 4151 877 8082 3219 7121 6030 5295 4484 6783 4687 6052 3642 6651 5513 5425 5631 3084 3152 3586 6194 4563 6687 2168 3372 3581 3381 5697 3983 7432 753 1280 7341 5633 1356 1569 3848 6351 2450 1889 489 7219 4050 3607 1000000 0 1000000 1000000 1000000 1000000 1000000 1000000 1000000 1000000 1000000 1000000 1000000 1000000 1000000 1000000 1000000 1000000 1000000 1000000 
1000000 1000000 1000000 1000000 1000000 1000000 1000000 1000000 1000000 1000000 1000000 1000000 1000000 1000000 1000000 1000000 1000000 1000000 1000000 1000000 4027 5547 3347 3709 4176 6511 6349 1973 4984 4976 4227 1753 3024 1191 3918 5479 3547 3765 8663 4892 2614 2837 8911 1179 8177 4500 1235 6206 4849 5841 7191 4215 6586 6497 3002 2788 1781 4782 3986 5925 1199 2367 663 7381 4562 7220 7323 5970 4257 7713 5963 3932 4240 3377 401 7116 4386 4155 2638 7750 1403 6991 6633 5551 3656 7335 4873 7485 5596 5803 6879 6567 6864 3364 5133 1704 6384 6560 6102 1853 4485 2108 5122 6792 2663 7375 1281 2265 9153 3648 1589 743 5424 6268 4054 3103 2411 6915 2096 1684 1000000 1000000 0 1000000 1000000 1000000 1000000 1000000 1000000 1000000 1000000 1000000 1000000 1000000 1000000 1000000 1000000 1000000 1000000 1000000 
1000000 1000000 1000000 1000000 1000000 1000000 1000000 1000000 1000000 1000000 1000000 1000000 1000000 1000000 1000000 1000000 1000000 1000000 1000000 1000000 3212 6464 6643 7109 2618 1982 1724 3150 8049 1703 2422 4822 4078 5804 7263 3974 2638 4931 4763 7941 6300 2293 5645 4758 4549 6870 3770 2033 1908 3729 4689 2917 3743 3011 3229 6729 6476 4310 6690 1600 4530 4831 5298 2727 159 4377 2890 4062 1240 3655 2792 6181 1824 3723 5096 4144 6923 1579 4607 4795 4780 3668 2065 1628 3283 2818 1351 3353 5692 4531 2705 2064 2457 1438 5134 6254 2465 5384 4051 2906 7104 4245 6320 2215 4077 3853 3968 5244 5908 7049 3180 3971 2362 2950 2314 5740 3637 4001 6450 5252 1000000 1000000 1000000 0 1000000 1000000 1000000 1000000 1000000 1000000 1000000 1000000 1000000 1000000 1000000 1000000 1000000 1000000 1000000 1000000 
1000000 1000000 1000000 1000000 1000000 1000000 1000000 1000000 1000000 1000000 1000000 1000000 1000000 1000000 1000000 1000000 1000000 1000000 1000000 1000000 6848 4501 9445 9889 6311 4777 3300 5946 7301 2119 2306 7497 7361 7196 6977 7742 2960 4076 2592 7207 6634 5452 2411 7178 1925 5910 6212 2265 2021 841 920 6606 7376 6505 6562 7139 8011 2541 6071 4881 6997 5076 7161 3713 3877 7950 2875 7823 4962 2219 991 9368 5547 3422 6832 7697 6079 5284 4672 8290 7303 7137 4728 5207 6824 5294 5108 2259 3415 8299 2203 2921 2707 4629 3113 8197 5822 2193 7801 5400 6263 7160 4647 3182 7231 7190 5270 5566 2649 9825 5050 5832 1435 6525 2497 5510 4222 7588 8595 7781 1000000 1000000 1000000 1000000 0 1000000 1000000 1000000 1000000 1000000 1000000 1000000 1000000 1000000 1000000 1000000 1000000 1000000 1000000 1000000 
1000000 1000000 1000000 1000000 1000000 1000000 1000000 1000000 1000000 1000000 1000000 1000000 1000000 1000000 1000000 1000000 1000000 1000000 1000000 1000000 5793 5882 3627 3785 6030 8454 8228 3871 4195 6704 5803 3008 4578 818 3163 7190 5095 4459 10302 4132 2078 4769 10360 2543 9758 4289 3115 7994 6538 7210 8526 6029 8426 8404 4779 1858 387 5845 3701 7871 2716 3039 1485 9261 6483 9038 9136 7709 6202 9422 7570 4710 6163 4579 1556 8954 4097 6091 3442 9566 2716 8872 8574 7495 5406 9280 6817 9220 6277 7440 8642 8411 8681 5307 5944 1263 8320 7556 7856 3800 4115 3637 5410 8652 4225 9269 2804 2633 10586 3741 3443 2644 7062 8168 5658 3220 3745 8752 1770 2624 1000000 1000000 1000000 1000000 1000000 0 1000000 1000000 1000000 1000000 1000000 1000000 1000000 1000000 1000000 1000000 1000000 1000000 1000000 1000000 
1000000 1000000 1000000 1000000 1000000 1000000 1000000 1000000 1000000 1000000 1000000 1000000 1000000 1000000 1000000 1000000 1000000 1000000 1000000 1000000 3442 5612 6357 6820 2937 2870 2323 2779 7152 1316 1643 4452 4007 5091 6379 4461 1755 4038 4895 7044 5450 2097 5547 4289 4557 5970 3274 2234 1399 3190 4317 3223 4483 3832 3180 5892 5806 3511 5793 2496 4071 3950 4677 3355 864 5140 3299 4639 1671 3840 2515 6075 2221 2829 4438 4921 6023 1951 3715 5586 4349 4485 2943 2465 3410 3699 2041 3572 4889 5011 2930 2526 2841 1229 4322 5677 3335 4746 4656 2384 6205 3968 5449 2751 3925 4702 3180 4376 5810 6757 2469 3302 1989 3741 1501 4847 2752 4763 5932 4836 1000000 1000000 1000000 1000000 1000000 1000000 0 1000000 1000000 1000000 1000000 1000000 1000000 1000000 1000000 1000000 1000000 1000000 1000000 1000000 
1000000 1000000 1000000 1000000 1000000 1000000 1000000 1000000 1000000 1000000 1000000 1000000 1000000 1000000 1000000 1000000 1000000 1000000 1000000 1000000 1843 10021 5376 5745 1952 3975 5211 3982 10635 5887 6350 4606 3008 6975 9628 375 6244 8214 8553 10533 8372 3463 9683 5018 8514 9796 4639 6013 6061 7891 8885 1764 1444 2240 2857 8620 7243 8138 9419 3457 4846 7442 6097 5751 4098 1741 6423 287 3064 7455 6984 4201 2522 7110 6148 1802 9763 2790 7431 2206 4856 2145 4122 2935 2200 4272 2863 7137 9479 463 6560 5699 6125 3784 8902 6559 2840 9478 459 4430 9911 3929 9753 5656 3346 2564 6077 7648 9941 5710 5227 5480 6557 2009 6183 8413 6521 1643 6391 5068 1000000 1000000 1000000 1000000 1000000 1000000 1000000 0 1000000 1000000 1000000 1000000 1000000 1000000 1000000 1000000 1000000 1000000 1000000 1000000 
1000000 1000000 1000000 1000000 1000000 1000000 1000000 1000000 1000000 1000000 1000000 1000000 1000000 1000000 1000000 1000000 1000000 1000000 1000000 1000000 6331 2242 6641 6979 6163 7037 6163 4314 3007 4197 3049 4991 5867 3304 2421 7751 2514 603 7167 2900 2103 4643 6870 4445 6525 1793 3953 5507 3932 3772 4953 6342 8339 7874 5456 2596 4067 2146 1646 6674 4397 947 3764 7097 5034 9017 6634 8121 5462 6528 4569 7198 5792 1440 3413 8835 1842 5575 718 9513 4659 8499 7097 6573 6057 7851 6021 6419 2414 8211 5990 6129 6236 4485 2081 4607 7469 3729 8202 3745 2025 5125 1831 6426 5553 8777 2259 1243 7065 6920 2935 3072 4214 7730 3024 905 1593 8654 5137 4988 1000000 1000000 1000000 1000000 1000000 1000000 1000000 1000000 0 1000000 1000000 1000000 1000000 1000000 1000000 1000000 1000000 1000000 1000000 1000000 
1000000 1000000 1000000 1000000 1000000 1000000 1000000 1000000 1000000 1000000 1000000 1000000 1000000 1000000 1000000 1000000 1000000 1000000 1000000 1000000 4527 8144 8481 8942 3896 681 1110 5197 10103 3041 4141 6804 5754 8007 9382 4602 4587 6853 4045 9996 8479 4270 5378 6828 4175 8852 5881 2134 3325 4758 5200 4153 3545 2566 4953 8919 8661 5899 8739 1291 6596 6965 7464 1111 2330 3949 1922 4413 2841 3031 3497 7789 3212 5676 7281 3686 8933 3106 6704 4158 6818 3072 534 1873 4756 904 2384 2733 7219 5097 2330 1481 1795 3537 6718 8387 1859 6470 4313 5055 9119 6154 8090 1265 5854 2985 6176 7400 5616 8886 5388 6166 3396 2716 4114 7831 5765 3642 8535 7267 1000000 1000000 1000000 1000000 1000000 1000000 1000000 1000000 1000000 0 1000000 1000000 1000000 1000000 1000000 1000000 1000000 1000000 1000000 1000000 
1000000 1000000 1000000 1000000 1000000 1000000 1000000 1000000 1000000 1000000 1000000 1000000 1000000 1000000 1000000 1000000 1000000 1000000 1000000 1000000 6947 1855 8263 8650 6599 6437 5227 5289 4514 3271 2298 6427 6898 5248 4278 8208 2277 1488 5381 4422 4187 5249 4874 5952 4697 3122 5201 4340 2990 1974 2949 6843 8395 7726 6281 4675 6048 411 3332 6260 5841 2857 5526 5989 4737 9053 5329 8466 5531 4943 3100 8579 6014 1648 5168 8833 3301 5755 2463 9496 6138 8383 6452 6345 6770 7160 5954 4911 976 8731 4634 5039 5012 4739 421 6477 7173 1663 8505 4664 3481 6357 1891 5343 6649 8569 3700 3276 5050 8587 3977 4483 2961 7648 2416 2949 2599 8677 6971 6549 1000000 1000000 1000000 1000000 1000000 1000000 1000000 1000000 1000000 1000000 0 1000000 1000000 1000000 1000000 1000000 1000000 1000000 1000000 1000000 
1000000 1000000 1000000 1000000 1000000 1000000 1000000 1000000 1000000 1000000 1000000 1000000 1000000 1000000 1000000 1000000 1000000 1000000 1000000 1000000 3261 5187 4389 4823 3168 4964 4710 1248 5603 3378 2773 2453 2851 2722 4643 4706 2170 3310 7088 5498 3476 1637 7451 2101 6638 4730 1165 4574 3279 4507 5845 3309 5492 5218 2370 3831 3411 3807 4354 4417 1924 2373 2285 5743 2957 6161 5682 5114 2832 6106 4433 4517 2971 2446 2039 6013 4694 2816 2387 6680 2231 5781 5076 4112 2974 5800 3454 5869 4915 5144 5252 4923 5223 1851 4372 3302 4989 5527 5213 658 4843 2277 4847 5149 2576 6124 1052 2606 7702 4759 159 903 3880 5022 2581 3346 1587 5819 3608 2705 1000000 1000000 1000000 1000000 1000000 1000000 1000000 1000000 1000000 1000000 1000000 0 1000000 1000000 1000000 1000000 1000000 1000000 1000000 1000000 
1000000 1000000 1000000 1000000 1000000 1000000 1000000 1000000 1000000 1000000 1000000 1000000 1000000 1000000 1000000 1000000 1000000 1000000 1000000 1000000 4303 4936 3963 4324 4367 6418 6116 2172 4545 4607 3771 2323 3449 1300 3504 5771 3073 3148 8251 4448 2228 2919 8424 1761 7737 3957 1529 5883 4454 5320 6666 4445 6763 6585 3295 2495 2059 4194 3466 5865 1741 1759 1186 7149 4405 7415 7021 6237 4250 7337 5529 4521 4318 2799 835 7292 3858 4197 2021 7943 1981 7116 6529 5541 3952 7253 4874 7125 4981 6136 6537 6294 6565 3293 4523 2197 6405 5970 6358 1871 3969 2581 4515 6536 3098 7481 744 1701 8661 4262 1347 679 5003 6372 3610 2542 1846 7093 2645 2294 1000000 1000000 1000000 1000000 1000000 1000000 1000000 1000000 1000000 1000000 1000000 1000000 0 1000000 1000000 1000000 1000000 1000000 1000000 1000000 
1000000 1000000 1000000 1000000 1000000 1000000 1000000 1000000 1000000 1000000 1000000 1000000 1000000 1000000 1000000 1000000 1000000 1000000 1000000 1000000 8010 1293 9165 9534 7664 7381 6097 6317 4419 4208 3320 7377 7929 5969 4442 9273 3342 2107 5745 4343 4654 6309 4962 6879 5041 3090 6184 5149 3936 2566 3124 7908 9436 8745 7331 5104 6739 1450 3467 7247 6785 3573 6356 6777 5762 10090 6041 9527 6586 5497 3824 9554 7075 2652 5998 9866 3309 6814 3221 10525 7075 9402 7385 7362 7828 8072 6994 5519 273 9796 5343 5856 5774 5804 725 7253 8172 1384 9564 5693 3461 7352 1591 6155 7669 9574 4611 3915 5092 9473 4979 5419 3802 8677 3453 3390 3558 9713 7771 7464 1000000 1000000 1000000 1000000 1000000 1000000 1000000 1000000 1000000 1000000 1000000 1000000 1000000 0 1000000 1000000 1000000 1000000 1000000 1000000 
1000000 1000000 1000000 1000000 1000000 1000000 1000000 1000000 1000000 1000000 1000000 1000000 1000000 1000000 1000000 1000000 1000000 1000000 1000000 1000000 7352 5884 10394 10851 6758 4532 3055 6824 8732 2815 3444 8457 8089 8446 8401 8017 4147 5499 1161 8638 8014 6185 1507 8205 526 7340 7204 2173 2859 2271 1623 7058 7362 6418 7253 8518 9251 3972 7501 4826 8006 6433 8320 3049 4282 7859 2130 8000 5381 1102 1698 10164 5962 4771 8010 7597 7511 5721 6036 8121 8304 6998 4441 5274 7401 4840 5360 1316 4789 8567 1682 2575 2201 5305 4526 9361 5699 3396 7946 6342 7694 8034 6057 2732 8014 6962 6476 6927 1769 10788 6127 6950 2249 6498 3608 6918 5494 7521 9719 8791 1000000 1000000 1000000 1000000 1000000 1000000 1000000 1000000 1000000 1000000 1000000 1000000 1000000 1000000 0 1000000 1000000 1000000 1000000 1000000 
1000000 1000000 1000000 1000000 1000000 1000000 1000000 1000000 1000000 1000000 1000000 1000000 1000000 1000000 1000000 1000000 1000000 1000000 1000000 1000000 8475 818 8624 8921 8273 8744 7645 6481 2387 5649 4556 7093 8033 5079 2681 9876 4251 2020 7784 2326 3362 6771 7061 6531 7085 1246 6110 6807 5365 4447 5204 8467 10360 9815 7619 3693 5722 2855 1798 8478 6506 3030 5722 8457 6867 11036 7822 10225 7456 7426 5597 9291 7842 3200 5395 10839 1479 7608 2884 11516 6751 10457 8779 8465 8213 9512 7973 7404 1885 10349 7129 7496 7495 6522 2135 6418 9340 3483 10295 5907 1569 7274 609 7801 7716 10699 4415 3111 7192 8865 5099 5216 5427 9696 4612 2304 3709 10666 6971 7038 1000000 1000000 1000000 1000000 1000000 1000000 1000000 1000000 1000000 1000000 1000000 1000000 1000000 1000000 1000000 0 1000000 1000000 1000000 1000000 
1000000 1000000 1000000 1000000 1000000 1000000 1000000 1000000 1000000 1000000 1000000 1000000 1000000 1000000 1000000 1000000 1000000 1000000 1000000 1000000 6864 4081 9290 9728 6351 5024 3575 5837 6893 2177 2145 7345 7297 6918 6589 7824 2752 3693 2999 6800 6284 5403 2693 7001 2321 5502 6056 2545 2028 469 944 6641 7542 6696 6517 6788 7735 2142 5674 5081 6829 4745 6926 4060 3966 8133 3246 7933 5026 2635 1193 9271 5605 3105 6591 7884 5674 5338 4337 8491 7136 7338 4986 5370 6817 5582 5221 2663 2996 8380 2562 3226 3047 4611 2694 7958 6028 1825 7921 5270 5856 7044 4228 3501 7148 7412 5023 5231 2915 9664 4866 5623 1511 6701 2344 5139 3947 7766 8371 7608 1000000 1000000 1000000 1000000 1000000 1000000 1000000 1000000 1000000 1000000 1000000 1000000 1000000 1000000 1000000 1000000 0 1000000 1000000 1000000 
1000000 1000000 1000000 1000000 1000000 1000000 1000000 1000000 1000000 1000000 1000000 1000000 1000000 1000000 1000000 1000000 1000000 1000000 1000000 1000000 4386 9389 517 375 4965 8212 8713 4011 8259 8020 7621 2421 3044 4121 7201 5181 7040 7627 11670 8189 5982 4739 12236 2827 11318 8141 3711 8970 7993 9375 10707 4763 6787 7241 3851 5892 3706 8561 7574 7547 2964 6212 3417 9645 6862 7195 9910 5712 5990 10600 9175 1273 5585 7148 3754 7231 7984 5698 6499 7659 2657 7435 8366 6994 4083 8874 6414 10318 9454 5121 9667 9084 9473 5627 8977 2850 7517 10327 5892 4515 8041 2809 8951 9216 2960 7876 5076 6034 12493 387 4930 4294 8617 6966 7424 6835 6179 7051 2317 2224 1000000 1000000 1000000 1000000 1000000 1000000 1000000 1000000 1000000 1000000 1000000 1000000 1000000 1000000 1000000 1000000 1000000 0 1000000 1000000 
1000000 1000000 1000000 1000000 1000000 1000000 1000000 1000000 1000000 1000000 1000000 1000000 1000000 1000000 1000000 1000000 1000000 1000000 1000000 1000000 2338 6505 3207 3665 2500 5145 5286 415 6529 4376 4000 1285 1534 2856 5493 3798 3471 4627 8055 6431 4216 1346 8585 1220 7678 5843 467 5395 4343 5773 7087 2524 4906 4877 1316 4449 3280 5179 5397 4513 988 3506 2054 6284 3410 5534 6409 4281 2813 7007 5524 3164 2667 3820 2021 5436 5771 2636 3618 6064 1218 5338 5282 4066 1973 5932 3392 6738 6283 4147 6093 5598 5958 2126 5744 2825 4841 6885 4411 874 5899 914 6141 5772 1224 5736 2094 3603 8842 3602 1490 1356 4966 4637 3800 4422 2933 5235 2927 1690 1000000 1000000 1000000 1000000 1000000 1000000 1000000 1000000 1000000 1000000 1000000 1000000 1000000 1000000 1000000 1000000 1000000 1000000 0 1000000 
1000000 1000000 1000000 1000000 1000000 1000000 1000000 1000000 1000000 1000000 1000000 1000000 1000000 1000000 1000000 1000000 1000000 1000000 1000000 1000000 8304 1349 9460 9828 7953 7605 6297 6619 4527 4438 3583 7678 8231 6242 4614 9560 3630 2386 5794 4457 4887 6605 4937 7178 5089 3232 6486 5334 4170 2718 3149 8199 9702 8999 7631 5329 7006 1731 3642 7488 7085 3852 6643 6948 6021 10353 6191 9809 6862 5602 3991 9856 7357 2955 6286 10127 3457 7095 3507 10783 7374 9657 7605 7617 8125 8283 7261 5640 529 10085 5495 6041 5940 6091 1028 7533 8418 1355 9843 5995 3599 7655 1713 6336 7972 9822 4910 4181 5053 9766 5281 5719 4003 8936 3723 3628 3860 9976 8053 7761 1000000 1000000 1000000 1000000 1000000 1000000 1000000 1000000 1000000 1000000 1000000 1000000 1000000 1000000 1000000 1000000 1000000 1000000 1000000 0 
1000000 1000000 1000000 1000000 1000000 1000000 1000000 1000000 1000000 1000000 1000000 1000000 1000000 1000000 1000000 1000000 1000000 1000000 1000000 1000000 0 8331 4157 4592 638 3898 4685 2140 8797 4731 4928 2943 1431 5170 7786 1470 4687 6487 7944 8695 6530 1720 8852 3275 7759 7989 2804 5232 4840 6614 7756 381 2673 2902 1027 6782 5497 6588 7595 3242 3082 5628 4314 5489 3070 3253 5940 1943 1979 6827 5915 3285 1417 5441 4337 3190 7947 1637 5642 3780 3141 3213 4055 2666 390 4505 2183 6517 7879 1883 5880 5129 5553 2284 7305 4880 3132 8075 2077 2610 8090 2227 8033 5185 1693 3644 4247 5817 9116 4543 3418 3637 5415 2631 4742 6593 4768 2990 4793 3431 6529 4768 4027 3212 6848 5793 3442 1843 6331 4527 6947 3261 4303 8010 7352 8475 6864 4386 2338 8304 
1000000 1000000 1000000 1000000 1000000 1000000 1000000 1000000 1000000 1000000 1000000 1000000 1000000 1000000 1000000 1000000 1000000 1000000 1000000 1000000 8331 0 8873 9200 8071 8254 7078 6434 3188 5107 4070 7229 8026 5434 3371 9687 3875 1879 7015 3122 3856 6612 6253 6686 6313 1946 6151 6193 4823 3733 4411 8286 10048 9443 7536 4245 6136 2248 2425 8038 6633 3182 5982 7841 6463 10718 7164 10000 7147 6706 4931 9435 7576 2913 5637 10510 2178 7330 2938 11182 6899 10095 8277 8074 8098 8995 7626 6703 1097 10182 6467 6893 6859 6261 1451 6767 8928 2671 10058 5832 2301 7331 475 7197 7728 10310 4472 3381 6381 9142 5046 5294 4815 9344 4155 2666 3603 10344 7310 7229 5171 3752 5547 6464 4501 5882 5612 10021 2242 8144 1855 5187 4936 1293 5884 818 4081 9389 6505 1349 
1000000 1000000 1000000 1000000 1000000 1000000 1000000 1000000 1000000 1000000 1000000 1000000 1000000 1000000 1000000 1000000 1000000 1000000 1000000 1000000 4157 8873 0 467 4707 7916 8349 3580 7780 7582 7149 1949 2763 3622 6717 5076 6557 7111 11251 7708 5486 4352 11783 2325 10884 7636 3235 8566 7546 8895 10231 4526 6654 7045 3529 5411 3243 8055 7071 7252 2472 5695 2903 9298 6485 7100 9530 5618 5655 10191 8726 1343 5282 6642 3238 7117 7481 5376 5983 7581 2164 7281 8068 6710 3829 8604 6108 9913 8939 5073 9264 8706 9088 5231 8464 2375 7278 9824 5796 4060 7541 2402 8435 8849 2628 7722 4565 5520 12039 408 4442 3789 8168 6772 6953 6323 5672 6932 1861 1718 4643 5314 3347 6643 9445 3627 6357 5376 6641 8481 8263 4389 3963 9165 10394 8624 9290 517 3207 9460 
1000000 1000000 1000000 1000000 1000000 1000000 1000000 1000000 1000000 1000000 1000000 1000000 1000000 1000000 1000000 1000000 1000000 1000000 1000000 1000000 4592 9200 467 0 5152 8373 8815 4042 7972 8039 7590 2398 3212 3872 6921 5457 6989 7465 11714 7905 5722 4818 12234 2741 11342 7900 3677 9031 8000 9328 10667 4964 7051 7470 3989 5611 3411 8453 7328 7708 2901 6033 3219 9763 6951 7478 9996 5995 6118 10655 9180 1601 5739 7040 3567 7505 7737 5837 6336 7950 2593 7688 8525 7163 4272 9054 6567 10378 9304 5423 9729 9172 9555 5697 8840 2571 7719 10226 6173 4512 7787 2868 8756 9316 3089 8129 4951 5831 12489 65 4871 4192 8621 7196 7395 6618 6068 7322 2025 2131 4798 5695 3709 7109 9889 3785 6820 5745 6979 8942 8650 4823 4324 9534 10851 8921 9728 375 3665 9828 
1000000 1000000 1000000 1000000 1000000 1000000 1000000 1000000 1000000 1000000 1000000 1000000 1000000 1000000 1000000 1000000 1000000 1000000 1000000 1000000 638 8071 4707 5152 0 3275 4051 2211 8767 4194 4491 3327 1946 5353 7788 1617 4323 6263 7324 8663 6569 1535 8261 3577 7155 7875 2944 4623 4323 6125 7226 300 2410 2444 1307 6861 5761 6225 7519 2615 3366 5532 4545 4852 2482 3051 5307 1959 1379 6206 5362 3900 798 5161 4519 2940 7851 1040 5499 3580 3475 2850 3432 2044 883 3909 1545 5894 7550 2133 5262 4499 4925 1865 6973 5213 2577 7641 2048 2554 8004 2607 7802 4550 2142 3260 4202 5770 8525 5101 3326 3689 4878 2186 4313 6509 4576 2740 5184 3821 6694 4641 4176 2618 6311 6030 2937 1952 6163 3896 6599 3168 4367 7664 6758 8273 6351 4965 2500 7953 
1000000 1000000 1000000 1000000 1000000 1000000 1000000 1000000 1000000 1000000 1000000 1000000 1000000 1000000 1000000 1000000 1000000 1000000 1000000 1000000 3898 8254 7916 8373 3275 0 1503 4739 10019 3175 4194 6297 5168 7664 9244 3922 4549 6844 4676 9911 8273 3800 5961 6363 4758 8815 5451 2521 3451 5046 5628 3520 2895 1921 4391 8694 8282 6028 8658 665 6132 6812 7067 1781 2065 3338 2535 3736 2336 3629 3831 7175 2635 5645 6908 3075 8878 2562 6584 3591 6336 2469 159 1232 4147 842 1811 3321 7383 4417 2851 1961 2337 3148 6857 7954 1203 6769 3638 4663 9062 5627 8161 1813 5291 2441 5910 7224 6205 8318 5079 5817 3638 2052 4134 7716 5618 3015 8068 6771 8846 5945 6511 1982 4777 8454 2870 3975 7037 681 6437 4964 6418 7381 4532 8744 5024 8212 5145 7605 
1000000 1000000 1000000 1000000 1000000 1000000 1000000 1000000 1000000 1000000 1000000 1000000 1000000 1000000 1000000 1000000 1000000 1000000 1000000 1000000 4685 7078 8349 8815 4051 1503 0 4873 9168 2004 3141 6545 5725 7413 8504 5085 3661 5869 3346 9062 7685 4008 4517 6477 3326 7881 5481 1035 2286 3648 4133 4339 4310 3363 4883 8147 8121 4830 7808 1783 6249 6122 6971 1034 1878 4806 1258 5005 2764 2244 2389 7819 3274 4725 6747 4545 7976 3089 5828 5085 6502 3951 1437 2277 4834 2011 2523 1926 6131 5621 1378 491 914 3161 5642 7949 2645 5360 4937 4606 8164 5958 7045 507 5757 3943 5492 6581 4769 8756 4787 5612 2296 3446 3142 6939 4934 4467 8163 6976 8452 5340 6349 1724 3300 8228 2323 5211 6163 1110 5227 4710 6116 6097 3055 7645 3575 8713 5286 6297 
1000000 1000000 1000000 1000000 1000000 1000000 1000000 1000000 1000000 1000000 1000000 1000000 1000000 1000000 1000000 1000000 1000000 1000000 1000000 1000000 2140 6434 3580 4042 2211 4739 4873 0 6660 4010 3701 1684 1612 3159 5646 3610 3215 4557 7672 6559 4394 941 8236 1631 7309 5897 756 4998 3991 5481 6778 2274 4619 4535 1163 4663 3636 4987 5480 4111 1400 3539 2404 5870 2997 5261 6002 4067 2411 6616 5173 3437 2297 3667 2331 5149 5841 2248 3604 5790 1633 5019 4875 3675 1806 5531 2999 6344 6145 4000 5697 5189 5552 1713 5593 3221 4466 6660 4187 626 5978 1217 6091 5361 1366 5406 2134 3691 8494 3980 1390 1500 4616 4301 3500 4486 2834 4949 3338 2103 4488 2730 1973 3150 5946 3871 2779 3982 4314 5197 5289 1248 2172 6317 6824 6481 5837 4011 415 6619 
1000000 1000000 1000000 1000000 1000000 1000000 1000000 1000000 1000000 1000000 1000000 1000000 1000000 1000000 1000000 1000000 1000000 1000000 1000000 1000000 8797 3188 7780 7972 8767 10019 9168 6660 0 7193 6044 6686 7987 4204 1079 10265 5520 3347 9891 109 2381 7240 9323 6114 9210 1392 6072 8485 6924 6467 7419 8891 11081 10721 7814 2370 4563 4768 1365 9625 6175 3288 5070 10093 7988 11754 9593 10700 8289 9383 7451 8730 8536 4444 4837 11597 1230 8349 3449 12269 6337 11321 10086 9475 8465 10841 8881 9308 4173 10658 8929 9123 9210 7285 4254 5410 10375 5794 10806 6217 1043 7089 2829 9422 7632 11631 4566 2998 9474 7926 5446 5179 7156 10552 6028 2325 4433 11406 5948 6469 3201 4201 4984 8049 7301 4195 7152 10635 3007 10103 4514 5603 4545 4419 8732 2387 6893 8259 6529 4527 
1000000 1000000 1000000 1000000 1000000 1000000 1000000 1000000 1000000 1000000 1000000 1000000 1000000 1000000 1000000 1000000 1000000 1000000 1000000 1000000 4731 5107 7582 8039 4194 3175 2004 4010 7193 0 1150 5648 5315 5892 6578 5647 1751 3874 3714 7087 5862 3401 4245 5418 3303 5887 4409 1344 285 2029 3032 4488 5423 4630 4494 6345 6665 2865 5839 3066 5213 4261 5635 2901 1791 6040 2502 5761 2853 2738 1200 7369 3435 2758 5351 5798 5989 3170 3930 6431 5507 5285 3184 3265 4718 3891 3054 2519 4210 6204 1944 1933 2072 2543 3690 6668 4008 3708 5753 3536 6178 5220 5051 2230 5219 5413 3901 4743 4507 7976 3400 4244 685 4604 1185 5009 3121 5666 6985 5995 6768 3576 4976 1703 2119 6704 1316 5887 4197 3041 3271 3378 4607 4208 2815 5649 2177 8020 4376 4438 
1000000 1000000 1000000 1000000 1000000 1000000 1000000 1000000 1000000 1000000 1000000 1000000 1000000 1000000 1000000 1000000 1000000 1000000 1000000 1000000 4928 4070 7149 7590 4491 4194 3141 3701 6044 1150 0 5203 5201 5009 5441 6063 709 2729 4499 5938 4781 3345 4694 4873 3967 4741 3915 2464 884 1780 3088 4761 6119 5430 4454 5273 5810 1889 4691 3973 4694 3170 4888 4050 2443 6771 3607 6269 3303 3660 1767 7138 3828 1613 4571 6546 4841 3560 2818 7206 5001 6087 4225 4049 4824 4957 3679 3494 3271 6605 2993 3081 3195 2646 2714 5928 4878 3151 6292 3127 5030 4904 3968 3380 5031 6272 3033 3661 4940 7526 2745 3537 1273 5358 202 3874 2095 6394 6307 5477 5763 2576 4227 2422 2306 5803 1643 6350 3049 4141 2298 2773 3771 3320 3444 4556 2145 7621 4000 3583 
1000000 1000000 1000000 1000000 1000000 1000000 1000000 1000000 1000000 1000000 1000000 1000000 1000000 1000000 1000000 1000000 1000000 1000000 1000000 1000000 2943 7229 1949 2398 3327 6297 6545 1684 6686 5648 5203 0 1599 2569 5610 4245 4621 5393 9337 6598 4305 2549 9837 578 8951 6253 1291 6679 5604 6954 8287 3245 5615 5771 2021 4397 2665 6190 5735 5646 597 4071 1652 7530 4667 6179 7685 4781 3968 8291 6783 2207 3710 4785 1850 6129 6137 3740 4292 6700 352 6143 6441 5154 2555 7051 4501 8022 7167 4452 7377 6870 7235 3387 6663 1955 5851 7943 4939 2116 6233 722 6821 7036 1268 6567 2780 4013 10092 2334 2517 1961 6224 5510 5006 4853 3830 5930 1858 494 3892 3529 1753 4822 7497 3008 4452 4606 4991 6804 6427 2453 2323 7377 8457 7093 7345 2421 1285 7678 
1000000 1000000 1000000 1000000 1000000 1000000 1000000 1000000 1000000 1000000 1000000 1000000 1000000 1000000 1000000 1000000 1000000 1000000 1000000 1000000 1431 8026 2763 3212 1946 5168 5725 1612 7987 5315 5201 1599 0 4054 6932 2648 4779 6147 8821 7892 5633 1915 9553 2041 8542 7363 1949 6089 5352 6974 8230 1783 4067 4331 849 5805 4249 6589 6901 4504 1896 5037 3147 6626 3922 4605 6950 3187 2971 7722 6511 2103 2542 5278 3254 4570 7283 2666 5151 5121 1863 4636 5323 3953 1075 5843 3371 7426 7757 2863 6775 6123 6528 2785 7205 3552 4521 8237 3348 2236 7404 948 7669 6231 363 5069 3626 5112 9816 3160 2984 2863 5969 4061 5000 5940 4435 4373 3406 2064 5410 4290 3024 4078 7361 4578 4007 3008 5867 5754 6898 2851 3449 7929 8089 8033 7297 3044 1534 8231 
1000000 1000000 1000000 1000000 1000000 1000000 1000000 1000000 1000000 1000000 1000000 1000000 1000000 1000000 1000000 1000000 1000000 1000000 1000000 1000000 5170 5434 3622 3872 5353 7664 7413 3159 4204 5892 5009 2569 4054 0 3128 6602 4302 3865 9505 4124 1867 4027 9601 2031 8971 4028 2411 7178 5729 6461 7790 5378 7761 7687 4145 1854 819 5164 3456 7091 2158 2405 919 8446 5678 8389 8319 7107 5436 8614 6775 4528 5430 3849 836 8291 3866 5342 2787 8919 2237 8177 7781 6731 4791 8494 6055 8409 5715 6893 7828 7594 7864 4520 5337 1340 7570 6907 7245 3027 3921 3108 4972 7836 3693 8564 1994 2072 9831 3819 2631 1847 6261 7457 4859 2787 2975 8090 1892 2285 1363 2491 1191 5804 7196 818 5091 6975 3304 8007 5248 2722 1300 5969 8446 5079 6918 4121 2856 6242 
1000000 1000000 1000000 1000000 1000000 1000000 1000000 1000000 1000000 1000000 1000000 1000000 1000000 1000000 1000000 1000000 1000000 1000000 1000000 1000000 7786 3371 6717 6921 7788 9244 8504 5646 1079 6578 5441 5610 6932 3128 0 9256 4848 2903 9558 997 1307 6273 9151 5039 8901 1438 5032 7905 6323 6137 7225 7898 10134 9823 6791 1311 3521 4451 976 8809 5105 2434 3992 9468 7189 10802 9042 9704 7397 8947 6989 7653 7604 3831 3761 10655 1204 7431 2681 11322 5261 10407 9322 8618 7445 10077 8002 8840 4175 9635 8405 8507 8636 6389 4107 4353 9516 5753 9816 5234 1123 6025 2927 8799 6574 10733 3594 2061 9326 6874 4489 4153 6632 9641 5395 1570 3628 10461 4897 5390 2199 3325 3918 7263 6977 3163 6379 9628 2421 9382 4278 4643 3504 4442 8401 2681 6589 7201 5493 4614 
1000000 1000000 1000000 1000000 1000000 1000000 1000000 1000000 1000000 1000000 1000000 1000000 1000000 1000000 1000000 1000000 1000000 1000000 1000000 1000000 1470 9687 5076 5457 1617 3922 5085 3610 10265 5647 6063 4245 2648 6602 9256 0 5931 7870 8431 10163 7999 3109 9520 4649 8363 9435 4264 5845 5810 7636 8661 1410 1628 2304 2482 8246 6876 7830 9054 3365 4475 7078 5725 5683 3866 2025 6316 549 2803 7324 6766 3937 2241 6778 5774 2051 9400 2511 7073 2515 4490 2312 4074 2816 1825 4289 2664 7007 9163 558 6415 5569 5998 3470 8586 6199 2839 9202 722 4064 9546 3563 9412 5545 2982 2746 5709 7280 9780 5420 4864 5107 6323 2050 5892 8048 6171 1874 6041 4710 7964 6205 5479 3974 7742 7190 4461 375 7751 4602 8208 4706 5771 9273 8017 9876 7824 5181 3798 9560 
1000000 1000000 1000000 1000000 1000000 1000000 1000000 1000000 1000000 1000000 1000000 1000000 1000000 1000000 1000000 1000000 1000000 1000000 1000000 1000000 4687 3875 6557 6989 4323 4549 3661 3215 5520 1751 709 4621 4779 4302 4848 5931 0 2299 5207 5413 4114 3015 5365 4255 4671 4272 3332 3093 1521 2340 3684 4570 6177 5576 4089 4601 5105 1904 4156 4236 4089 2511 4204 4621 2617 6845 4250 6194 3283 4360 2475 6633 3745 1097 3881 6635 4347 3489 2183 7307 4397 6224 4601 4217 4532 5351 3751 4185 3237 6455 3662 3664 3823 2462 2660 5243 5089 3461 6237 2608 4533 4385 3697 3954 4573 6453 2332 2994 5607 6925 2120 2875 1977 5470 583 3280 1395 6470 5635 4864 5064 1872 3547 2638 2960 5095 1755 6244 2514 4587 2277 2170 3073 3342 4147 4251 2752 7040 3471 3630 
1000000 1000000 1000000 1000000 1000000 1000000 1000000 1000000 1000000 1000000 1000000 1000000 1000000 1000000 1000000 1000000 1000000 1000000 1000000 1000000 6487 1879 7111 7465 6263 6844 5869 4557 3347 3874 2729 5393 6147 3865 2903 7870 2299 0 6656 3244 2700 4773 6301 4866 6001 2014 4281 5145 3598 3237 4379 6463 8344 7817 5667 3189 4642 1572 2030 6530 4796 1467 4265 6765 4901 9020 6247 8210 5442 6067 4119 7595 5823 1210 3910 8827 2126 5590 1130 9504 5073 8455 6893 6481 6240 7639 5969 5976 1858 8352 5584 5794 5867 4503 1486 5148 7366 3127 8279 3958 2315 5462 1547 6096 5850 8708 2618 1826 6491 7405 3168 3442 3810 7691 2740 1472 1731 8651 5668 5431 3976 1882 3765 4931 4076 4459 4038 8214 603 6853 1488 3310 3148 2107 5499 2020 3693 7627 4627 2386 
1000000 1000000 1000000 1000000 1000000 1000000 1000000 1000000 1000000 1000000 1000000 1000000 1000000 1000000 1000000 1000000 1000000 1000000 1000000 1000000 7944 7015 11251 11714 7324 4676 3346 7672 9891 3714 4499 9337 8821 9505 9558 8431 5207 6656 0 9798 9148 6954 1534 9128 706 8500 8116 2734 3816 3431 2656 7620 7571 6597 7973 9651 10301 5132 8661 5103 8920 7557 9325 2962 4916 7993 2145 8341 5971 1118 2733 10919 6529 5898 9027 7731 8671 6311 7165 8187 9210 7116 4555 5621 8042 4784 5837 1433 5919 8966 2065 2863 2433 6063 5677 10363 5878 4465 8264 7236 8854 8862 7203 2901 8784 7008 7520 8053 1711 11651 7103 7940 3248 6721 4647 8068 6579 7684 10695 9699 10226 7066 8663 4763 2592 10302 4895 8553 7167 4045 5381 7088 8251 5745 1161 7784 2999 11670 8055 5794 
1000000 1000000 1000000 1000000 1000000 1000000 1000000 1000000 1000000 1000000 1000000 1000000 1000000 1000000 1000000 1000000 1000000 1000000 1000000 1000000 8695 3122 7708 7905 8663 9911 9062 6559 109 7087 5938 6598 7892 4124 997 10163 5413 3244 9798 0 2294 7135 9239 6025 9118 1301 5974 8381 6818 6372 7333 8788 10976 10614 7714 2298 4497 4672 1257 9517 6084 3181 4986 9988 7880 11649 9489 10597 8182 9284 7351 8649 8430 4338 4749 11491 1132 8242 3341 12163 6248 11214 9978 9367 8364 10733 8774 9208 4095 10558 8827 9017 9106 7177 4166 5340 10267 5716 10702 6113 946 6996 2754 9317 7537 11524 4463 2893 9392 7858 5341 5079 7053 10445 5921 2217 4325 11300 5880 6385 3143 4094 4892 7941 7207 4132 7044 10533 2900 9996 4422 5498 4448 4343 8638 2326 6800 8189 6431 4457 
1000000 1000000 1000000 1000000 1000000 1000000 1000000 1000000 1000000 1000000 1000000 1000000 1000000 1000000 1000000 1000000 1000000 1000000 1000000 1000000 6530 3856 5486 5722 6569 8273 7685 4394 2381 5862 4781 4305 5633 1867 1307 7999 4114 2700 9148 2294 0 5078 8948 3733 8533 2215 3751 7205 5634 5817 7040 6661 8944 8693 5523 505 2388 4241 1629 7790 3798 1611 2698 8686 6208 9605 8363 8460 6290 8416 6466 6370 6444 3253 2456 9470 2031 6291 1986 10130 3956 9255 8364 7547 6180 9113 6907 8268 4383 8362 7771 7750 7932 5288 4143 3157 8437 5811 8578 4026 2068 4721 3382 8029 5274 9600 2431 1121 9150 5672 3329 2894 6037 8497 4692 1266 2757 9273 3712 4097 1324 2351 2614 6300 6634 2078 5450 8372 2103 8479 4187 3476 2228 4654 8014 3362 6284 5982 4216 4887 
1000000 1000000 1000000 1000000 1000000 1000000 1000000 1000000 1000000 1000000 1000000 1000000 1000000 1000000 1000000 1000000 1000000 1000000 1000000 1000000 1720 6612 4352 4818 1535 3800 4008 941 7240 3401 3345 2549 1915 4027 6273 3109 3015 4773 6954 7135 5078 0 7642 2565 6647 6342 1675 4237 3439 5098 6329 1700 3867 3673 1115 5399 4552 4901 5985 3171 2333 3997 3322 4983 2135 4532 5179 3490 1471 5871 4597 3980 1407 3723 3216 4392 6317 1323 3970 5054 2548 4197 3937 2742 1521 4591 2063 5584 6170 3580 4933 4355 4738 892 5599 4161 3551 6454 3582 1055 6470 1953 6319 4504 1833 4564 2680 4242 7904 4758 1795 2247 4055 3455 3149 4975 3064 4196 4271 3001 5321 3107 2837 2293 5452 4769 2097 3463 4643 4270 5249 1637 2919 6309 6185 6771 5403 4739 1346 6605 
1000000 1000000 1000000 1000000 1000000 1000000 1000000 1000000 1000000 1000000 1000000 1000000 1000000 1000000 1000000 1000000 1000000 1000000 1000000 1000000 8852 6253 11783 12234 8261 5961 4517 8236 9323 4245 4694 9837 9553 9601 9151 9520 5365 6301 1534 9239 8948 7642 0 9548 1204 7946 8564 3676 4245 3158 1927 8561 8824 7868 8723 9450 10417 4730 8203 6298 9359 7431 9568 4353 5783 9298 3461 9493 6884 2351 3064 11613 7466 5797 9241 9035 8142 7223 7021 9534 9662 8429 5857 6764 8893 6181 6865 2646 5181 10069 3141 4029 3628 6771 5078 10606 7147 3586 9436 7724 8314 9451 6524 4148 9463 8363 7680 7914 265 12170 7434 8229 3620 7962 4877 7769 6627 8969 10997 10145 10135 7112 8911 5645 2411 10360 5547 9683 6870 5378 4874 7451 8424 4962 1507 7061 2693 12236 8585 4937 
1000000 1000000 1000000 1000000 1000000 1000000 1000000 1000000 1000000 1000000 1000000 1000000 1000000 1000000 1000000 1000000 1000000 1000000 1000000 1000000 3275 6686 2325 2741 3577 6363 6477 1631 6114 5418 4873 578 2041 2031 5039 4649 4255 4866 9128 6025 3733 2565 9548 0 8709 5678 1016 6522 5347 6595 7938 3539 5935 6007 2284 3838 2228 5735 5159 5728 232 3517 1114 7484 4608 6527 7570 5173 4030 8109 6515 2761 3851 4322 1280 6458 5561 3841 3754 7054 226 6424 6501 5271 2885 7146 4601 7852 6663 4900 7216 6769 7115 3326 6170 1640 6021 7501 5323 1906 5656 1095 6271 6956 1684 6837 2269 3442 9800 2677 2136 1470 5959 5756 4682 4281 3355 6257 1707 611 3376 3022 1179 4758 7178 2543 4289 5018 4445 6828 5952 2101 1761 6879 8205 6531 7001 2827 1220 7178 
1000000 1000000 1000000 1000000 1000000 1000000 1000000 1000000 1000000 1000000 1000000 1000000 1000000 1000000 1000000 1000000 1000000 1000000 1000000 1000000 7759 6313 10884 11342 7155 4758 3326 7309 9210 3303 3967 8951 8542 8971 8901 8363 4671 6001 706 9118 8533 6647 1204 8709 0 7818 7705 2536 3363 2765 1953 7454 7628 6669 7701 9037 9776 4461 7993 5108 8508 6954 8839 3160 4694 8096 2261 8318 5782 1152 2215 10626 6358 5293 8530 7833 7993 6123 6556 8331 8804 7226 4654 5586 7825 4985 5721 1443 5217 8909 1955 2836 2429 5761 4984 9880 5947 3761 8256 6838 8175 8515 6506 2946 8479 7160 7000 7449 1447 11279 6641 7466 2760 6767 4129 7428 6019 7769 10234 9291 9640 6507 8177 4549 1925 9758 4557 8514 6525 4175 4697 6638 7737 5041 526 7085 2321 11318 7678 5089 
1000000 1000000 1000000 1000000 1000000 1000000 1000000 1000000 1000000 1000000 1000000 1000000 1000000 1000000 1000000 1000000 1000000 1000000 1000000 1000000 7989 1946 7636 7900 7875 8815 7881 5897 1392 5887 4741 6253 7363 4028 1438 9435 4272 2014 8500 1301 2215 6342 7946 5678 7818 0 5415 7154 5612 5076 6036 8034 10102 9661 7059 2489 4602 3379 589 8464 5688 2362 4763 8778 6824 10780 8245 9831 7241 8002 6081 8413 7550 3177 4463 10605 235 7341 2385 11282 5903 10282 8870 8365 7688 9622 7807 7935 2833 9871 7573 7807 7873 6255 2870 5352 9261 4446 9921 5379 372 6531 1522 8109 7024 10565 3765 2259 8103 7847 4572 4501 5806 9511 4744 1424 3353 10420 5908 6133 3438 3235 4500 6870 5910 4289 5970 9796 1793 8852 3122 4730 3957 3090 7340 1246 5502 8141 5843 3232 
1000000 1000000 1000000 1000000 1000000 1000000 1000000 1000000 1000000 1000000 1000000 1000000 1000000 1000000 1000000 1000000 1000000 1000000 1000000 1000000 2804 6151 3235 3677 2944 5451 5481 756 6072 4409 3915 1291 1949 2411 5032 4264 3332 4281 8116 5974 3751 1675 8564 1016 7705 5415 0 5506 4346 5664 6997 2981 5353 5290 1782 3982 2882 4943 4956 4834 805 3096 1650 6496 3622 5986 6560 4746 3138 7094 5520 3378 3052 3554 1580 5883 5336 2994 3236 6516 1100 5768 5582 4416 2440 6254 3738 6836 5988 4613 6201 5762 6104 2351 5462 2507 5218 6681 4875 890 5459 1181 5773 5955 1613 6159 1696 3165 8818 3613 1241 915 4962 5055 3719 3992 2628 5682 2682 1587 3752 2401 1235 3770 6212 3115 3274 4639 3953 5881 5201 1165 1529 6184 7204 6110 6056 3711 467 6486 
1000000 1000000 1000000 1000000 1000000 1000000 1000000 1000000 1000000 1000000 1000000 1000000 1000000 1000000 1000000 1000000 1000000 1000000 1000000 1000000 5232 6193 8566 9031 4623 2521 1035 4998 8485 1344 2464 6679 6089 7178 7905 5845 3093 5145 2734 8381 7205 4237 3676 6522 2536 7154 5506 0 1584 2647 3107 4921 5239 4321 5241 7688 7934 3958 7141 2701 6304 5604 6856 1651 2184 5772 1160 5831 3254 1635 1371 8189 3825 4076 6593 5513 7269 3595 5269 6077 6582 4932 2466 3114 5315 3037 3191 1349 5205 6395 699 708 732 3346 4745 7874 3616 4345 5782 4616 7459 6167 6201 1007 6061 4952 5197 6086 3937 8969 4618 5466 1382 4375 2522 6337 4461 5421 8152 7068 8097 4912 6206 2033 2265 7994 2234 6013 5507 2134 4340 4574 5883 5149 2173 6807 2545 8970 5395 5334 
1000000 1000000 1000000 1000000 1000000 1000000 1000000 1000000 1000000 1000000 1000000 1000000 1000000 1000000 1000000 1000000 1000000 1000000 1000000 1000000 4840 4823 7546 8000 4323 3451 2286 3991 6924 285 884 5604 5352 5729 6323 5810 1521 3598 3816 6818 5634 3439 4245 5347 3363 5612 4346 1584 0 1831 2919 4613 5645 4871 4545 6121 6512 2584 5572 3323 5148 4028 5510 3170 1980 6270 2734 5944 3008 2885 1182 7383 3582 2497 5216 6031 5717 3314 3687 6670 5446 5527 3463 3499 4805 4173 3252 2687 3933 6364 2144 2200 2315 2608 3410 6548 4261 3479 5943 3488 5906 5207 4767 2500 5237 5666 3736 4513 4504 7936 3289 4125 625 4836 942 4755 2907 5895 6883 5933 6568 3372 4849 1908 2021 6538 1399 6061 3932 3325 2990 3279 4454 3936 2859 5365 2028 7993 4343 4170 
1000000 1000000 1000000 1000000 1000000 1000000 1000000 1000000 1000000 1000000 1000000 1000000 1000000 1000000 1000000 1000000 1000000 1000000 1000000 1000000 6614 3733 8895 9328 6125 5046 3648 5481 6467 2029 1780 6954 6974 6461 6137 7636 2340 3237 3431 6372 5817 5098 3158 6595 2765 5076 5664 2647 1831 0 1351 6410 7448 6637 6212 6321 7279 1702 5231 5041 6428 4277 6487 4236 3808 8058 3477 7775 4833 2980 1283 8917 5401 2639 6149 7814 5243 5132 3869 8437 6735 7286 5023 5284 6544 5657 5078 2970 2669 8189 2779 3349 3226 4340 2312 7515 5991 1723 7772 4900 5427 6680 3846 3638 6810 7388 4580 4763 3378 9264 4459 5199 1424 6622 1982 4677 3494 7687 7936 7203 6981 3972 5841 3729 841 7210 3190 7891 3772 4758 1974 4507 5320 2566 2271 4447 469 9375 5773 2718 
1000000 1000000 1000000 1000000 1000000 1000000 1000000 1000000 1000000 1000000 1000000 1000000 1000000 1000000 1000000 1000000 1000000 1000000 1000000 1000000 7756 4411 10231 10667 7226 5628 4133 6778 7419 3032 3088 8287 8230 7790 7225 8661 3684 4379 2656 7333 7040 6329 1927 7938 1953 6036 6997 3107 2919 1351 0 7519 8278 7395 7442 7540 8608 2809 6279 5769 7768 5551 7836 4424 4796 8843 3533 8740 5880 2667 1904 10212 6465 3948 7497 8588 6228 6200 5139 9171 8075 8021 5569 6112 7724 6095 6026 2803 3320 9218 2918 3720 3450 5523 3167 8862 6703 1810 8717 6213 6402 7987 4645 3957 8086 8057 5928 6025 2113 10603 5802 6549 2349 7424 3287 5848 4833 8483 9286 8546 8248 5307 7191 4689 920 8526 4317 8885 4953 5200 2949 5845 6666 3124 1623 5204 944 10707 7087 3149 
