NAME : P112212
TYPE : ATSP
DIMENSION : 120
EDGE_WEIGHT_TYPE : EXPLICIT
EDGE_WEIGHT_FORMAT : FULL_MATRIX
EDGE_WEIGHT_SECTION
1000000 1000000 1000000 1000000 1000000 1000000 1000000 1000000 1000000 1000000 4353 3200 3196 2764 2938 3091 3263 3338 3375 4411 2909 3386 2838 3060 4306 3425 3550 3688 4291 3682 4340 3738 3780 3743 4137 3171 3057 4088 3527 3414 3761 3131 3044 3826 1010 1891 495 1353 1513 1694 255 1629 1325 1742 860 805 704 1133 644 1193 1461 1813 1388 1297 343 563 1223 975 561 1734 1334 1078 1095 804 1559 1266 1257 1831 1826 437 6085 6136 5859 6283 5797 6146 5304 5388 6121 6223 5295 5865 5379 6283 5768 6225 5302 6283 5326 6129 5451 5613 5421 5722 6072 5361 5485 6101 5575 5772 0 1000000 1000000 1000000 1000000 1000000 1000000 1000000 1000000 1000000 
1000000 1000000 1000000 1000000 1000000 1000000 1000000 1000000 1000000 1000000 5406 6953 6472 7008 7092 6442 6450 6335 6259 6299 7160 6929 6571 6387 5983 6169 6042 6428 5534 6114 5509 5854 5758 6636 6301 6405 7042 6216 6602 6098 6076 6858 7083 5754 8603 8385 8860 8098 8423 8067 9111 8449 8483 7765 8914 8542 8812 8537 8747 8207 8721 8031 7959 8056 9084 8816 8213 9154 8791 7859 8201 9093 8459 8755 8823 8699 9200 7727 7938 9016 13363 13487 13349 14107 13758 13554 13200 12927 13353 13911 13320 13577 13300 14107 13737 13918 13164 14107 13134 13433 13333 13561 13492 13644 13323 12983 13181 13592 13600 13584 1000000 0 1000000 1000000 1000000 1000000 1000000 1000000 1000000 1000000 
1000000 1000000 1000000 1000000 1000000 1000000 1000000 1000000 1000000 1000000 4290 3246 3978 3727 3376 4240 3912 4007 4095 3040 3325 3081 4553 4467 3488 4194 4241 3422 4144 3902 4133 4313 4453 3103 3205 4161 3297 3348 3351 4385 3866 3450 3261 4376 4355 3429 5153 4448 3840 3900 5221 3690 4032 4250 4362 4946 4611 4241 5259 4612 3768 3773 4854 4795 4904 4866 4514 4222 4957 4101 4303 4117 4372 4516 3644 3986 3954 4139 3851 4823 4592 4734 4697 5535 5344 4821 4860 4394 4561 5282 5054 5022 4954 5535 5333 5291 4805 5535 4741 4664 4949 5177 5223 5223 4544 4493 4696 4898 5269 5096 1000000 1000000 0 1000000 1000000 1000000 1000000 1000000 1000000 1000000 
1000000 1000000 1000000 1000000 1000000 1000000 1000000 1000000 1000000 1000000 2858 1619 1689 1206 1357 1652 1742 1834 1889 2831 1328 1807 1529 1695 2733 1959 2089 2113 2778 2154 2823 2282 2352 2162 2556 1707 1475 2509 1948 1995 2227 1554 1464 2378 591 685 1284 400 403 150 1462 515 403 368 866 980 884 487 1324 574 711 284 816 747 1242 1047 481 1074 1100 227 281 1013 487 791 864 625 1140 362 251 1149 6139 6223 5991 6584 6144 6258 5598 5516 6158 6460 5653 6097 5688 6584 6118 6465 5578 6584 5577 6196 5745 5946 5808 6047 6113 5526 5691 6245 5945 6047 1000000 1000000 1000000 0 1000000 1000000 1000000 1000000 1000000 1000000 
1000000 1000000 1000000 1000000 1000000 1000000 1000000 1000000 1000000 1000000 1815 2452 1711 2086 2385 1472 1771 1673 1585 2940 2450 2601 1287 1265 2493 1489 1458 2291 1900 1824 1945 1436 1312 2608 2651 1533 2431 2499 2335 1296 1884 2254 2473 1408 3141 3251 3260 2617 3125 2772 3510 3204 3116 2367 3453 2960 3293 3105 3136 2684 3437 2792 2389 2497 3520 3251 2713 3734 3213 2507 2759 3701 2992 3256 3580 3342 3858 2375 2677 3464 8762 8857 8645 9279 8851 8901 8300 8177 8773 9140 8366 8780 8393 9279 8826 9145 8277 9279 8271 8823 8445 8652 8524 8751 8732 8198 8372 8900 8657 8741 1000000 1000000 1000000 1000000 0 1000000 1000000 1000000 1000000 1000000 
1000000 1000000 1000000 1000000 1000000 1000000 1000000 1000000 1000000 1000000 4925 3716 3762 3311 3460 3669 3826 3905 3946 4920 3425 3891 3426 3646 4843 4000 4127 4223 4858 4244 4906 4316 4362 4255 4658 3746 3574 4617 4056 3996 4321 3663 3558 4406 1522 2306 1079 1924 1972 2206 829 2062 1801 2308 1295 1397 1231 1635 1210 1774 1845 2314 1980 1889 890 1143 1796 1280 1152 2283 1884 1392 1631 1321 1902 1689 1507 2389 2345 976 5852 5891 5602 5960 5467 5892 5000 5141 5894 5924 4969 5573 5069 5960 5437 5925 5004 5960 5036 5891 5144 5290 5083 5400 5843 5102 5209 5835 5240 5467 1000000 1000000 1000000 1000000 1000000 0 1000000 1000000 1000000 1000000 
1000000 1000000 1000000 1000000 1000000 1000000 1000000 1000000 1000000 1000000 2131 1394 1029 821 1165 861 1114 1156 1170 2496 1190 1613 601 813 2249 1202 1321 1684 2087 1519 2138 1502 1535 1869 2177 956 1280 2080 1576 1169 1606 1225 1299 1586 1436 1508 1809 932 1357 1005 2048 1438 1358 610 1748 1460 1650 1377 1751 1061 1669 1034 912 972 1950 1691 1052 2005 1689 739 1035 1958 1290 1588 1812 1584 2101 607 917 1873 7037 7127 6905 7521 7089 7166 6539 6433 7052 7389 6601 7027 6631 7521 7063 7394 6517 7521 6513 7096 6685 6890 6758 6989 7009 6449 6620 7160 6893 6983 1000000 1000000 1000000 1000000 1000000 1000000 0 1000000 1000000 1000000 
1000000 1000000 1000000 1000000 1000000 1000000 1000000 1000000 1000000 1000000 6239 4717 5342 4842 4641 5485 5332 5454 5545 5337 4569 4702 5573 5641 5623 5650 5759 5203 6101 5579 6119 5920 6046 4973 5305 5472 4657 5389 5039 5787 5598 4853 4613 6015 4065 3618 4573 4497 3831 4144 4471 3716 3915 4589 3839 4598 4123 4027 4745 4547 3545 4095 4902 4792 4191 4342 4467 3539 4440 4425 4318 3501 4184 4084 3378 3714 3284 4544 4212 4164 1912 2002 1794 2505 2167 2044 1620 1339 1929 2323 1777 1978 1720 2505 2149 2329 1577 2505 1537 1971 1743 1975 1952 2050 1885 1382 1578 2048 2034 1981 1000000 1000000 1000000 1000000 1000000 1000000 1000000 0 1000000 1000000 
1000000 1000000 1000000 1000000 1000000 1000000 1000000 1000000 1000000 1000000 1293 267 532 576 421 807 462 561 653 1145 480 371 1177 1038 991 757 830 371 1171 597 1203 958 1094 510 839 716 347 772 220 942 623 192 387 1047 2331 1766 2968 1995 1941 1651 3175 1907 2076 1611 2584 2627 2625 2221 2961 2181 2183 1556 2183 2202 2981 2768 2122 2723 2804 1587 1985 2633 2226 2533 2239 2243 2671 1505 1511 2889 6832 6943 6767 7481 7102 6999 6542 6321 6833 7306 6649 6958 6640 7481 7080 7312 6510 7481 6487 6898 6680 6903 6818 6991 6797 6363 6554 7018 6933 6948 1000000 1000000 1000000 1000000 1000000 1000000 1000000 1000000 0 1000000 
1000000 1000000 1000000 1000000 1000000 1000000 1000000 1000000 1000000 1000000 4224 5763 5235 5770 5881 5183 5220 5102 5021 5231 5951 5761 5286 5112 4871 4926 4802 5259 4361 4909 4342 4619 4514 5493 5191 5153 5842 5090 5426 4841 4880 5653 5884 4519 7315 7144 7547 6804 7159 6800 7797 7193 7209 6481 7627 7232 7515 7253 7430 6907 7461 6771 6651 6750 7779 7510 6917 7875 7482 6582 6914 7819 7169 7461 7571 7428 7935 6449 6674 7713 12262 12381 12227 12965 12598 12444 12039 11793 12256 12779 12149 12438 12137 12965 12576 12786 12005 12965 11979 12330 12175 12399 12318 12486 12223 11843 12037 12474 12432 12436 1000000 1000000 1000000 1000000 1000000 1000000 1000000 1000000 1000000 0 
1000000 1000000 1000000 1000000 1000000 1000000 1000000 1000000 1000000 1000000 0 1547 1170 1674 1695 1271 1117 1024 979 1280 1762 1538 1602 1357 811 931 811 1038 149 725 160 637 652 1295 1087 1183 1639 950 1203 984 675 1459 1679 571 3437 3024 3933 3002 3135 2803 4168 3130 3237 2618 3723 3584 3703 3343 3881 3162 3408 2736 3041 3101 4035 3791 3131 3909 3802 2658 3049 3830 3309 3623 3486 3432 3898 2542 2664 3950 8059 8175 8012 8743 8375 8235 7815 7574 8056 8560 7927 8217 7914 8743 8353 8566 7781 8743 7756 8127 7951 8176 8097 8263 8022 7621 7815 8261 8210 8213 4353 5406 4290 2858 1815 4925 2131 6239 1293 4224 
1000000 1000000 1000000 1000000 1000000 1000000 1000000 1000000 1000000 1000000 1547 0 742 574 266 995 689 801 895 1213 292 220 1322 1221 1156 1002 1086 558 1421 863 1449 1221 1356 544 942 921 144 915 374 1179 885 204 161 1312 2198 1558 2879 1911 1772 1511 3073 1722 1922 1541 2432 2547 2500 2082 2887 2101 1993 1403 2146 2152 2859 2661 2034 2548 2705 1490 1878 2453 2105 2403 2036 2073 2476 1427 1375 2766 6566 6676 6501 7215 6838 6732 6279 6055 6567 7040 6386 6693 6377 7215 6816 7046 6246 7215 6222 6632 6416 6639 6555 6727 6530 6098 6289 6752 6670 6683 3200 6953 3246 1619 2452 3716 1394 4717 267 5763 
1000000 1000000 1000000 1000000 1000000 1000000 1000000 1000000 1000000 1000000 1170 742 0 537 712 282 93 146 215 1530 783 899 682 511 1230 312 433 723 1097 494 1145 619 722 990 1205 185 733 1087 685 454 579 546 777 719 2268 1913 2793 1843 1979 1639 3021 1987 2072 1455 2555 2443 2536 2174 2755 2011 2264 1580 1929 1974 2873 2634 1973 2746 2651 1489 1881 2671 2141 2455 2355 2272 2751 1375 1501 2787 7218 7324 7135 7823 7427 7375 6867 6679 7223 7660 6961 7307 6964 7823 7403 7665 6838 7823 6821 7283 7008 7227 7127 7319 7185 6714 6900 7388 7249 7287 3196 6472 3978 1689 1711 3762 1029 5342 532 5235 
1000000 1000000 1000000 1000000 1000000 1000000 1000000 1000000 1000000 1000000 1674 574 537 0 359 645 564 675 750 1719 403 793 841 823 1548 844 969 937 1583 957 1626 1155 1257 1067 1414 635 464 1342 795 953 1024 414 488 1255 1796 1377 2399 1428 1462 1136 2611 1459 1570 1040 2067 2056 2081 1692 2387 1611 1737 1063 1608 1626 2431 2209 1556 2238 2239 1031 1431 2157 1681 1993 1823 1759 2226 938 995 2341 6729 6832 6636 7311 6909 6881 6351 6176 6737 7153 6440 6799 6447 7311 6885 7159 6323 7311 6307 6793 6493 6709 6605 6803 6697 6208 6391 6890 6729 6774 2764 7008 3727 1206 2086 3311 821 4842 576 5770 
1000000 1000000 1000000 1000000 1000000 1000000 1000000 1000000 1000000 1000000 1695 266 712 359 0 915 692 814 906 1478 73 476 1180 1124 1394 1013 1118 778 1581 979 1615 1281 1405 808 1200 867 126 1160 602 1165 1021 238 135 1378 1940 1345 2613 1645 1528 1254 2809 1489 1671 1276 2180 2281 2239 1825 2621 1836 1764 1151 1885 1888 2598 2398 1768 2309 2441 1225 1614 2217 1843 2144 1819 1830 2251 1161 1116 2505 6511 6617 6432 7129 6741 6670 6181 5979 6515 6962 6281 6611 6279 7129 6718 6967 6150 7129 6130 6576 6320 6541 6448 6632 6477 6017 6205 6685 6567 6594 2938 7092 3376 1357 2385 3460 1165 4641 421 5881 
1000000 1000000 1000000 1000000 1000000 1000000 1000000 1000000 1000000 1000000 1271 995 282 645 915 0 369 343 324 1797 981 1168 412 231 1468 341 461 999 1227 694 1279 648 703 1272 1471 115 962 1346 967 345 783 792 1003 738 2208 1974 2664 1746 1982 1627 2900 2011 2049 1371 2508 2315 2457 2125 2611 1898 2281 1590 1772 1831 2780 2529 1873 2724 2536 1436 1810 2658 2072 2384 2389 2261 2759 1310 1496 2697 7373 7476 7279 7950 7545 7524 6987 6818 7381 7795 7072 7439 7083 7950 7521 7800 6959 7950 6945 7437 7129 7345 7236 7439 7341 6849 7031 7533 7362 7413 3091 6442 4240 1652 1472 3669 861 5485 807 5183 
1000000 1000000 1000000 1000000 1000000 1000000 1000000 1000000 1000000 1000000 1117 689 93 564 692 369 0 123 215 1438 764 832 773 595 1141 323 429 632 1036 421 1082 602 718 904 1112 265 697 995 601 491 502 503 741 701 2325 1936 2866 1911 2021 1686 3091 2022 2120 1522 2608 2516 2598 2229 2831 2081 2300 1622 2009 2051 2938 2701 2041 2793 2721 1548 1943 2715 2201 2515 2386 2316 2789 1437 1547 2851 7202 7308 7123 7817 7424 7361 6865 6669 7206 7651 6961 7299 6962 7817 7401 7657 6835 7817 6816 7267 7005 7224 7127 7316 7168 6706 6893 7375 7248 7281 3263 6450 3912 1742 1771 3826 1114 5332 462 5220 
1000000 1000000 1000000 1000000 1000000 1000000 1000000 1000000 1000000 1000000 1024 801 146 675 814 343 123 0 95 1458 886 931 753 549 1127 203 307 673 954 365 1002 483 596 966 1133 229 816 1005 672 382 453 621 861 583 2413 2050 2931 1985 2124 1784 3161 2129 2217 1599 2700 2581 2681 2319 2890 2151 2407 1725 2061 2109 3016 2776 2115 2892 2791 1634 2026 2816 2286 2600 2496 2416 2894 1520 1646 2930 7324 7430 7245 7939 7546 7483 6987 6791 7328 7773 7082 7421 7084 7939 7523 7779 6957 7939 6938 7389 7127 7346 7249 7438 7289 6828 7015 7497 7370 7403 3338 6335 4007 1834 1673 3905 1156 5454 561 5102 
1000000 1000000 1000000 1000000 1000000 1000000 1000000 1000000 1000000 1000000 979 895 215 750 906 324 215 95 0 1505 978 1022 725 503 1153 108 220 739 921 373 971 405 510 1041 1183 216 910 1049 754 291 462 716 955 505 2462 2127 2961 2024 2188 1844 3193 2199 2276 1640 2753 2611 2725 2371 2914 2185 2475 1789 2080 2133 3057 2813 2153 2951 2825 1684 2071 2877 2333 2646 2568 2478 2961 1566 1707 2972 7416 7523 7337 8029 7635 7575 7075 6882 7420 7864 7170 7511 7172 8029 7611 7869 7046 8029 7027 7481 7216 7435 7336 7527 7382 6918 7105 7589 7458 7493 3375 6259 4095 1889 1585 3946 1170 5545 653 5021 
1000000 1000000 1000000 1000000 1000000 1000000 1000000 1000000 1000000 1000000 1280 1213 1530 1719 1478 1797 1438 1458 1505 0 1503 1029 2207 2004 472 1559 1532 817 1142 1160 1121 1508 1629 670 326 1683 1356 459 926 1737 1083 1312 1367 1533 3407 2692 4090 3119 2959 2720 4286 2892 3120 2742 3629 3755 3710 3289 4092 3308 3151 2607 3327 3343 4070 3874 3244 3721 3918 2701 3090 3621 3317 3612 3166 3255 3615 2632 2585 3976 7066 7190 7057 7830 7502 7258 6950 6645 7055 7625 7087 7298 7050 7830 7483 7632 6910 7830 6874 7136 7077 7308 7261 7386 7025 6707 6907 7298 7358 7315 4411 6299 3040 2831 2940 4920 2496 5337 1145 5231 
1000000 1000000 1000000 1000000 1000000 1000000 1000000 1000000 1000000 1000000 1762 292 783 403 73 981 764 886 978 1503 0 485 1235 1188 1439 1085 1190 828 1645 1047 1679 1353 1477 834 1234 937 150 1202 648 1236 1088 303 137 1450 1907 1288 2594 1629 1483 1220 2785 1439 1631 1266 2141 2264 2208 1791 2606 1820 1713 1112 1884 1882 2568 2373 1750 2262 2418 1206 1590 2169 1815 2112 1763 1785 2198 1150 1084 2475 6439 6545 6360 7057 6669 6598 6109 5907 6443 6889 6209 6539 6207 7057 6646 6895 6078 7057 6059 6504 6249 6469 6377 6560 6405 5945 6133 6613 6495 6522 2909 7160 3325 1328 2450 3425 1190 4569 480 5951 
1000000 1000000 1000000 1000000 1000000 1000000 1000000 1000000 1000000 1000000 1538 220 899 793 476 1168 832 931 1022 1029 485 0 1518 1398 1038 1124 1189 503 1401 909 1422 1300 1440 372 786 1082 350 788 339 1311 910 404 350 1383 2380 1686 3078 2114 1933 1693 3267 1871 2092 1749 2602 2749 2683 2261 3091 2305 2136 1579 2360 2363 3044 2854 2235 2701 2901 1691 2072 2602 2293 2585 2164 2231 2610 1633 1560 2950 6531 6644 6478 7206 6839 6703 6280 6037 6530 7023 6394 6680 6379 7206 6817 7030 6245 7206 6219 6598 6415 6641 6565 6726 6494 6084 6278 6727 6676 6676 3386 6929 3081 1807 2601 3891 1613 4702 371 5761 
1000000 1000000 1000000 1000000 1000000 1000000 1000000 1000000 1000000 1000000 1602 1322 682 841 1180 412 773 753 725 2207 1235 1518 0 246 1876 712 807 1404 1582 1097 1635 966 971 1665 1881 525 1258 1757 1357 619 1186 1120 1293 1036 2032 1981 2386 1532 1903 1542 2630 1962 1931 1196 2344 2042 2250 1968 2313 1658 2214 1540 1473 1548 2546 2285 1651 2591 2278 1303 1630 2539 1888 2188 2343 2154 2668 1169 1431 2471 7476 7572 7363 8007 7586 7617 7032 6896 7487 7863 7105 7504 7126 8007 7561 7868 7008 8007 6999 7538 7176 7386 7265 7484 7446 6919 7096 7618 7396 7468 2838 6571 4553 1529 1287 3426 601 5573 1177 5286 
1000000 1000000 1000000 1000000 1000000 1000000 1000000 1000000 1000000 1000000 1357 1221 511 823 1124 231 595 549 503 2004 1188 1398 246 0 1653 476 564 1218 1337 871 1391 721 731 1499 1681 332 1181 1549 1195 374 959 1018 1221 793 2224 2086 2615 1737 2051 1691 2858 2096 2097 1383 2532 2269 2455 2152 2548 1873 2358 1671 1706 1777 2762 2503 1860 2767 2501 1472 1822 2708 2083 2389 2477 2317 2825 1340 1569 2683 7536 7636 7434 8094 7681 7683 7125 6971 7545 7943 7205 7586 7220 8094 7657 7948 7099 8094 7087 7599 7268 7481 7367 7577 7505 6998 7178 7688 7495 7556 3060 6387 4467 1695 1265 3646 813 5641 1038 5112 
1000000 1000000 1000000 1000000 1000000 1000000 1000000 1000000 1000000 1000000 811 1156 1230 1548 1394 1468 1141 1127 1153 472 1439 1038 1876 1653 0 1184 1133 621 671 783 652 1077 1186 685 321 1354 1290 251 793 1344 696 1181 1316 1088 3322 2711 3946 2975 2921 2641 4158 2877 3063 2587 3572 3601 3615 3211 3929 3157 3149 2542 3127 3158 3970 3754 3103 3701 3786 2574 2973 3607 3216 3523 3190 3224 3631 2485 2501 3879 7395 7515 7370 8125 7780 7580 7224 6945 7388 7929 7350 7595 7323 8125 7760 7936 7186 8125 7154 7464 7355 7584 7523 7665 7355 7001 7199 7614 7627 7603 4306 5983 3488 2733 2493 4843 2249 5623 991 4871 
1000000 1000000 1000000 1000000 1000000 1000000 1000000 1000000 1000000 1000000 931 1002 312 844 1013 341 323 203 108 1559 1085 1124 712 476 1184 0 131 816 887 404 940 324 413 1126 1240 255 1018 1100 846 195 489 823 1063 421 2527 2219 3003 2077 2268 1921 3238 2283 2350 1697 2821 2653 2784 2439 2951 2233 2558 1871 2113 2171 3111 2863 2205 3026 2872 1750 2132 2954 2394 2707 2655 2555 3043 1628 1785 3027 7523 7629 7442 8133 7737 7681 7178 6987 7527 7968 7272 7616 7275 8133 7714 7974 7149 8133 7131 7588 7319 7538 7438 7630 7489 7023 7209 7695 7560 7597 3425 6169 4194 1959 1489 4000 1202 5650 757 4926 
1000000 1000000 1000000 1000000 1000000 1000000 1000000 1000000 1000000 1000000 811 1086 433 969 1118 461 429 307 220 1532 1190 1189 807 564 1133 131 0 834 777 376 830 194 291 1152 1222 384 1114 1076 891 213 450 917 1159 291 2656 2345 3125 2204 2398 2051 3361 2412 2480 1825 2951 2776 2912 2568 3071 2358 2687 2000 2231 2291 3238 2989 2332 3156 2997 1879 2261 3084 2523 2836 2783 2685 3172 1757 1915 3154 7627 7734 7550 8245 7852 7787 7293 7097 7631 8079 7388 7727 7390 8245 7829 8084 7263 8245 7244 7692 7433 7652 7554 7744 7593 7134 7321 7802 7676 7709 3550 6042 4241 2089 1458 4127 1321 5759 830 4802 
1000000 1000000 1000000 1000000 1000000 1000000 1000000 1000000 1000000 1000000 1038 558 723 937 778 999 632 673 739 817 828 503 1404 1218 621 816 834 0 899 481 920 891 1032 321 494 889 682 406 184 1009 450 561 712 957 2702 2112 3334 2362 2305 2021 3543 2266 2444 1976 2953 2992 2996 2591 3323 2546 2540 1924 2535 2559 3351 3137 2490 3087 3172 1957 2355 2995 2597 2903 2589 2608 3026 1872 1881 3259 7024 7139 6975 7706 7341 7199 6782 6537 7022 7523 6896 7180 6881 7706 7319 7529 6747 7706 6721 7092 6917 7143 7067 7228 6987 6585 6779 7224 7178 7177 3688 6428 3422 2113 2291 4223 1684 5203 371 5259 
1000000 1000000 1000000 1000000 1000000 1000000 1000000 1000000 1000000 1000000 149 1421 1097 1583 1581 1227 1036 954 921 1142 1645 1401 1582 1337 671 887 777 899 0 627 54 624 672 1150 940 1132 1518 801 1069 968 565 1344 1556 579 3361 2917 3881 2939 3043 2717 4112 3032 3151 2552 3643 3531 3632 3264 3834 3103 3310 2645 2998 3052 3970 3729 3068 3821 3744 2583 2977 3739 3236 3550 3383 3341 3801 2471 2576 3883 7917 8033 7872 8605 8239 8093 7680 7435 7914 8421 7794 8078 7779 8605 8218 8427 7646 8605 7619 7985 7815 8041 7964 8127 7879 7483 7677 8120 8076 8076 4291 5534 4144 2778 1900 4858 2087 6101 1171 4361 
1000000 1000000 1000000 1000000 1000000 1000000 1000000 1000000 1000000 1000000 725 863 494 957 979 694 421 365 373 1160 1047 909 1097 871 783 404 376 481 627 0 670 411 552 800 846 582 934 702 579 577 90 746 976 481 2740 2299 3285 2331 2417 2091 3511 2407 2525 1941 3019 2935 3015 2641 3248 2501 2686 2019 2422 2468 3357 3121 2461 3194 3141 1964 2361 3113 2618 2931 2761 2715 3176 1856 1951 3269 7425 7536 7363 8077 7698 7593 7138 6917 7426 7902 7244 7555 7236 8077 7676 7908 7106 8077 7083 7492 7276 7499 7412 7588 7389 6960 7150 7614 7528 7545 3682 6114 3902 2154 1824 4244 1519 5579 597 4909 
1000000 1000000 1000000 1000000 1000000 1000000 1000000 1000000 1000000 1000000 160 1449 1145 1626 1615 1279 1082 1002 971 1121 1679 1422 1635 1391 652 940 830 920 54 670 0 678 725 1160 932 1183 1549 798 1093 1022 605 1378 1587 632 3407 2954 3931 2987 3085 2761 4161 3072 3195 2600 3688 3581 3679 3309 3885 3152 3350 2687 3049 3103 4018 3778 3117 3863 3793 2630 3024 3781 3283 3597 3421 3384 3841 2518 2620 3931 7931 8047 7888 8624 8260 8108 7701 7452 7927 8438 7816 8097 7800 8624 8238 8445 7666 8624 7639 7999 7836 8062 7986 8147 7893 7501 7696 8136 8097 8095 4340 5509 4133 2823 1945 4906 2138 6119 1203 4342 
1000000 1000000 1000000 1000000 1000000 1000000 1000000 1000000 1000000 1000000 637 1221 619 1155 1281 648 602 483 405 1508 1353 1300 966 721 1077 324 194 891 624 411 678 0 142 1211 1215 576 1265 1063 981 348 454 1068 1310 100 2848 2531 3309 2393 2590 2243 3547 2603 2673 2016 3144 2960 3103 2761 3251 2546 2878 2192 2411 2473 3427 3177 2521 3349 3183 2072 2453 3277 2715 3027 2973 2878 3364 1950 2108 3344 7781 7890 7709 8410 8021 7944 7461 7258 7783 8241 7559 7891 7559 8410 7998 8247 7431 8410 7411 7847 7601 7821 7726 7912 7746 7297 7485 7961 7846 7875 3738 5854 4313 2282 1436 4316 1502 5920 958 4619 
1000000 1000000 1000000 1000000 1000000 1000000 1000000 1000000 1000000 1000000 652 1356 722 1257 1405 703 718 596 510 1629 1477 1440 971 731 1186 413 291 1032 672 552 725 142 0 1351 1343 649 1395 1190 1122 367 592 1198 1439 101 2910 2631 3342 2443 2673 2322 3583 2692 2747 2072 3210 2995 3157 2827 3277 2589 2966 2277 2436 2504 3475 3221 2569 3424 3223 2138 2511 3355 2774 3085 3065 2957 3449 2013 2188 3394 7910 8018 7836 8533 8141 8072 7582 7383 7913 8366 7678 8015 7679 8533 8118 8372 7552 8533 7533 7976 7722 7941 7844 8033 7876 7421 7609 8088 7965 7998 3780 5758 4453 2352 1312 4362 1535 6046 1094 4514 
1000000 1000000 1000000 1000000 1000000 1000000 1000000 1000000 1000000 1000000 1295 544 990 1067 808 1272 904 966 1041 670 834 372 1665 1499 685 1126 1152 321 1150 800 1160 1211 1351 0 415 1168 687 435 309 1320 765 654 699 1274 2740 2057 3421 2451 2301 2053 3617 2242 2458 2077 2968 3087 3042 2623 3426 2641 2507 1942 2670 2682 3402 3205 2575 3072 3248 2032 2421 2973 2648 2945 2535 2601 2981 1965 1917 3308 6773 6890 6734 7477 7123 6952 6565 6302 6769 7288 6687 6949 6664 7477 7102 7294 6528 7477 6499 6841 6698 6925 6858 7009 6735 6354 6550 6981 6965 6952 3743 6636 3103 2162 2608 4255 1869 4973 510 5493 
1000000 1000000 1000000 1000000 1000000 1000000 1000000 1000000 1000000 1000000 1087 942 1205 1414 1200 1471 1112 1133 1183 326 1234 786 1881 1681 321 1240 1222 494 940 846 932 1215 1343 415 0 1358 1084 153 620 1422 774 1014 1102 1250 3139 2471 3801 2829 2710 2452 4003 2654 2863 2447 3374 3462 3439 3023 3797 3016 2920 2345 3020 3040 3798 3594 2955 3483 3633 2415 2809 3386 3042 3343 2949 3011 3395 2339 2315 3704 7075 7195 7050 7807 7464 7260 6908 6627 7068 7611 7036 7277 7008 7807 7444 7617 6870 7807 6838 7144 7039 7268 7209 7349 7035 6683 6881 7294 7312 7286 4137 6301 3205 2556 2651 4658 2177 5305 839 5191 
1000000 1000000 1000000 1000000 1000000 1000000 1000000 1000000 1000000 1000000 1183 921 185 635 867 115 265 229 216 1683 937 1082 525 332 1354 255 384 889 1132 582 1183 576 649 1168 1358 0 901 1232 865 319 672 722 944 671 2273 1993 2751 1822 2024 1673 2985 2045 2100 1442 2568 2402 2529 2186 2702 1980 2318 1628 1867 1921 2856 2609 1951 2776 2619 1496 1878 2707 2140 2453 2420 2308 2800 1374 1539 2772 7355 7459 7266 7945 7543 7509 6985 6807 7361 7786 7074 7431 7081 7945 7520 7791 6957 7945 6941 7419 7127 7343 7238 7437 7322 6840 7024 7519 7363 7408 3171 6405 4161 1707 1533 3746 956 5472 716 5153 
1000000 1000000 1000000 1000000 1000000 1000000 1000000 1000000 1000000 1000000 1639 144 733 464 126 962 697 816 910 1356 150 350 1258 1181 1290 1018 1114 682 1518 934 1549 1265 1395 687 1084 901 0 1052 501 1183 967 198 45 1360 2056 1431 2736 1769 1633 1369 2930 1587 1781 1401 2291 2405 2357 1940 2745 1960 1860 1262 2010 2013 2716 2518 1892 2411 2562 1348 1735 2317 1962 2260 1907 1935 2344 1286 1232 2623 6516 6625 6445 7150 6767 6679 6207 5995 6519 6979 6311 6629 6305 7150 6745 6985 6175 7150 6154 6582 6346 6568 6479 6657 6482 6035 6224 6696 6596 6616 3057 7042 3297 1475 2431 3574 1280 4657 347 5842 
1000000 1000000 1000000 1000000 1000000 1000000 1000000 1000000 1000000 1000000 950 915 1087 1342 1160 1346 995 1005 1049 459 1202 788 1757 1549 251 1100 1076 406 801 702 798 1063 1190 435 153 1232 1052 0 562 1279 627 957 1075 1097 3096 2466 3739 2766 2685 2412 3946 2637 2831 2380 3340 3397 3393 2983 3728 2951 2907 2311 2939 2964 3750 3539 2893 3463 3575 2358 2755 3368 2995 3299 2944 2987 3387 2275 2273 3657 7172 7291 7142 7892 7543 7355 6986 6714 7166 7699 7111 7363 7086 7892 7523 7706 6949 7892 6918 7241 7118 7346 7283 7429 7133 6768 6966 7387 7388 7369 4088 6216 3348 2509 2499 4617 2080 5389 772 5090 
1000000 1000000 1000000 1000000 1000000 1000000 1000000 1000000 1000000 1000000 1203 374 685 795 602 967 601 672 754 926 648 339 1357 1195 793 846 891 184 1069 579 1093 981 1122 309 620 865 501 562 0 1040 573 397 529 1058 2535 1929 3183 2210 2129 1851 3388 2087 2271 1827 2781 2843 2832 2422 3178 2397 2360 1751 2402 2421 3189 2979 2337 2909 3017 1799 2195 2816 2433 2738 2407 2431 2845 1720 1712 3096 6869 6982 6815 7541 7172 7041 6613 6374 6868 7360 6726 7016 6712 7541 7151 7367 6579 7541 6553 6936 6749 6974 6896 7060 6832 6421 6614 7065 7008 7011 3527 6602 3351 1948 2335 4056 1576 5039 220 5426 
1000000 1000000 1000000 1000000 1000000 1000000 1000000 1000000 1000000 1000000 984 1179 454 953 1165 345 491 382 291 1737 1236 1311 619 374 1344 195 213 1009 968 577 1022 348 367 1320 1422 319 1183 1279 1040 0 657 993 1228 421 2547 2309 2977 2077 2326 1971 3217 2353 2393 1708 2849 2629 2792 2467 2914 2223 2624 1934 2072 2139 3108 2854 2203 3068 2856 1778 2148 3002 2410 2720 2731 2605 3103 1651 1841 3027 7667 7772 7581 8262 7862 7823 7303 7123 7673 8102 7393 7748 7399 8262 7838 8108 7275 8262 7259 7732 7445 7662 7557 7755 7634 7156 7341 7834 7681 7725 3414 6098 4385 1995 1296 3996 1169 5787 942 4841 
1000000 1000000 1000000 1000000 1000000 1000000 1000000 1000000 1000000 1000000 675 885 579 1024 1021 783 502 453 462 1083 1088 910 1186 959 696 489 450 450 565 90 605 454 592 765 774 672 967 627 573 657 0 785 1008 511 2814 2353 3367 2411 2481 2160 3592 2468 2594 2021 3090 3018 3091 2713 3332 2582 2746 2084 2508 2552 3435 3201 2540 3261 3221 2039 2437 3178 2693 3007 2818 2781 3237 1933 2019 3346 7437 7549 7379 8098 7722 7607 7163 6935 7436 7920 7270 7574 7261 8098 7700 7926 7129 8098 7106 7503 7300 7523 7439 7611 7400 6979 7171 7629 7554 7566 3761 6076 3866 2227 1884 4321 1606 5598 623 4880 
1000000 1000000 1000000 1000000 1000000 1000000 1000000 1000000 1000000 1000000 1459 204 546 414 238 792 503 621 716 1312 303 404 1120 1018 1181 823 917 561 1344 746 1378 1068 1198 654 1014 722 198 957 397 993 785 0 242 1163 2142 1581 2787 1815 1750 1461 2992 1718 1885 1433 2393 2448 2437 2031 2784 2002 1994 1365 2018 2032 2794 2583 1941 2532 2621 1403 1799 2442 2038 2344 2053 2053 2483 1325 1321 2701 6714 6822 6641 7345 6961 6876 6401 6191 6716 7175 6504 6825 6499 7345 6938 7181 6370 7345 6349 6779 6540 6761 6672 6851 6679 6231 6420 6893 6789 6811 3131 6858 3450 1554 2254 3663 1225 4853 192 5653 
1000000 1000000 1000000 1000000 1000000 1000000 1000000 1000000 1000000 1000000 1679 161 777 488 135 1003 741 861 955 1367 137 350 1293 1221 1316 1063 1159 712 1556 976 1587 1310 1439 699 1102 944 45 1075 529 1228 1008 242 0 1404 2041 1400 2730 1765 1611 1354 2921 1562 1762 1400 2273 2400 2343 1924 2741 1956 1834 1245 2015 2015 2703 2508 1886 2388 2554 1342 1726 2293 1950 2246 1878 1913 2317 1284 1219 2610 6472 6580 6400 7106 6724 6635 6164 5951 6475 6935 6268 6585 6262 7106 6701 6941 6132 7106 6111 6538 6302 6525 6437 6614 6437 5991 6180 6652 6553 6573 3044 7083 3261 1464 2473 3558 1299 4613 387 5884 
1000000 1000000 1000000 1000000 1000000 1000000 1000000 1000000 1000000 1000000 571 1312 719 1255 1378 738 701 583 505 1533 1450 1383 1036 793 1088 421 291 957 579 481 632 100 101 1274 1250 671 1360 1097 1058 421 511 1163 1404 0 2942 2631 3394 2483 2688 2341 3633 2702 2770 2108 3239 3045 3195 2856 3333 2634 2977 2291 2492 2557 3517 3265 2611 3446 3270 2167 2546 3375 2808 3120 3072 2976 3463 2044 2206 3435 7874 7983 7804 8506 8118 8038 7559 7353 7876 8337 7657 7987 7656 8506 8095 8343 7528 8506 7508 7940 7698 7919 7824 8009 7839 7393 7581 8056 7944 7972 3826 5754 4376 2378 1408 4406 1586 6015 1047 4519 
1000000 1000000 1000000 1000000 1000000 1000000 1000000 1000000 1000000 1000000 3437 2198 2268 1796 1940 2208 2325 2413 2462 3407 1907 2380 2032 2224 3322 2527 2656 2702 3361 2740 3407 2848 2910 2740 3139 2273 2056 3096 2535 2547 2814 2142 2041 2942 0 941 807 524 533 688 928 672 335 842 315 611 307 126 905 497 617 803 853 738 668 527 439 601 609 779 403 591 149 207 777 396 791 899 824 573 5955 6028 5778 6317 5858 6054 5325 5300 5980 6214 5360 5850 5412 6317 5831 6218 5311 6317 5319 6008 5474 5663 5506 5768 5934 5298 5450 6030 5650 5785 1010 8603 4355 591 3141 1522 1436 4065 2331 7315 
1000000 1000000 1000000 1000000 1000000 1000000 1000000 1000000 1000000 1000000 3024 1558 1913 1377 1345 1974 1936 2050 2127 2692 1288 1686 1981 2086 2711 2219 2345 2112 2917 2299 2954 2531 2631 2057 2471 1993 1431 2466 1929 2309 2353 1581 1400 2631 941 0 1747 1061 413 561 1855 270 609 1005 1034 1519 1225 821 1838 1202 467 483 1492 1411 1562 1466 1104 1046 1549 835 896 940 945 1123 479 627 925 940 600 1470 5529 5619 5400 6029 5606 5659 5052 4929 5544 5890 5125 5529 5146 6029 5581 5894 5028 6029 5020 5588 5197 5406 5285 5504 5501 4948 5121 5655 5416 5490 1891 8385 3429 685 3251 2306 1508 3618 1766 7144 
1000000 1000000 1000000 1000000 1000000 1000000 1000000 1000000 1000000 1000000 3933 2879 2793 2399 2613 2664 2866 2931 2961 4090 2594 3078 2386 2615 3946 3003 3125 3334 3881 3285 3931 3309 3342 3421 3801 2751 2736 3739 3183 2977 3367 2787 2730 3394 807 1747 0 973 1338 1419 251 1478 1139 1360 825 350 548 927 178 790 1390 1550 917 839 387 289 847 1071 198 1389 1009 1143 827 639 1529 1169 1359 1464 1535 411 6413 6472 6203 6665 6187 6488 5679 5728 6445 6593 5684 6232 5759 6665 6158 6595 5674 6665 5693 6461 5828 5998 5816 6107 6397 5710 5844 6449 5968 6147 495 8860 5153 1284 3260 1079 1809 4573 2968 7547 
1000000 1000000 1000000 1000000 1000000 1000000 1000000 1000000 1000000 1000000 3002 1911 1843 1428 1645 1746 1911 1985 2024 3119 1629 2114 1532 1737 2975 2077 2204 2362 2939 2331 2987 2393 2443 2451 2829 1822 1769 2766 2210 2077 2411 1815 1765 2483 524 1061 973 0 701 550 1186 845 583 391 837 636 719 500 977 193 956 681 435 352 1035 791 130 1120 814 425 182 1097 375 658 1125 788 1277 491 623 952 6400 6478 6237 6798 6347 6509 5808 5759 6422 6688 5850 6324 5896 6798 6320 6691 5792 6798 5796 6455 5956 6150 5999 6253 6377 5762 5920 6490 6141 6264 1353 8098 4448 400 2617 1924 932 4497 1995 6804 
1000000 1000000 1000000 1000000 1000000 1000000 1000000 1000000 1000000 1000000 3135 1772 1979 1462 1528 1982 2021 2124 2188 2959 1483 1933 1903 2051 2921 2268 2398 2305 3043 2417 3085 2590 2673 2301 2710 2024 1633 2685 2129 2326 2481 1750 1611 2688 533 413 1338 701 0 362 1457 153 199 770 677 1107 827 411 1426 815 313 400 1134 1041 1177 1059 719 783 1140 619 523 697 533 725 461 303 777 750 486 1083 5740 5823 5590 6182 5742 5857 5195 5115 5760 6058 5252 5695 5286 6182 5716 6062 5176 6182 5175 5797 5342 5544 5407 5645 5715 5124 5289 5844 5543 5644 1513 8423 3840 403 3125 1972 1357 3831 1941 7159 
1000000 1000000 1000000 1000000 1000000 1000000 1000000 1000000 1000000 1000000 2803 1511 1639 1136 1254 1627 1686 1784 1844 2720 1220 1693 1542 1691 2641 1921 2051 2021 2717 2091 2761 2243 2322 2053 2452 1673 1369 2412 1851 1971 2160 1461 1354 2341 688 561 1419 550 362 0 1586 435 435 450 935 1123 991 572 1465 724 672 135 961 895 1352 1172 630 1108 1231 282 426 1034 605 893 809 636 1135 403 142 1258 6055 6142 5915 6520 6085 6179 5536 5441 6073 6391 5597 6029 5628 6520 6060 6396 5515 6520 5512 6114 5683 5887 5754 5987 6029 5454 5622 6169 5889 5982 1694 8067 3900 150 2772 2206 1005 4144 1651 6800 
1000000 1000000 1000000 1000000 1000000 1000000 1000000 1000000 1000000 1000000 4168 3073 3021 2611 2809 2900 3091 3161 3193 4286 2785 3267 2630 2858 4158 3238 3361 3543 4112 3511 4161 3547 3583 3617 4003 2985 2930 3946 3388 3217 3592 2992 2921 3633 928 1855 251 1186 1457 1586 0 1587 1260 1576 860 589 631 1054 389 1011 1457 1713 1165 1083 323 415 1056 1047 373 1589 1196 1137 983 733 1578 1246 1339 1674 1711 399 6288 6343 6069 6508 6025 6355 5526 5596 6323 6444 5523 6084 5603 6508 5996 6446 5522 6508 5545 6334 5674 5839 5651 5948 6274 5573 5701 6312 5804 5995 255 9111 5221 1462 3510 829 2048 4471 3175 7797 
1000000 1000000 1000000 1000000 1000000 1000000 1000000 1000000 1000000 1000000 3130 1722 1987 1459 1489 2011 2022 2129 2199 2892 1439 1871 1962 2096 2877 2283 2412 2266 3032 2407 3072 2603 2692 2242 2654 2045 1587 2637 2087 2353 2468 1718 1562 2702 672 270 1478 845 153 435 1587 0 343 874 777 1257 957 554 1572 966 279 425 1279 1189 1297 1197 869 830 1280 712 670 732 683 855 382 374 769 837 532 1205 5627 5712 5483 6086 5651 5748 5102 5009 5645 5958 5164 5595 5194 6086 5626 5962 5081 6086 5078 5685 5248 5453 5320 5552 5601 5021 5188 5737 5455 5548 1629 8449 3690 515 3204 2062 1438 3716 1907 7193 
1000000 1000000 1000000 1000000 1000000 1000000 1000000 1000000 1000000 1000000 3237 1922 2072 1570 1671 2049 2120 2217 2276 3120 1631 2092 1931 2097 3063 2350 2480 2444 3151 2525 3195 2673 2747 2458 2863 2100 1781 2831 2271 2393 2594 1885 1762 2770 335 609 1139 583 199 435 1260 343 0 751 511 916 632 213 1230 662 374 521 1002 900 985 861 571 677 942 629 403 611 345 529 544 227 743 763 575 891 5819 5899 5659 6231 5784 5930 5242 5182 5841 6115 5290 5752 5331 6231 5758 6119 5225 6231 5227 5875 5390 5587 5442 5689 5796 5187 5347 5913 5582 5696 1325 8483 4032 403 3116 1801 1358 3915 2076 7209 
1000000 1000000 1000000 1000000 1000000 1000000 1000000 1000000 1000000 1000000 2618 1541 1455 1040 1276 1371 1522 1599 1640 2742 1266 1749 1196 1383 2587 1697 1825 1976 2552 1941 2600 2016 2072 2077 2447 1442 1401 2380 1827 1708 2021 1433 1400 2108 842 1005 1360 391 770 450 1576 874 751 0 1150 1017 1087 772 1351 571 1078 531 637 619 1418 1181 521 1397 1204 171 441 1349 703 1013 1231 977 1493 121 423 1333 6500 6585 6355 6951 6511 6621 5965 5881 6518 6827 6020 6464 6056 6951 6485 6831 5945 6951 5944 6558 6112 6313 6175 6414 6474 5892 6057 6610 6312 6414 1742 7765 4250 368 2367 2308 610 4589 1611 6481 
1000000 1000000 1000000 1000000 1000000 1000000 1000000 1000000 1000000 1000000 3723 2432 2555 2067 2180 2508 2608 2700 2753 3629 2141 2602 2344 2532 3572 2821 2951 2953 3643 3019 3688 3144 3210 2968 3374 2568 2291 3340 2781 2849 3090 2393 2273 3239 315 1034 825 837 677 935 860 777 511 1150 0 761 293 383 969 789 604 1030 1134 1018 545 545 744 311 646 1073 714 341 463 246 719 408 560 1198 1076 461 5715 5784 5528 6047 5584 5807 5056 5050 5743 5952 5083 5588 5141 6047 5556 5955 5044 6047 5054 5767 5204 5390 5227 5495 5696 5043 5190 5779 5373 5518 860 8914 4362 866 3453 1295 1748 3839 2584 7627 
1000000 1000000 1000000 1000000 1000000 1000000 1000000 1000000 1000000 1000000 3584 2547 2443 2056 2281 2315 2516 2581 2611 3755 2264 2749 2042 2269 3601 2653 2776 2992 3531 2935 3581 2960 2995 3087 3462 2402 2405 3397 2843 2629 3018 2448 2400 3045 611 1519 350 636 1107 1123 589 1257 916 1017 761 0 476 712 345 447 1228 1257 584 495 567 307 515 1060 253 1059 699 1101 575 521 1386 1006 1321 1124 1227 527 6467 6533 6273 6771 6301 6554 5781 5796 6496 6685 5799 6322 5864 6771 6273 6688 5772 6771 5786 6518 5930 6109 5937 6216 6449 5785 5928 6523 6086 6246 805 8542 4946 980 2960 1397 1460 4598 2627 7232 
1000000 1000000 1000000 1000000 1000000 1000000 1000000 1000000 1000000 1000000 3703 2500 2536 2081 2239 2457 2598 2681 2725 3710 2208 2683 2250 2455 3615 2784 2912 2996 3632 3015 3679 3103 3157 3042 3439 2529 2357 3393 2832 2792 3091 2437 2343 3195 307 1225 548 719 827 991 631 957 632 1087 293 476 0 431 681 611 845 1109 921 807 362 260 600 585 359 1053 655 631 400 103 982 625 851 1162 1125 267 5992 6059 5800 6305 5837 6080 5314 5322 6021 6215 5336 5852 5397 6305 5809 6218 5304 6305 5317 6043 5463 5644 5476 5751 5974 5312 5457 6049 5624 5778 704 8812 4611 884 3293 1231 1650 4123 2625 7515 
1000000 1000000 1000000 1000000 1000000 1000000 1000000 1000000 1000000 1000000 3343 2082 2174 1692 1825 2125 2229 2319 2371 3289 1791 2261 1968 2152 3211 2439 2568 2591 3264 2641 3309 2761 2827 2623 3023 2186 1940 2983 2422 2467 2713 2031 1924 2856 126 821 927 500 411 572 1054 554 213 772 383 712 431 0 1019 520 530 683 876 765 791 650 443 631 730 690 347 599 161 329 696 321 779 816 711 696 5924 5999 5753 6305 5851 6027 5314 5275 5947 6197 5354 5833 5401 6305 5824 6201 5299 6305 5304 5978 5462 5655 5502 5758 5901 5276 5431 6006 5644 5771 1133 8537 4241 487 3105 1635 1377 4027 2221 7253 
1000000 1000000 1000000 1000000 1000000 1000000 1000000 1000000 1000000 1000000 3881 2887 2755 2387 2621 2611 2831 2890 2914 4092 2606 3091 2313 2548 3929 2951 3071 3323 3834 3248 3885 3251 3277 3426 3797 2702 2745 3728 3178 2914 3332 2784 2741 3333 905 1838 178 977 1426 1465 389 1572 1230 1351 969 345 681 1019 0 786 1509 1599 842 782 563 425 859 1231 323 1402 1044 1297 899 761 1655 1286 1515 1462 1571 581 6588 6648 6380 6843 6364 6664 5857 5904 6620 6770 5861 6409 5936 6843 6335 6772 5851 6843 5870 6636 6005 6176 5993 6284 6572 5886 6020 6626 6145 6324 644 8747 5259 1324 3136 1210 1751 4745 2961 7430 
1000000 1000000 1000000 1000000 1000000 1000000 1000000 1000000 1000000 1000000 3162 2101 2011 1611 1836 1898 2081 2151 2185 3308 1820 2305 1658 1873 3157 2233 2358 2546 3103 2501 3152 2546 2589 2641 3016 1980 1960 2951 2397 2223 2582 2002 1956 2634 497 1202 790 193 815 724 1011 966 662 571 789 447 611 520 786 0 1031 858 358 246 889 632 99 1091 641 618 309 1087 365 573 1201 837 1286 678 809 814 6442 6517 6270 6813 6355 6545 5821 5792 6467 6709 5856 6345 5908 6813 6328 6713 5807 6813 5815 6496 5970 6160 6002 6264 6420 5791 5944 6522 6146 6281 1193 8207 4612 574 2684 1774 1061 4547 2181 6907 
1000000 1000000 1000000 1000000 1000000 1000000 1000000 1000000 1000000 1000000 3408 1993 2264 1737 1764 2281 2300 2407 2475 3151 1713 2136 2214 2358 3149 2558 2687 2540 3310 2686 3350 2878 2966 2507 2920 2318 1860 2907 2360 2624 2746 1994 1834 2977 617 467 1390 956 313 672 1457 279 374 1078 604 1228 845 530 1509 1031 0 691 1375 1271 1147 1102 941 579 1196 931 775 473 688 752 171 224 491 1063 789 1061 5451 5531 5294 5877 5435 5564 4889 4818 5472 5757 4943 5393 4980 5877 5409 5761 4871 5877 4871 5507 5037 5237 5097 5338 5427 4825 4988 5548 5235 5340 1461 8721 3768 711 3437 1845 1669 3545 2183 7461 
1000000 1000000 1000000 1000000 1000000 1000000 1000000 1000000 1000000 1000000 2736 1403 1580 1063 1151 1590 1622 1725 1789 2607 1112 1579 1540 1671 2542 1871 2000 1924 2645 2019 2687 2192 2277 1942 2345 1628 1262 2311 1751 1934 2084 1365 1245 2291 803 483 1550 681 400 135 1713 425 521 531 1030 1257 1109 683 1599 858 691 0 1083 1023 1470 1299 764 1177 1360 361 560 1095 731 1009 807 697 1173 458 118 1376 6006 6095 5872 6490 6061 6134 5509 5400 6022 6356 5575 5995 5602 6490 6035 6361 5487 6490 5482 6065 5655 5861 5733 5960 5979 5416 5587 6127 5867 5952 1813 8031 3773 284 2792 2314 1034 4095 1556 6771 
1000000 1000000 1000000 1000000 1000000 1000000 1000000 1000000 1000000 1000000 3041 2146 1929 1608 1885 1772 2009 2061 2080 3327 1884 2360 1473 1706 3127 2113 2231 2535 2998 2422 3049 2411 2436 2670 3020 1867 2010 2939 2402 2072 2508 2018 2015 2492 853 1492 917 435 1134 961 1165 1279 1002 637 1134 584 921 876 842 358 1375 1083 0 117 1133 863 436 1441 832 761 612 1442 722 905 1545 1189 1643 757 1004 1075 6799 6874 6627 7169 6710 6902 6177 6149 6823 7066 6211 6702 6264 7169 6683 7070 6164 7169 6171 6853 6326 6515 6356 6620 6777 6148 6301 6879 6501 6637 1388 7959 4854 816 2389 1980 912 4902 2183 6651 
1000000 1000000 1000000 1000000 1000000 1000000 1000000 1000000 1000000 1000000 3101 2152 1974 1626 1888 1831 2051 2109 2133 3343 1882 2363 1548 1777 3158 2171 2291 2559 3052 2468 3103 2473 2504 2682 3040 1921 2013 2964 2421 2139 2552 2032 2015 2557 738 1411 839 352 1041 895 1083 1189 900 619 1018 495 807 765 782 246 1271 1023 117 0 1030 761 331 1325 738 722 520 1327 609 789 1442 1081 1528 739 953 968 6687 6762 6514 7054 6594 6789 6062 6036 6712 6952 6095 6588 6148 7054 6567 6955 6049 7054 6056 6741 6211 6399 6240 6504 6665 6034 6187 6766 6385 6522 1297 8056 4795 747 2497 1889 972 4792 2202 6750 
1000000 1000000 1000000 1000000 1000000 1000000 1000000 1000000 1000000 1000000 4035 2859 2873 2431 2598 2780 2938 3016 3057 4070 2568 3044 2546 2762 3970 3111 3238 3351 3970 3357 4018 3427 3475 3402 3798 2856 2716 3750 3189 3108 3435 2794 2703 3517 668 1562 387 1035 1177 1352 323 1297 985 1418 545 567 362 791 563 889 1147 1470 1133 1030 0 270 907 727 319 1401 1001 815 756 462 1261 943 1018 1502 1485 95 6027 6086 5817 6281 5803 6101 5294 5342 6060 6207 5301 5846 5374 6281 5775 6209 5288 6281 5307 6075 5443 5615 5434 5723 6011 5323 5457 6063 5585 5762 343 9084 4904 1242 3520 890 1950 4191 2981 7779 
