NAME : P112122
TYPE : ATSP
DIMENSION : 140
EDGE_WEIGHT_TYPE : EXPLICIT
EDGE_WEIGHT_FORMAT : FULL_MATRIX
EDGE_WEIGHT_SECTION
1000000 1000000 1000000 1000000 1000000 1000000 1000000 1000000 1000000 1000000 1000000 1000000 1000000 1000000 1000000 1000000 1000000 1000000 1000000 1000000 3486 5849 6125 7405 6888 4142 8472 2701 3791 10287 5088 1853 9523 4647 2338 7858 10618 7539 8671 7186 7858 8649 7066 8412 8629 8049 7980 8352 7683 8567 7391 7838 8814 8062 7448 8586 7675 6926 8307 8952 7944 8253 8065 8765 2236 2621 3964 3972 3869 3911 2204 2581 2868 3731 2769 3777 2275 2562 3071 3361 3251 2647 2480 3456 2803 3076 2981 2415 2504 3215 3681 2634 2656 6130 5546 6444 6179 5991 6384 5948 6268 6400 5927 5763 6499 5816 5907 6081 6208 5527 6660 5329 5290 6362 6009 5720 6126 6404 5827 6667 0 1000000 1000000 1000000 1000000 1000000 1000000 1000000 1000000 1000000 1000000 1000000 1000000 1000000 1000000 1000000 1000000 1000000 1000000 1000000 
1000000 1000000 1000000 1000000 1000000 1000000 1000000 1000000 1000000 1000000 1000000 1000000 1000000 1000000 1000000 1000000 1000000 1000000 1000000 1000000 6552 1661 1081 6965 772 6803 5330 4546 8753 8070 4588 7345 6076 2850 5237 1063 7446 7200 7861 6605 7208 7262 6554 7200 6829 7318 7338 7755 7170 7307 6736 7585 7458 7115 6443 6812 6835 6439 7566 7733 7289 7346 6851 7432 5181 4575 4003 4079 4058 4063 5146 5585 4338 3862 4771 4058 5284 4663 4197 3934 4048 4872 5074 4658 5034 4499 5227 5350 5512 4277 3637 4788 4531 8407 7842 8805 7865 7871 8459 7719 8406 8044 8689 8141 9023 8171 7535 7918 8070 8123 8821 8378 8219 9094 8793 8160 8349 8752 8517 8706 1000000 0 1000000 1000000 1000000 1000000 1000000 1000000 1000000 1000000 1000000 1000000 1000000 1000000 1000000 1000000 1000000 1000000 1000000 1000000 
1000000 1000000 1000000 1000000 1000000 1000000 1000000 1000000 1000000 1000000 1000000 1000000 1000000 1000000 1000000 1000000 1000000 1000000 1000000 1000000 5006 5761 5092 2533 4202 4712 641 5586 7004 3201 2752 9055 1701 6123 5547 4327 2954 2731 3035 2259 2577 2361 2284 2350 1891 2620 2674 3016 2619 2429 2278 3033 2545 2376 1910 1878 2231 2257 2809 2824 2633 2572 2068 2525 5714 5791 4052 4005 4141 4086 5795 5272 5591 4466 5202 4258 5609 5731 5301 5071 5129 5312 5432 4408 5057 4939 4857 5430 5336 4903 4848 5393 5808 5013 4742 5301 4345 4476 4916 4333 4925 4411 5484 4939 5538 4937 4155 4470 4563 5074 5189 5503 5344 5712 5559 4988 4946 5260 5340 5043 1000000 1000000 0 1000000 1000000 1000000 1000000 1000000 1000000 1000000 1000000 1000000 1000000 1000000 1000000 1000000 1000000 1000000 1000000 1000000 
1000000 1000000 1000000 1000000 1000000 1000000 1000000 1000000 1000000 1000000 1000000 1000000 1000000 1000000 1000000 1000000 1000000 1000000 1000000 1000000 5898 1996 1259 6108 90 6096 4516 4192 8133 7257 3805 7268 5307 2957 4791 979 6687 6343 7004 5748 6349 6410 5699 6344 5983 6459 6479 6896 6311 6452 5879 6728 6607 6256 5585 5964 5976 5585 6707 6881 6430 6488 5994 6580 4772 4261 3404 3468 3471 3466 4757 5055 4013 3349 4314 3492 4844 4324 3826 3543 3657 4425 4626 4075 4524 4021 4667 4871 5001 3814 3228 4365 4227 7614 7064 8007 7057 7071 7655 6918 7606 7230 7914 7360 8229 7387 6732 7115 7264 7354 8014 7628 7467 8309 8017 7381 7554 7954 7742 7896 1000000 1000000 1000000 0 1000000 1000000 1000000 1000000 1000000 1000000 1000000 1000000 1000000 1000000 1000000 1000000 1000000 1000000 1000000 1000000 
1000000 1000000 1000000 1000000 1000000 1000000 1000000 1000000 1000000 1000000 1000000 1000000 1000000 1000000 1000000 1000000 1000000 1000000 1000000 1000000 764 5204 5033 3966 5196 1201 5193 2334 2992 6834 1904 5032 6212 4530 1646 6041 7218 4113 5243 3734 4418 5193 3614 4958 5181 4609 4545 4933 4247 5113 3940 4436 5361 4612 3993 5137 4222 3472 4874 5505 4506 4807 4610 5311 1899 2541 1804 1719 1764 1748 2028 1009 2537 2087 1705 1797 1679 2391 2374 2423 2361 1721 1660 1213 1291 1737 892 1405 1149 1939 2545 1891 2601 3335 2674 3733 3113 2982 3521 2884 3421 3347 3382 2970 3883 3019 2778 3065 3222 2825 3872 2894 2767 3850 3488 2956 3302 3681 3225 3821 1000000 1000000 1000000 1000000 0 1000000 1000000 1000000 1000000 1000000 1000000 1000000 1000000 1000000 1000000 1000000 1000000 1000000 1000000 1000000 
1000000 1000000 1000000 1000000 1000000 1000000 1000000 1000000 1000000 1000000 1000000 1000000 1000000 1000000 1000000 1000000 1000000 1000000 1000000 1000000 6493 7336 6630 3101 5613 6094 1133 7333 8296 1866 4436 10791 314 7809 7260 5503 1215 3195 2827 3014 2873 2109 3101 2283 1633 2794 2888 3002 3015 2246 2907 3309 2181 2559 2602 1663 2692 3162 2818 2398 2872 2616 2283 2197 7437 7541 5798 5748 5886 5831 7523 6939 7343 6218 6933 6004 7321 7478 7053 6824 6882 7041 7152 6124 6765 6677 6540 7129 7015 6650 6601 7128 7559 5857 5762 6051 5211 5389 5689 5271 5732 5201 6370 5887 6273 5871 5125 5357 5405 6077 5878 6535 6392 6484 6422 5945 5793 6021 6254 5730 1000000 1000000 1000000 1000000 1000000 0 1000000 1000000 1000000 1000000 1000000 1000000 1000000 1000000 1000000 1000000 1000000 1000000 1000000 1000000 
1000000 1000000 1000000 1000000 1000000 1000000 1000000 1000000 1000000 1000000 1000000 1000000 1000000 1000000 1000000 1000000 1000000 1000000 1000000 1000000 1732 7146 7123 5425 7454 2051 7285 3787 946 8435 4207 4766 8239 6217 2934 8339 9064 5488 6570 5320 5852 6754 5206 6499 6890 6033 5946 6231 5665 6642 5498 5693 6879 6123 5678 6845 5782 5098 6245 6946 5922 6260 6225 6830 3101 3897 4009 3945 3944 3946 3199 2426 4035 4134 3325 3933 2910 3747 4025 4210 4110 3253 3071 3340 2987 3543 2761 2744 2523 3776 4449 3390 3963 3459 2992 3704 3695 3481 3732 3490 3616 3883 3151 3128 3715 3179 3517 3565 3657 2869 3944 2564 2569 3547 3218 3073 3472 3673 3085 3983 1000000 1000000 1000000 1000000 1000000 1000000 0 1000000 1000000 1000000 1000000 1000000 1000000 1000000 1000000 1000000 1000000 1000000 1000000 1000000 
1000000 1000000 1000000 1000000 1000000 1000000 1000000 1000000 1000000 1000000 1000000 1000000 1000000 1000000 1000000 1000000 1000000 1000000 1000000 1000000 2827 8542 8488 5811 8748 2852 8031 5204 569 8765 5259 5895 8905 7634 4349 9601 9560 5817 6796 5792 6191 7122 5691 6867 7353 6353 6257 6460 6006 6994 5940 5933 7213 6493 6189 7310 6206 5613 6518 7226 6244 6584 6657 7167 4521 5317 5316 5243 5260 5255 4619 3812 5453 5489 4727 5263 4327 5167 5434 5609 5511 4660 4482 4661 4371 4930 4111 4152 3919 5163 5835 4801 5383 3329 3110 3424 3791 3575 3596 3644 3495 3915 2871 3106 3343 3144 3741 3641 3673 2857 3682 2417 2511 3121 2894 3043 3368 3412 2884 3770 1000000 1000000 1000000 1000000 1000000 1000000 1000000 0 1000000 1000000 1000000 1000000 1000000 1000000 1000000 1000000 1000000 1000000 1000000 1000000 
1000000 1000000 1000000 1000000 1000000 1000000 1000000 1000000 1000000 1000000 1000000 1000000 1000000 1000000 1000000 1000000 1000000 1000000 1000000 1000000 5283 1340 1892 7386 3028 5782 6806 2453 7139 9401 4431 4453 7781 121 3311 3904 9141 7608 8559 7036 7759 8153 6944 8004 7859 7919 7902 8347 7653 8145 7223 8005 8356 7789 7049 7827 7422 6798 8201 8599 7852 8030 7614 8317 3137 2346 3029 3130 3010 3055 3043 3909 2205 2584 2982 2922 3331 2492 2261 2164 2234 3026 3187 3406 3386 2862 3742 3523 3781 2649 2067 2871 2281 7831 7180 8240 7468 7391 7975 7264 7889 7690 7945 7488 8414 7531 7113 7463 7626 7375 8341 7477 7347 8407 8052 7483 7788 8187 7782 8265 1000000 1000000 1000000 1000000 1000000 1000000 1000000 1000000 0 1000000 1000000 1000000 1000000 1000000 1000000 1000000 1000000 1000000 1000000 1000000 
1000000 1000000 1000000 1000000 1000000 1000000 1000000 1000000 1000000 1000000 1000000 1000000 1000000 1000000 1000000 1000000 1000000 1000000 1000000 1000000 5671 3619 4226 8751 5358 6307 8736 2901 6919 11154 5820 2481 9764 2444 3539 6240 11076 8948 10009 8435 9172 9732 8327 9545 9526 9351 9313 9748 9035 9697 8638 9324 9929 9271 8545 9489 8880 8175 9635 10141 9267 9502 9155 9884 3287 2676 4272 4354 4206 4264 3157 4215 2764 3788 3515 4086 3516 2811 3024 3167 3148 3473 3515 4291 3902 3611 4298 3788 4065 3512 3319 3309 2625 8481 7824 8865 8286 8155 8683 8058 8579 8519 8451 8108 8991 8159 7947 8239 8395 7932 9024 7897 7802 8922 8552 8086 8454 8816 8310 8983 1000000 1000000 1000000 1000000 1000000 1000000 1000000 1000000 1000000 0 1000000 1000000 1000000 1000000 1000000 1000000 1000000 1000000 1000000 1000000 
1000000 1000000 1000000 1000000 1000000 1000000 1000000 1000000 1000000 1000000 1000000 1000000 1000000 1000000 1000000 1000000 1000000 1000000 1000000 1000000 4050 9014 8593 2403 8211 3378 5138 6758 4347 4661 4480 9228 5613 8685 6095 8723 5747 2235 2690 2666 2506 3295 2653 3090 3733 2571 2478 2419 2390 3152 2653 2056 3287 2811 3023 3703 2763 2710 2574 3175 2497 2755 3105 3254 6348 6974 5737 5636 5758 5711 6478 5433 6938 6192 6129 5851 6124 6829 6731 6703 6671 6160 6112 5441 5729 6093 5330 5850 5581 6250 6719 6327 7031 1333 1891 1143 1340 1482 1063 1569 1179 1107 1703 1681 1244 1628 1683 1395 1248 1931 885 2245 2223 1481 1673 1729 1324 1158 1726 814 1000000 1000000 1000000 1000000 1000000 1000000 1000000 1000000 1000000 1000000 0 1000000 1000000 1000000 1000000 1000000 1000000 1000000 1000000 1000000 
1000000 1000000 1000000 1000000 1000000 1000000 1000000 1000000 1000000 1000000 1000000 1000000 1000000 1000000 1000000 1000000 1000000 1000000 1000000 1000000 6076 4925 5522 9519 6637 6743 9781 3665 6919 12085 6685 1603 10826 3735 4088 7533 12105 9701 10798 9227 9957 10590 9113 10387 10432 10142 10094 10516 9806 10541 9434 10059 10781 10087 9382 10392 9691 8962 10422 10975 10050 10310 10004 10734 3841 3440 5167 5235 5089 5147 3718 4709 3600 4711 4206 4967 4047 3539 3887 4093 4046 4133 4114 5040 4533 4379 4902 4317 4567 4339 4308 3992 3407 8894 8256 9255 8792 8637 9121 8559 9010 9025 8790 8518 9351 8571 8472 8725 8872 8314 9440 8208 8137 9251 8884 8487 8877 9209 8666 9418 1000000 1000000 1000000 1000000 1000000 1000000 1000000 1000000 1000000 1000000 1000000 0 1000000 1000000 1000000 1000000 1000000 1000000 1000000 1000000 
1000000 1000000 1000000 1000000 1000000 1000000 1000000 1000000 1000000 1000000 1000000 1000000 1000000 1000000 1000000 1000000 1000000 1000000 1000000 1000000 6234 6118 5397 3588 4330 5961 850 6542 8256 3193 3897 10037 1080 6701 6608 4169 2446 3753 3753 3373 3519 3013 3420 3100 2487 3508 3584 3833 3608 3125 3346 3988 3150 3254 2981 2496 3226 3421 3628 3412 3552 3395 2937 3149 6753 6732 5038 5007 5131 5080 6822 6398 6514 5401 6227 5241 6671 6692 6227 5972 6045 6342 6481 5476 6130 5944 5971 6516 6449 5876 5715 6404 6740 6205 5969 6470 5537 5680 6088 5541 6106 5583 6689 6154 6705 6149 5369 5668 5751 6300 6340 6736 6579 6890 6759 6205 6138 6432 6550 6192 1000000 1000000 1000000 1000000 1000000 1000000 1000000 1000000 1000000 1000000 1000000 1000000 0 1000000 1000000 1000000 1000000 1000000 1000000 1000000 
1000000 1000000 1000000 1000000 1000000 1000000 1000000 1000000 1000000 1000000 1000000 1000000 1000000 1000000 1000000 1000000 1000000 1000000 1000000 1000000 5664 4953 5510 9178 6588 6335 9542 3365 6460 11793 6385 1197 10594 3725 3721 7506 11853 9354 10459 8893 9619 10274 8778 10066 10133 9805 9755 10172 9464 10221 9100 9707 10462 9759 9062 10093 9362 8627 10084 10650 9712 9979 9686 10415 3480 3145 4889 4951 4807 4864 3361 4324 3326 4449 3875 4685 3677 3231 3615 3841 3784 3794 3759 4715 4181 4069 4540 3943 4184 4048 4078 3662 3119 8476 7842 8832 8390 8231 8706 8156 8595 8622 8361 8100 8924 8153 8074 8319 8465 7892 9021 7776 7708 8820 8453 8067 8460 8787 8239 9002 1000000 1000000 1000000 1000000 1000000 1000000 1000000 1000000 1000000 1000000 1000000 1000000 1000000 0 1000000 1000000 1000000 1000000 1000000 1000000 
1000000 1000000 1000000 1000000 1000000 1000000 1000000 1000000 1000000 1000000 1000000 1000000 1000000 1000000 1000000 1000000 1000000 1000000 1000000 1000000 5024 5638 6097 8787 7073 5696 9489 3292 5491 11551 6182 207 10549 4375 3366 8028 11740 8942 10069 8532 9237 9964 8414 9740 9882 9427 9367 9763 9071 9896 8740 9270 10142 9410 8748 9839 9015 8267 9697 10306 9327 9617 9374 10094 3164 3110 4805 4846 4714 4767 3069 3850 3341 4434 3654 4599 3310 3141 3619 3891 3807 3548 3453 4477 3861 3911 4159 3542 3732 3958 4181 3457 3109 7764 7158 8095 7759 7582 8010 7525 7896 7985 7591 7392 8163 7446 7466 7671 7808 7166 8301 6996 6947 8036 7678 7353 7756 8053 7484 8299 1000000 1000000 1000000 1000000 1000000 1000000 1000000 1000000 1000000 1000000 1000000 1000000 1000000 1000000 0 1000000 1000000 1000000 1000000 1000000 
1000000 1000000 1000000 1000000 1000000 1000000 1000000 1000000 1000000 1000000 1000000 1000000 1000000 1000000 1000000 1000000 1000000 1000000 1000000 1000000 6128 783 333 7051 1215 6453 5730 3857 8265 8461 4423 6493 6566 1978 4609 1902 7949 7286 8048 6687 7339 7502 6623 7411 7107 7466 7475 7907 7279 7531 6839 7681 7703 7283 6578 7085 6971 6495 7729 7972 7425 7521 7044 7672 4522 3857 3563 3651 3602 3618 4473 5029 3634 3332 4161 3578 4651 3961 3529 3290 3400 4252 4451 4180 4469 3916 4710 4749 4940 3685 3018 4148 3808 8213 7614 8619 7716 7697 8293 7551 8229 7910 8449 7920 8826 7954 7373 7752 7910 7874 8660 8088 7935 8875 8555 7933 8158 8565 8277 8556 1000000 1000000 1000000 1000000 1000000 1000000 1000000 1000000 1000000 1000000 1000000 1000000 1000000 1000000 1000000 0 1000000 1000000 1000000 1000000 
1000000 1000000 1000000 1000000 1000000 1000000 1000000 1000000 1000000 1000000 1000000 1000000 1000000 1000000 1000000 1000000 1000000 1000000 1000000 1000000 5074 3035 2331 4772 1443 5151 3239 4056 7333 5966 2733 7444 4114 3640 4442 1873 5496 5006 5650 4416 5002 5060 4372 4991 4641 5108 5130 5545 4969 5100 4539 5387 5257 4904 4238 4621 4628 4264 5355 5531 5082 5135 4641 5230 4495 4192 2848 2877 2936 2910 4517 4527 3945 2992 3976 3002 4502 4206 3693 3403 3504 4096 4283 3492 4066 3665 4096 4453 4510 3507 3093 4089 4178 6447 5940 6828 5857 5893 6463 5738 6424 6015 6789 6224 7056 6246 5549 5929 6071 6247 6812 6563 6398 7156 6888 6251 6385 6776 6619 6687 1000000 1000000 1000000 1000000 1000000 1000000 1000000 1000000 1000000 1000000 1000000 1000000 1000000 1000000 1000000 1000000 0 1000000 1000000 1000000 
1000000 1000000 1000000 1000000 1000000 1000000 1000000 1000000 1000000 1000000 1000000 1000000 1000000 1000000 1000000 1000000 1000000 1000000 1000000 1000000 6302 8330 7667 2395 6762 5783 2183 7733 7787 697 4712 11061 1832 8621 7491 6794 1485 2377 1576 2492 2004 1073 2609 1327 977 1848 1947 1854 2188 1203 2309 2316 1002 1703 2169 1020 2024 2729 1731 1091 1956 1620 1584 1044 7701 7955 6226 6156 6302 6244 7804 7051 7790 6693 7243 6424 7547 7866 7506 7317 7354 7336 7411 6402 6997 7030 6704 7319 7153 7053 7145 7452 7985 5023 5090 5131 4441 4647 4809 4561 4876 4369 5543 5141 5331 5113 4453 4594 4600 5368 4921 5828 5708 5561 5575 5204 4967 5112 5458 4781 1000000 1000000 1000000 1000000 1000000 1000000 1000000 1000000 1000000 1000000 1000000 1000000 1000000 1000000 1000000 1000000 1000000 0 1000000 1000000 
1000000 1000000 1000000 1000000 1000000 1000000 1000000 1000000 1000000 1000000 1000000 1000000 1000000 1000000 1000000 1000000 1000000 1000000 1000000 1000000 1807 4160 4052 4614 4366 2291 5288 1321 3881 7284 1923 4477 6344 3440 910 5271 7487 4795 5895 4328 5054 5723 4213 5508 5615 5240 5190 5610 4901 5664 4535 5155 5907 5196 4507 5574 4799 4062 5519 6088 5147 5414 5133 5859 1112 1544 937 895 861 874 1219 757 1492 1054 709 837 969 1410 1298 1332 1271 774 823 281 413 655 341 783 752 848 1467 922 1597 4393 3733 4796 4111 4002 4562 3891 4468 4342 4466 4035 4956 4082 3763 4081 4241 3903 4921 3985 3857 4932 4572 4025 4356 4744 4307 4860 1000000 1000000 1000000 1000000 1000000 1000000 1000000 1000000 1000000 1000000 1000000 1000000 1000000 1000000 1000000 1000000 1000000 1000000 0 1000000 
1000000 1000000 1000000 1000000 1000000 1000000 1000000 1000000 1000000 1000000 1000000 1000000 1000000 1000000 1000000 1000000 1000000 1000000 1000000 1000000 404 5798 5688 4369 5923 1075 5863 2660 2262 7324 2651 4808 6860 5013 1837 6786 7801 4486 5616 4185 4820 5655 4065 5409 5699 5010 4935 5290 4639 5561 4383 4768 5808 5046 4489 5655 4671 3934 5258 5924 4902 5222 5085 5758 2074 2833 2491 2416 2437 2431 2200 1167 2894 2695 2076 2446 1844 2675 2796 2911 2829 2047 1917 1843 1669 2209 1337 1592 1311 2436 3093 2213 2899 3203 2567 3569 3139 2968 3430 2905 3320 3367 3131 2827 3679 2880 2845 3057 3198 2629 3749 2575 2481 3601 3231 2797 3185 3522 2995 3727 1000000 1000000 1000000 1000000 1000000 1000000 1000000 1000000 1000000 1000000 1000000 1000000 1000000 1000000 1000000 1000000 1000000 1000000 1000000 0 
1000000 1000000 1000000 1000000 1000000 1000000 1000000 1000000 1000000 1000000 1000000 1000000 1000000 1000000 1000000 1000000 1000000 1000000 1000000 1000000 0 5954 5796 3992 5950 675 5590 2940 2260 6962 2485 5211 6570 5235 2151 6783 7473 4102 5230 3820 4441 5288 3700 5040 5350 4630 4554 4902 4259 5191 4015 4378 5437 4675 4136 5306 4303 3574 4874 5546 4522 4845 4724 5387 2397 3127 2567 2483 2527 2511 2526 1469 3164 2835 2332 2555 2166 2970 3038 3123 3050 2319 2212 1963 1914 2422 1542 1901 1618 2639 3273 2489 3191 2826 2181 3200 2740 2571 3046 2506 2937 2969 2784 2450 3321 2502 2443 2660 2803 2263 3372 2248 2141 3255 2886 2423 2805 3152 2641 3345 3486 6552 5006 5898 764 6493 1732 2827 5283 5671 4050 6076 6234 5664 5024 6128 5074 6302 1807 404 
1000000 1000000 1000000 1000000 1000000 1000000 1000000 1000000 1000000 1000000 1000000 1000000 1000000 1000000 1000000 1000000 1000000 1000000 1000000 1000000 5954 0 741 7329 1931 6349 6259 3424 8000 8961 4539 5793 7148 1264 4235 2683 8530 7562 8398 6967 7651 7897 6892 7785 7535 7791 7791 8231 7574 7913 7133 7961 8101 7625 6901 7509 7291 6756 8062 8362 7741 7866 7407 8066 4113 3384 3443 3540 3461 3490 4045 4731 3185 3119 3821 3413 4269 3506 3135 2936 3038 3897 4086 3993 4173 3615 4464 4405 4626 3382 2712 3771 3328 8236 7613 8646 7786 7745 8341 7604 8269 7992 8428 7922 8843 7960 7435 7807 7968 7851 8711 8024 7878 8871 8535 7928 8186 8593 8258 8616 5849 1661 5761 1996 5204 7336 7146 8542 1340 3619 9014 4925 6118 4953 5638 783 3035 8330 4160 5798 
1000000 1000000 1000000 1000000 1000000 1000000 1000000 1000000 1000000 1000000 1000000 1000000 1000000 1000000 1000000 1000000 1000000 1000000 1000000 1000000 5796 741 0 6790 1198 6125 5568 3544 7933 8287 4119 6265 6435 1789 4286 2015 7818 7025 7811 6427 7089 7281 6359 7182 6899 7221 7226 7661 7023 7305 6583 7422 7483 7043 6331 6875 6723 6229 7486 7749 7177 7282 6811 7451 4204 3552 3232 3321 3270 3287 4158 4699 3325 3000 3836 3246 4329 3651 3212 2968 3079 3928 4127 3847 4139 3587 4378 4423 4611 3357 2692 3827 3504 7898 7296 8305 7409 7387 7982 7240 7917 7605 8129 7603 8511 7638 7064 7442 7600 7554 8350 7764 7611 8558 8235 7614 7845 8252 7957 8247 6125 1081 5092 1259 5033 6630 7123 8488 1892 4226 8593 5522 5397 5510 6097 333 2331 7667 4052 5688 
1000000 1000000 1000000 1000000 1000000 1000000 1000000 1000000 1000000 1000000 1000000 1000000 1000000 1000000 1000000 1000000 1000000 1000000 1000000 1000000 3992 7329 6790 0 6194 3429 2739 5881 5395 3010 2977 8987 3311 7286 5469 6567 3757 236 1285 364 453 1331 442 1075 1555 644 581 999 287 1217 255 632 1457 698 623 1514 412 589 911 1555 541 853 853 1407 5703 6109 4505 4416 4561 4504 5820 4937 5991 4996 5314 4678 5518 5994 5728 5601 5609 5388 5420 4487 4998 5161 4652 5265 5057 5241 5508 5529 6151 2758 2723 2955 2121 2311 2589 2206 2631 2101 3273 2811 3181 2791 2081 2271 2308 3019 2793 3481 3350 3387 3323 2872 2695 2924 3164 2644 7405 6965 2533 6108 3966 3101 5425 5811 7386 8751 2403 9519 3588 9178 8787 7051 4772 2395 4614 4369 
1000000 1000000 1000000 1000000 1000000 1000000 1000000 1000000 1000000 1000000 1000000 1000000 1000000 1000000 1000000 1000000 1000000 1000000 1000000 1000000 5950 1931 1198 6194 0 6156 4605 4204 8181 7346 3875 7252 5393 2916 4815 971 6773 6429 7093 5835 6437 6500 5785 6433 6073 6547 6567 6984 6399 6542 5965 6814 6696 6345 5672 6054 6064 5671 6796 6971 6518 6576 6083 6669 4792 4268 3446 3512 3511 3508 4774 5090 4021 3380 4339 3530 4867 4334 3839 3559 3672 4448 4650 4115 4556 4048 4706 4899 5033 3839 3244 4386 4233 7687 7135 8081 7133 7145 7730 6993 7681 7306 7984 7431 8302 7459 6807 7189 7339 7423 8089 7695 7534 8381 8087 7452 7628 8028 7812 7972 6888 772 4202 90 5196 5613 7454 8748 3028 5358 8211 6637 4330 6588 7073 1215 1443 6762 4366 5923 
1000000 1000000 1000000 1000000 1000000 1000000 1000000 1000000 1000000 1000000 1000000 1000000 1000000 1000000 1000000 1000000 1000000 1000000 1000000 1000000 675 6349 6125 3429 6156 0 5262 3518 2313 6428 2443 5882 6197 5724 2771 6935 7017 3519 4634 3292 3870 4746 3176 4494 4853 4057 3975 4301 3685 4641 3478 3770 4884 4122 3638 4808 3765 3061 4289 4975 3946 4277 4200 4834 3021 3717 2910 2816 2889 2861 3152 2092 3729 3252 2894 2941 2792 3563 3574 3622 3561 2898 2814 2388 2475 2938 2082 2521 2242 3138 3731 3069 3780 2175 1521 2561 2065 1898 2385 1831 2278 2295 2184 1802 2697 1853 1772 1987 2131 1636 2719 1696 1567 2654 2289 1781 2150 2511 2030 2685 4142 6803 4712 6096 1201 6094 2051 2852 5782 6307 3378 6743 5961 6335 5696 6453 5151 5783 2291 1075 
1000000 1000000 1000000 1000000 1000000 1000000 1000000 1000000 1000000 1000000 1000000 1000000 1000000 1000000 1000000 1000000 1000000 1000000 1000000 1000000 5590 6259 5568 2739 4605 5262 0 6223 7532 2742 3386 9695 1061 6689 6187 4612 2345 2904 2963 2530 2676 2233 2582 2293 1714 2674 2746 3016 2761 2333 2498 3145 2389 2419 2134 1716 2378 2590 2809 2662 2713 2572 2101 2381 6355 6427 4690 4645 4780 4725 6435 5904 6226 5100 5842 4897 6248 6369 5936 5702 5762 5953 6073 5048 5696 5579 5493 6068 5971 5542 5474 6034 6444 5376 5166 5633 4709 4859 5252 4723 5274 4748 5866 5339 5867 5332 4555 4843 4921 5494 5498 5937 5783 6055 5934 5392 5310 5596 5731 5349 8472 5330 641 4516 5193 1133 7285 8031 6806 8736 5138 9781 850 9542 9489 5730 3239 2183 5288 5863 
1000000 1000000 1000000 1000000 1000000 1000000 1000000 1000000 1000000 1000000 1000000 1000000 1000000 1000000 1000000 1000000 1000000 1000000 1000000 1000000 2940 3424 3544 5881 4204 3518 6223 0 4688 8429 3023 3496 7281 2431 860 5170 8509 6071 7152 5577 6311 6927 5466 6725 6771 6494 6450 6879 6166 6879 5783 6440 7118 6431 5720 6731 6036 5314 6776 7315 6405 6656 6341 7071 694 229 1536 1592 1450 1507 622 1494 249 1143 630 1331 879 153 371 662 555 622 748 1397 1044 721 1443 1083 1354 686 981 452 277 5668 5007 6066 5420 5302 5851 5196 5753 5652 5700 5303 6213 5352 5075 5383 5542 5152 6204 5184 5069 6171 5805 5288 5636 6014 5547 6151 2701 4546 5586 4192 2334 7333 3787 5204 2453 2901 6758 3665 6542 3365 3292 3857 4056 7733 1321 2660 
1000000 1000000 1000000 1000000 1000000 1000000 1000000 1000000 1000000 1000000 1000000 1000000 1000000 1000000 1000000 1000000 1000000 1000000 1000000 1000000 2260 8000 7933 5395 8181 2313 7532 4688 0 8377 4702 5627 8426 7115 3829 9033 9126 5418 6434 5352 5791 6717 5247 6461 6922 5960 5866 6095 5604 6594 5509 5561 6819 6085 5741 6879 5781 5161 6140 6849 5849 6190 6232 6772 4011 4810 4752 4678 4697 4691 4115 3270 4935 4934 4192 4702 3810 4657 4905 5071 4975 4130 3957 4099 3827 4385 3556 3624 3382 4619 5290 4275 4876 3055 2742 3211 3445 3225 3329 3275 3221 3592 2646 2786 3167 2830 3352 3298 3352 2527 3466 2123 2186 2965 2688 2725 3085 3191 2627 3536 3791 8753 7004 8133 2992 8296 946 569 7139 6919 4347 6919 8256 6460 5491 8265 7333 7787 3881 2262 
1000000 1000000 1000000 1000000 1000000 1000000 1000000 1000000 1000000 1000000 1000000 1000000 1000000 1000000 1000000 1000000 1000000 1000000 1000000 1000000 6962 8961 8287 3010 7346 6428 2742 8429 8377 0 5409 11755 2164 9287 8185 7321 1303 2962 2007 3144 2591 1683 3262 1937 1670 2419 2512 2329 2779 1794 2952 2838 1561 2313 2843 1712 2664 3390 2249 1546 2530 2188 2239 1609 8396 8651 6921 6851 6998 6939 8499 7741 8486 7387 7939 7120 8241 8562 8201 8010 8048 8032 8106 7098 7692 7726 7397 8012 7844 7749 7836 8149 8681 5535 5656 5606 4985 5197 5306 5122 5381 4892 6051 5683 5792 5652 5029 5138 5129 5920 5382 6375 6263 6028 6074 5746 5482 5592 5978 5247 10287 8070 3201 7257 6834 1866 8435 8765 9401 11154 4661 12085 3193 11793 11551 8461 5966 697 7284 7324 
1000000 1000000 1000000 1000000 1000000 1000000 1000000 1000000 1000000 1000000 1000000 1000000 1000000 1000000 1000000 1000000 1000000 1000000 1000000 1000000 2485 4539 4119 2977 3875 2443 3386 3023 4702 5409 0 6388 4435 4337 2831 4565 5565 3191 4204 2641 3376 3917 2540 3726 3749 3549 3519 3961 3253 3878 2838 3585 4112 3454 2726 3709 3067 2389 3833 4321 3471 3689 3337 4066 3020 3246 1549 1467 1615 1557 3114 2520 3093 2036 2539 1736 2891 3155 2814 2654 2675 2638 2732 1706 2335 2318 2108 2694 2586 2347 2537 2746 3279 3820 3260 4220 3297 3289 3881 3139 3823 3488 4110 3557 4436 3585 2958 3339 3494 3551 4246 3842 3678 4507 4213 3577 3762 4166 3938 4137 5088 4588 2752 3805 1904 4436 4207 5259 4431 5820 4480 6685 3897 6385 6182 4423 2733 4712 1923 2651 
1000000 1000000 1000000 1000000 1000000 1000000 1000000 1000000 1000000 1000000 1000000 1000000 1000000 1000000 1000000 1000000 1000000 1000000 1000000 1000000 5211 5793 6265 8987 7252 5882 9695 3496 5627 11755 6388 0 10755 4531 3571 8204 11946 9141 10269 8734 9437 10167 8615 9943 10086 9627 9567 9962 9271 10099 8941 9468 10345 9612 8951 10044 9217 8468 9897 10508 9527 9818 9577 10296 3369 3313 5010 5051 4919 4972 3275 4051 3543 4638 3860 4805 3515 3345 3822 4093 4009 3755 3659 4683 4067 4117 4363 3746 3933 4164 4380 3663 3311 7940 7337 8267 7943 7765 8188 7710 8073 8169 7760 7568 8332 7622 7653 7854 7989 7341 8476 7164 7117 8202 7845 7529 7932 8226 7655 8476 1853 7345 9055 7268 5032 10791 4766 5895 4453 2481 9228 1603 10037 1197 207 6493 7444 11061 4477 4808 
1000000 1000000 1000000 1000000 1000000 1000000 1000000 1000000 1000000 1000000 1000000 1000000 1000000 1000000 1000000 1000000 1000000 1000000 1000000 1000000 6570 7148 6435 3311 5393 6197 1061 7281 8426 2164 4435 10755 0 7662 7245 5247 1384 3420 3113 3197 3111 2386 3277 2546 1893 3045 3136 3274 3245 2520 3105 3558 2469 2803 2783 1919 2906 3326 3085 2694 3117 2876 2515 2483 7414 7484 5750 5705 5839 5785 7495 6951 7281 6156 6903 5956 7306 7428 6991 6754 6816 7013 7131 6106 6753 6639 6543 7123 7021 6601 6521 7094 7500 6058 5935 6265 5405 5577 5899 5455 5937 5405 6567 6072 6491 6058 5302 5548 5603 6254 6100 6709 6563 6698 6623 6129 5993 6234 6446 5951 9523 6076 1701 5307 6212 314 8239 8905 7781 9764 5613 10826 1080 10594 10549 6566 4114 1832 6344 6860 
1000000 1000000 1000000 1000000 1000000 1000000 1000000 1000000 1000000 1000000 1000000 1000000 1000000 1000000 1000000 1000000 1000000 1000000 1000000 1000000 5235 1264 1789 7286 2916 5724 6689 2431 7115 9287 4337 4531 7662 0 3287 3799 9023 7509 8455 6936 7657 8045 6845 7898 7748 7816 7800 8245 7552 8038 7121 7906 8248 7684 6945 7717 7319 6698 8098 8492 7750 7926 7507 8209 3119 2334 2949 3051 2933 2978 3029 3874 2182 2511 2945 2848 3308 2477 2223 2113 2187 2993 3159 3343 3345 2814 3695 3494 3748 2597 2001 2842 2270 7762 7112 8172 7392 7318 7903 7189 7818 7613 7882 7421 8348 7464 7037 7389 7551 7312 8270 7420 7288 8343 7990 7417 7719 8118 7719 8192 4647 2850 6123 2957 4530 7809 6217 7634 121 2444 8685 3735 6701 3725 4375 1978 3640 8621 3440 5013 
1000000 1000000 1000000 1000000 1000000 1000000 1000000 1000000 1000000 1000000 1000000 1000000 1000000 1000000 1000000 1000000 1000000 1000000 1000000 1000000 2151 4235 4286 5469 4815 2771 6187 860 3829 8185 2831 3571 7245 3287 0 5763 8396 5640 6753 5196 5914 6610 5079 6391 6516 6102 6048 6459 5755 6547 5404 5988 6792 6070 5393 6474 5673 4930 6378 6965 6006 6283 6019 6743 254 1005 1632 1635 1538 1578 384 682 1107 1468 479 1453 64 847 1100 1319 1210 367 165 1139 497 784 819 251 533 978 1602 465 1072 4943 4286 5331 4757 4620 5144 4527 5040 4990 4933 4572 5463 4622 4423 4704 4859 4402 5486 4396 4291 5405 5036 4551 4916 5281 4787 5444 2338 5237 5547 4791 1646 7260 2934 4349 3311 3539 6095 4088 6608 3721 3366 4609 4442 7491 910 1837 
1000000 1000000 1000000 1000000 1000000 1000000 1000000 1000000 1000000 1000000 1000000 1000000 1000000 1000000 1000000 1000000 1000000 1000000 1000000 1000000 6783 2683 2015 6567 971 6935 4612 5170 9033 7321 4565 8204 5247 3799 5763 0 6591 6797 7333 6219 6754 6684 6186 6654 6216 6841 6875 7267 6741 6745 6324 7165 6871 6619 6000 6204 6382 6088 7069 7150 6828 6839 6334 6850 5749 5238 4339 4397 4411 4402 5735 6008 4991 4314 5285 4440 5817 5302 4805 4522 4635 5397 5598 5011 5484 4990 5610 5837 5958 4786 4206 5341 5204 8318 7802 8699 7730 7765 8336 7610 8296 7887 8652 8088 8927 8112 7420 7801 7944 8104 8684 8407 8243 9025 8752 8115 8256 8648 8481 8559 7858 1063 4327 979 6041 5503 8339 9601 3904 6240 8723 7533 4169 7506 8028 1902 1873 6794 5271 6786 
1000000 1000000 1000000 1000000 1000000 1000000 1000000 1000000 1000000 1000000 1000000 1000000 1000000 1000000 1000000 1000000 1000000 1000000 1000000 1000000 7473 8530 7818 3757 6773 7017 2345 8509 9126 1303 5565 11946 1384 9023 8396 6591 0 3782 3060 3775 3416 2501 3881 2742 2207 3281 3381 3333 3591 2641 3621 3772 2469 3098 3393 2250 3356 3976 3198 2576 3382 3061 2906 2507 8582 8720 6974 6920 7060 7004 8672 8038 8528 7404 8088 7179 8455 8652 8238 8015 8070 8192 8295 7267 7899 7841 7653 8253 8122 7824 7799 8287 8741 6464 6479 6593 5859 6057 6261 5959 6322 5805 6984 6556 6798 6532 5837 6011 6030 6772 6389 7234 7105 7025 7022 6618 6405 6572 6890 6247 10618 7446 2954 6687 7218 1215 9064 9560 9141 11076 5747 12105 2446 11853 11740 7949 5496 1485 7487 7801 
1000000 1000000 1000000 1000000 1000000 1000000 1000000 1000000 1000000 1000000 1000000 1000000 1000000 1000000 1000000 1000000 1000000 1000000 1000000 1000000 4102 7562 7025 236 6429 3519 2904 6071 5418 2962 3191 9141 3420 7509 5640 6797 3782 0 1133 599 374 1305 671 1052 1604 546 458 821 192 1178 475 400 1403 684 827 1566 529 812 773 1460 434 775 915 1355 5876 6299 4712 4621 4766 4709 5994 5094 6186 5202 5497 4882 5687 6182 5925 5804 5810 5568 5595 4675 5174 5351 4821 5431 5217 5437 5717 5712 6343 2692 2713 2859 2077 2278 2505 2186 2556 2031 3211 2776 3080 2751 2077 2229 2251 2996 2683 3457 3333 3293 3254 2837 2631 2832 3112 2535 7539 7200 2731 6343 4113 3195 5488 5817 7608 8948 2235 9701 3753 9354 8942 7286 5006 2377 4795 4486 
1000000 1000000 1000000 1000000 1000000 1000000 1000000 1000000 1000000 1000000 1000000 1000000 1000000 1000000 1000000 1000000 1000000 1000000 1000000 1000000 5230 8398 7811 1285 7093 4634 2963 7152 6434 2007 4204 10269 3113 8455 6753 7333 3060 1133 0 1575 842 743 1687 686 1269 658 705 340 999 631 1371 879 647 775 1511 1258 1141 1839 376 486 748 533 1010 631 6986 7380 5747 5661 5807 5750 7102 6219 7255 6237 6592 5926 6802 7268 6987 6849 6862 6668 6703 5761 6281 6432 5936 6549 6341 6504 6739 6807 7421 3533 3694 3600 3005 3221 3300 3160 3378 2897 4046 3697 3788 3663 3086 3157 3137 3941 3378 4390 4286 4022 4068 3761 3481 3585 3978 3242 8671 7861 3035 7004 5243 2827 6570 6796 8559 10009 2690 10798 3753 10459 10069 8048 5650 1576 5895 5616 
1000000 1000000 1000000 1000000 1000000 1000000 1000000 1000000 1000000 1000000 1000000 1000000 1000000 1000000 1000000 1000000 1000000 1000000 1000000 1000000 3820 6967 6427 364 5835 3292 2530 5577 5352 3144 2641 8734 3197 6936 5196 6219 3775 599 1575 0 738 1471 121 1227 1575 918 880 1321 617 1382 209 996 1629 879 415 1531 489 267 1201 1775 833 1088 909 1579 5425 5805 4178 4090 4236 4179 5540 4685 5680 4668 5021 4354 5247 5694 5413 5278 5289 5099 5140 4188 4718 4857 4383 4999 4801 4929 5176 5236 5846 2870 2751 3107 2211 2381 2730 2259 2757 2227 3374 2876 3340 2862 2112 2353 2414 3063 2968 3522 3380 3533 3433 2934 2805 3071 3251 2820 7186 6605 2259 5748 3734 3014 5320 5792 7036 8435 2666 9227 3373 8893 8532 6687 4416 2492 4328 4185 
1000000 1000000 1000000 1000000 1000000 1000000 1000000 1000000 1000000 1000000 1000000 1000000 1000000 1000000 1000000 1000000 1000000 1000000 1000000 1000000 4441 7651 7089 453 6437 3870 2676 6311 5791 2591 3376 9437 3111 7657 5914 6754 3416 374 842 738 0 932 846 679 1258 192 144 589 188 804 539 469 1031 322 765 1222 374 999 466 1107 95 409 600 983 6146 6539 4915 4828 4974 4916 6262 5387 6416 5405 5751 5092 5964 6427 6150 6015 6026 5826 5863 4920 5441 5591 5098 5712 5507 5665 5912 5965 6581 3051 3086 3202 2445 2648 2856 2558 2911 2391 3571 3145 3417 3119 2450 2598 2614 3367 3016 3828 3705 3636 3611 3207 2991 3177 3475 2869 7858 7208 2577 6349 4418 2873 5852 6191 7759 9172 2506 9957 3519 9619 9237 7339 5002 2004 5054 4820 
1000000 1000000 1000000 1000000 1000000 1000000 1000000 1000000 1000000 1000000 1000000 1000000 1000000 1000000 1000000 1000000 1000000 1000000 1000000 1000000 5288 7897 7281 1331 6500 4746 2233 6927 6717 1683 3917 10167 2386 8045 6610 6684 2501 1305 743 1471 932 0 1591 257 527 783 883 895 1116 144 1274 1274 204 634 1217 519 985 1725 722 471 887 561 591 170 6831 7152 5462 5383 5531 5472 6941 6128 7007 5944 6400 5652 6663 7052 6730 6566 6591 6486 6543 5559 6123 6211 5806 6423 6238 6259 6426 6613 7188 3967 4018 4094 3373 3578 3761 3489 3823 3309 4487 4073 4301 4047 3381 3526 3537 4298 3894 4758 4637 4526 4523 4136 3909 4072 4397 3750 8649 7262 2361 6410 5193 2109 6754 7122 8153 9732 3295 10590 3013 10274 9964 7502 5060 1073 5723 5655 
1000000 1000000 1000000 1000000 1000000 1000000 1000000 1000000 1000000 1000000 1000000 1000000 1000000 1000000 1000000 1000000 1000000 1000000 1000000 1000000 3700 6892 6359 442 5785 3176 2582 5466 5247 3262 2540 8615 3277 6845 5079 6186 3881 671 1687 121 846 1591 0 1348 1686 1029 987 1424 714 1502 327 1071 1749 999 501 1642 609 153 1311 1894 941 1205 1026 1700 5309 5694 4074 3985 4131 4074 5424 4566 5571 4564 4907 4248 5130 5582 5304 5172 5182 4985 5024 4075 4602 4746 4266 4881 4683 4820 5073 5122 5735 2803 2662 3051 2140 2304 2671 2179 2695 2167 3302 2796 3286 2784 2026 2279 2347 2978 2921 3435 3291 3474 3365 2853 2737 3015 3176 2773 7066 6554 2284 5699 3614 3101 5206 5691 6944 8327 2653 9113 3420 8778 8414 6623 4372 2609 4213 4065 
1000000 1000000 1000000 1000000 1000000 1000000 1000000 1000000 1000000 1000000 1000000 1000000 1000000 1000000 1000000 1000000 1000000 1000000 1000000 1000000 5040 7785 7182 1075 6433 4494 2293 6725 6461 1937 3726 9943 2546 7898 6391 6654 2742 1052 686 1227 679 257 1348 0 654 541 641 739 862 157 1027 1048 404 377 1005 630 739 1486 541 599 641 336 393 354 6615 6952 5274 5193 5340 5282 6726 5899 6811 5758 6191 5461 6443 6849 6536 6379 6400 6275 6327 5351 5907 6008 5584 6201 6012 6061 6247 6405 6989 3723 3764 3859 3124 3327 3521 3237 3581 3064 4243 3823 4069 3797 3127 3276 3290 4046 3664 4507 4384 4292 4281 3885 3664 3836 4151 3519 8412 7200 2350 6344 4958 2283 6499 6867 8004 9545 3090 10387 3100 10066 9740 7411 4991 1327 5508 5409 
1000000 1000000 1000000 1000000 1000000 1000000 1000000 1000000 1000000 1000000 1000000 1000000 1000000 1000000 1000000 1000000 1000000 1000000 1000000 1000000 5350 7535 6899 1555 6073 4853 1714 6771 6922 1670 3749 10086 1893 7748 6516 6216 2207 1604 1269 1575 1258 527 1686 654 0 1164 1260 1387 1416 644 1415 1680 676 938 1217 45 1150 1793 1194 951 1247 985 702 668 6727 6994 5273 5201 5348 5290 6831 6075 6835 5746 6273 5470 6572 6903 6552 6370 6403 6365 6437 5432 6023 6065 5728 6343 6177 6093 6209 6483 7025 4295 4276 4458 3671 3864 4108 3761 4160 3634 4814 4364 4675 4342 3634 3822 3851 4574 4273 5036 4904 4893 4858 4425 4234 4432 4711 4127 8629 6829 1891 5983 5181 1633 6890 7353 7859 9526 3733 10432 2487 10133 9882 7107 4641 977 5615 5699 
1000000 1000000 1000000 1000000 1000000 1000000 1000000 1000000 1000000 1000000 1000000 1000000 1000000 1000000 1000000 1000000 1000000 1000000 1000000 1000000 4630 7791 7221 644 6547 4057 2674 6494 5960 2419 3549 9627 3045 7816 6102 6841 3281 546 658 918 192 783 1029 541 1164 0 100 442 373 647 714 516 861 255 891 1133 501 1181 285 919 112 231 573 814 6334 6722 5091 5004 5150 5093 6450 5577 6597 5580 5936 5269 6152 6611 6329 6192 6205 6012 6050 5104 5628 5774 5287 5901 5697 5846 6085 6151 6763 3185 3246 3318 2593 2799 2981 2715 3041 2527 3705 3293 3529 3266 2613 2746 2755 3521 3124 3980 3861 3752 3741 3356 3126 3295 3615 2979 8049 7318 2620 6459 4609 2794 6033 6353 7919 9351 2571 10142 3508 9805 9427 7466 5108 1848 5240 5010 
1000000 1000000 1000000 1000000 1000000 1000000 1000000 1000000 1000000 1000000 1000000 1000000 1000000 1000000 1000000 1000000 1000000 1000000 1000000 1000000 4554 7791 7226 581 6567 3975 2746 6450 5866 2512 3519 9567 3136 7800 6048 6875 3381 458 705 880 144 883 987 641 1260 100 0 446 298 746 682 422 957 337 899 1228 505 1139 331 1002 50 328 649 910 6281 6679 5057 4970 5116 5058 6397 5517 6557 5547 5888 5233 6097 6566 6291 6157 6168 5963 5998 5058 5576 5730 5232 5844 5637 5806 6054 6103 6720 3085 3149 3219 2494 2701 2881 2617 2941 2427 3605 3195 3429 3167 2518 2647 2655 3423 3024 3882 3763 3652 3641 3257 3026 3196 3515 2879 7980 7338 2674 6479 4545 2888 5946 6257 7902 9313 2478 10094 3584 9755 9367 7475 5130 1947 5190 4935 
1000000 1000000 1000000 1000000 1000000 1000000 1000000 1000000 1000000 1000000 1000000 1000000 1000000 1000000 1000000 1000000 1000000 1000000 1000000 1000000 4902 8231 7661 999 6984 4301 3016 6879 6095 2329 3961 9962 3274 8245 6459 7267 3333 821 340 1321 589 895 1424 739 1387 442 446 0 714 756 1126 539 869 649 1331 1367 941 1575 209 786 495 447 949 837 6695 7107 5497 5408 5554 5497 6812 5915 6989 5987 6311 5671 6507 6992 6725 6595 6604 6384 6413 5485 5991 6159 5641 6251 6038 6238 6496 6525 7150 3207 3356 3287 2669 2885 2979 2821 3053 2567 3723 3363 3481 3330 2747 2821 2805 3605 3071 4056 3950 3714 3747 3427 3154 3271 3651 2933 8352 7755 3016 6896 4933 3002 6231 6460 8347 9748 2419 10516 3833 10172 9763 7907 5545 1854 5610 5290 
1000000 1000000 1000000 1000000 1000000 1000000 1000000 1000000 1000000 1000000 1000000 1000000 1000000 1000000 1000000 1000000 1000000 1000000 1000000 1000000 4259 7574 7023 287 6399 3685 2761 6166 5604 2779 3253 9271 3245 7552 5755 6741 3591 192 999 617 188 1116 714 862 1416 373 298 714 0 990 442 425 1219 493 743 1379 389 865 627 1291 263 596 733 1171 5989 6395 4785 4697 4842 4785 6106 5221 6276 5276 5600 4959 5804 6280 6012 5883 5891 5674 5707 4773 5285 5446 4938 5550 5342 5525 5786 5815 6437 2881 2903 3044 2268 2469 2692 2376 2745 2221 3401 2967 3262 2942 2266 2421 2441 3187 2864 3648 3524 3478 3443 3029 2821 3017 3302 2717 7683 7170 2619 6311 4247 3015 5665 6006 7653 9035 2390 9806 3608 9464 9071 7279 4969 2188 4901 4639 
1000000 1000000 1000000 1000000 1000000 1000000 1000000 1000000 1000000 1000000 1000000 1000000 1000000 1000000 1000000 1000000 1000000 1000000 1000000 1000000 5191 7913 7305 1217 6542 4641 2333 6879 6594 1794 3878 10099 2520 8038 6547 6745 2641 1178 631 1382 804 144 1502 157 644 647 746 756 990 0 1180 1133 248 520 1160 630 893 1641 579 454 754 421 542 198 6771 7106 5425 5345 5492 5434 6881 6055 6965 5910 6346 5613 6599 7003 6689 6530 6552 6430 6483 5506 6063 6163 5740 6357 6168 6215 6396 6560 7143 3829 3888 3953 3239 3445 3621 3359 3684 3172 4349 3940 4159 3912 3254 3392 3401 4166 3752 4626 4505 4385 4384 4002 3771 3932 4260 3608 8567 7307 2429 6452 5113 2246 6642 6994 8145 9697 3152 10541 3125 10221 9896 7531 5100 1203 5664 5561 
1000000 1000000 1000000 1000000 1000000 1000000 1000000 1000000 1000000 1000000 1000000 1000000 1000000 1000000 1000000 1000000 1000000 1000000 1000000 1000000 4015 7133 6583 255 5965 3478 2498 5783 5509 2952 2838 8941 3105 7121 5404 6324 3621 475 1371 209 539 1274 327 1027 1415 714 682 1126 442 1180 0 849 1427 673 371 1372 289 475 998 1568 634 880 729 1377 5633 6011 4378 4291 4438 4380 5748 4893 5885 4868 5229 4556 5455 5901 5617 5479 5492 5307 5348 4395 4926 5063 4591 5207 5009 5133 5374 5443 6051 2953 2875 3168 2304 2484 2797 2371 2833 2301 3464 2983 3397 2966 2233 2450 2500 3181 3016 3641 3505 3598 3519 3042 2889 3135 3348 2867 7391 6736 2278 5879 3940 2907 5498 5940 7223 8638 2653 9434 3346 9100 8740 6839 4539 2309 4535 4383 
