NAME : P113122
TYPE : ATSP
DIMENSION : 140
EDGE_WEIGHT_TYPE : EXPLICIT
EDGE_WEIGHT_FORMAT : FULL_MATRIX
EDGE_WEIGHT_SECTION
1000000 1000000 1000000 1000000 1000000 1000000 1000000 1000000 1000000 1000000 1000000 1000000 1000000 1000000 1000000 1000000 1000000 1000000 1000000 1000000 8638 6971 3656 9387 8523 3588 4776 7191 9701 8379 5031 5991 1289 5829 10295 5766 10633 10511 10865 10473 10463 10700 10083 10595 10752 10901 10459 10250 10105 10279 10718 9994 10030 9973 7979 7969 7738 7820 7748 7653 8174 8394 7928 8223 7871 8224 8285 7326 7900 8139 7798 7296 7543 7425 7013 6838 7107 7376 7267 6694 7184 7245 6941 7057 6687 3520 3823 4114 4482 3660 4553 3871 3709 4332 4624 3781 3351 3354 4220 3401 3736 4110 7359 7058 6825 7451 7461 7198 7653 7181 6569 7569 6797 6731 6980 6752 6450 7501 6865 7188 0 1000000 1000000 1000000 1000000 1000000 1000000 1000000 1000000 1000000 1000000 1000000 1000000 1000000 1000000 1000000 1000000 1000000 1000000 1000000 
1000000 1000000 1000000 1000000 1000000 1000000 1000000 1000000 1000000 1000000 1000000 1000000 1000000 1000000 1000000 1000000 1000000 1000000 1000000 1000000 8870 8441 8842 9001 1748 7313 6945 4860 7474 4730 7577 1121 7890 1605 5888 1477 8127 8000 8318 8305 8367 7959 7865 7840 8168 8412 7986 7784 7708 8485 8568 8024 8151 7247 11238 11307 10473 10672 11024 10481 10870 11272 10893 11138 11241 11436 11522 10449 11261 11168 11180 3527 4020 4286 4238 4501 4439 3932 3547 4205 3721 3895 4078 3885 4334 3592 3287 3055 2631 3513 2819 3556 3449 2791 2592 3338 3762 3908 2901 3814 3607 3085 7428 7525 6646 8171 7271 8023 7522 7832 7106 7743 7199 6607 7865 6803 7179 7300 7086 8067 1000000 0 1000000 1000000 1000000 1000000 1000000 1000000 1000000 1000000 1000000 1000000 1000000 1000000 1000000 1000000 1000000 1000000 1000000 1000000 
1000000 1000000 1000000 1000000 1000000 1000000 1000000 1000000 1000000 1000000 1000000 1000000 1000000 1000000 1000000 1000000 1000000 1000000 1000000 1000000 6619 6310 7442 6740 2361 5780 5099 2601 5311 2684 5712 2091 7088 3036 4245 2725 6036 5905 6241 6164 6217 5906 5716 5785 6092 6328 5883 5671 5581 6300 6432 5846 5966 5159 9223 9303 8411 8618 9021 8433 8786 9199 8847 9075 9245 9407 9493 8448 9262 9121 9188 1351 1851 2068 1980 2241 2182 1733 1361 1947 1500 1674 1819 1638 2078 3449 3289 2770 2875 3138 2189 2788 3123 2745 2299 3409 3577 3333 2843 3320 2939 2729 5201 5330 4434 5970 5032 5839 5280 5640 4944 5513 5015 4404 5696 4605 5036 5060 4889 5886 1000000 1000000 0 1000000 1000000 1000000 1000000 1000000 1000000 1000000 1000000 1000000 1000000 1000000 1000000 1000000 1000000 1000000 1000000 1000000 
1000000 1000000 1000000 1000000 1000000 1000000 1000000 1000000 1000000 1000000 1000000 1000000 1000000 1000000 1000000 1000000 1000000 1000000 1000000 1000000 508 1779 6061 1061 8102 4920 3574 3577 2731 4423 3489 7902 7731 8719 5381 8403 3392 3337 3557 2990 2919 3658 2852 3621 3530 3524 3274 3173 3044 2552 3117 2566 2494 3353 4383 4502 3471 3681 4291 3571 3627 4030 3904 3987 4501 4449 4523 3874 4501 4116 4481 5020 4618 4276 4184 3879 3999 4630 4987 4166 4775 4616 4333 4563 4034 7470 7602 7121 7719 7076 6672 6482 7140 7385 7045 7728 7453 6821 7398 6943 6635 7030 1071 1278 1845 984 1128 1212 869 1167 1793 788 1576 1917 1403 1782 1889 1093 1564 1245 1000000 1000000 1000000 0 1000000 1000000 1000000 1000000 1000000 1000000 1000000 1000000 1000000 1000000 1000000 1000000 1000000 1000000 1000000 1000000 
1000000 1000000 1000000 1000000 1000000 1000000 1000000 1000000 1000000 1000000 1000000 1000000 1000000 1000000 1000000 1000000 1000000 1000000 1000000 1000000 7004 7099 8850 6914 1664 7158 6295 2989 5015 2250 6870 3181 8657 4079 3140 3817 5546 5426 5717 5787 5861 5340 5370 5226 5568 5817 5421 5236 5182 6044 6035 5579 5718 4682 10135 10227 9269 9486 9953 9311 9603 10026 9721 9920 10180 10295 10381 9392 10194 9989 10131 1597 1902 2253 2462 2826 2602 1923 1637 2636 1857 1976 2358 2098 2760 5001 4813 4322 4325 4712 3764 4383 4691 4253 3827 4923 5138 4925 4359 4907 4532 4289 5771 6001 5101 6601 5550 6523 5766 6308 5722 6055 5734 5099 6424 5307 5853 5568 5578 6578 1000000 1000000 1000000 1000000 0 1000000 1000000 1000000 1000000 1000000 1000000 1000000 1000000 1000000 1000000 1000000 1000000 1000000 1000000 1000000 
1000000 1000000 1000000 1000000 1000000 1000000 1000000 1000000 1000000 1000000 1000000 1000000 1000000 1000000 1000000 1000000 1000000 1000000 1000000 1000000 4050 4119 6631 4106 4565 4961 3771 40 2878 1390 4241 4612 7182 5514 3221 5192 3732 3599 3960 3746 3780 3697 3297 3579 3821 4027 3562 3341 3220 3786 4019 3359 3460 2924 7183 7281 6297 6516 7012 6348 6614 7038 6754 6939 7241 7331 7416 6465 7253 7017 7195 1477 1116 763 660 479 461 1097 1444 771 1231 1072 820 1026 681 4980 4982 4425 4859 4574 3845 3998 4608 4586 4157 5118 5034 4509 4640 4581 4181 4344 2759 2997 2108 3589 2541 3518 2765 3301 2762 3046 2747 2116 3430 2322 2911 2561 2583 3574 1000000 1000000 1000000 1000000 1000000 0 1000000 1000000 1000000 1000000 1000000 1000000 1000000 1000000 1000000 1000000 1000000 1000000 1000000 1000000 
1000000 1000000 1000000 1000000 1000000 1000000 1000000 1000000 1000000 1000000 1000000 1000000 1000000 1000000 1000000 1000000 1000000 1000000 1000000 1000000 7631 7743 9411 7517 1165 7727 6905 3631 5548 2821 7487 3233 9113 4065 3431 3837 6023 5908 6182 6291 6370 5797 5887 5686 6035 6285 5908 5732 5689 6575 6532 6112 6254 5175 10777 10868 9912 10128 10593 9953 10246 10669 10364 10563 10821 10938 11023 10032 10835 10632 10771 2238 2541 2893 3105 3469 3245 2566 2278 3274 2499 2620 2999 2740 3399 5287 5069 4616 4528 5033 4097 4763 5003 4504 4106 5170 5434 5286 4615 5254 4899 4595 6412 6644 5744 7243 6189 7166 6403 6951 6365 6695 6377 5742 7067 5950 6495 6206 6221 7221 1000000 1000000 1000000 1000000 1000000 1000000 0 1000000 1000000 1000000 1000000 1000000 1000000 1000000 1000000 1000000 1000000 1000000 1000000 1000000 
1000000 1000000 1000000 1000000 1000000 1000000 1000000 1000000 1000000 1000000 1000000 1000000 1000000 1000000 1000000 1000000 1000000 1000000 1000000 1000000 6109 4817 3969 6700 5872 2509 2662 3946 6585 5125 3230 3847 3442 4197 7043 3972 7509 7382 7742 7399 7402 7544 6985 7434 7620 7788 7334 7118 6979 7270 7657 6937 6992 6796 6949 6990 6364 6523 6715 6331 6807 7150 6708 6991 6907 7178 7258 6167 6932 6973 6838 4094 4303 4171 3759 3584 3851 4139 4062 3439 3960 4009 3690 3818 3431 2041 2297 2068 2744 1755 2067 1379 1839 2407 2366 2384 1956 1347 2348 1491 1409 1993 4642 4456 3954 5002 4666 4765 4900 4671 3926 4915 4133 3865 4546 3949 3871 4707 4141 4778 1000000 1000000 1000000 1000000 1000000 1000000 1000000 0 1000000 1000000 1000000 1000000 1000000 1000000 1000000 1000000 1000000 1000000 1000000 1000000 
1000000 1000000 1000000 1000000 1000000 1000000 1000000 1000000 1000000 1000000 1000000 1000000 1000000 1000000 1000000 1000000 1000000 1000000 1000000 1000000 8812 7061 3269 9611 9418 3655 4982 7787 10146 9035 5123 6922 860 6785 10954 6716 11077 10960 11306 10882 10864 11170 10513 11069 11201 11334 10905 10703 10555 10651 11117 10398 10420 10466 7687 7663 7554 7610 7464 7457 7974 8151 7692 7981 7563 7929 7982 7094 7593 7881 7492 8024 8233 8086 7669 7462 7744 8069 7992 7346 7892 7939 7610 7748 7325 4451 4761 5022 5421 4564 5428 4721 4618 5256 5525 4724 4281 4229 5144 4290 4599 5011 7638 7302 7183 7626 7769 7375 7939 7386 6844 7818 7072 7089 7165 7084 6706 7808 7162 7358 1000000 1000000 1000000 1000000 1000000 1000000 1000000 1000000 0 1000000 1000000 1000000 1000000 1000000 1000000 1000000 1000000 1000000 1000000 1000000 
1000000 1000000 1000000 1000000 1000000 1000000 1000000 1000000 1000000 1000000 1000000 1000000 1000000 1000000 1000000 1000000 1000000 1000000 1000000 1000000 8775 7355 5061 9393 6837 4339 5102 6421 9205 7400 5553 4202 3093 3921 9259 3893 10117 9987 10349 10040 10050 10123 9615 10009 10220 10403 9942 9723 9589 9939 10303 9589 9651 9359 9012 9026 8592 8716 8774 8532 9041 9329 8866 9161 8933 9254 9325 8279 8961 9108 8860 6159 6502 6468 6093 6011 6230 6333 6138 5798 6108 6207 5984 6037 5828 1830 2070 2504 2690 2115 3063 2553 2131 2628 3011 1990 1685 1996 2515 1967 2376 2532 7331 7124 6654 7639 7363 7394 7594 7319 6597 7597 6810 6564 7173 6645 6526 7405 6828 7401 1000000 1000000 1000000 1000000 1000000 1000000 1000000 1000000 1000000 0 1000000 1000000 1000000 1000000 1000000 1000000 1000000 1000000 1000000 1000000 
1000000 1000000 1000000 1000000 1000000 1000000 1000000 1000000 1000000 1000000 1000000 1000000 1000000 1000000 1000000 1000000 1000000 1000000 1000000 1000000 3052 4232 8010 2542 6363 6526 5134 2554 364 2456 5354 7023 9124 7951 2755 7631 1259 1133 1493 1234 1274 1323 783 1225 1371 1543 1085 869 730 1359 1507 897 1027 703 7079 7197 6161 6375 6977 6256 6330 6732 6601 6690 7191 7150 7225 6531 7192 6818 7167 3616 3116 2893 3082 2993 2887 3223 3602 3277 3457 3285 3239 3351 3195 7473 7490 6935 7371 7065 6359 6478 7104 7101 6671 7626 7518 6966 7154 7049 6659 6853 2756 3182 2798 3416 2502 3525 2509 3344 3375 2823 3194 2883 3596 2968 3559 2481 3032 3583 1000000 1000000 1000000 1000000 1000000 1000000 1000000 1000000 1000000 1000000 0 1000000 1000000 1000000 1000000 1000000 1000000 1000000 1000000 1000000 
1000000 1000000 1000000 1000000 1000000 1000000 1000000 1000000 1000000 1000000 1000000 1000000 1000000 1000000 1000000 1000000 1000000 1000000 1000000 1000000 4802 6090 9787 4134 6195 8242 6880 3679 1781 2804 7153 7536 10720 8482 1692 8179 1421 1382 1445 1875 1978 1088 1747 1043 1343 1550 1427 1418 1513 2367 1985 2075 2202 1167 8892 9012 7981 8191 8801 8081 8124 8515 8413 8484 9011 8950 9023 8371 9011 8619 8991 4163 3707 3651 3997 4073 3850 3865 4167 4283 4113 3974 4119 4115 4252 8510 8462 7898 8213 8117 7290 7571 8140 7997 7543 8596 8585 8105 8070 8164 7755 7828 4612 5036 4579 5271 4354 5385 4368 5204 5197 4683 5029 4657 5455 4767 5383 4335 4861 5442 1000000 1000000 1000000 1000000 1000000 1000000 1000000 1000000 1000000 1000000 1000000 0 1000000 1000000 1000000 1000000 1000000 1000000 1000000 1000000 
1000000 1000000 1000000 1000000 1000000 1000000 1000000 1000000 1000000 1000000 1000000 1000000 1000000 1000000 1000000 1000000 1000000 1000000 1000000 1000000 6906 5954 5649 7324 4325 4168 4050 3729 6630 4545 4670 2165 4830 2599 6370 2342 7498 7365 7726 7493 7519 7459 7049 7340 7588 7792 7328 7106 6984 7479 7765 7079 7165 6684 8417 8470 7751 7929 8190 7734 8180 8551 8131 8401 8394 8635 8718 7625 8417 8403 8327 3265 3635 3641 3301 3294 3464 3467 3246 3038 3233 3346 3173 3187 3096 1221 1224 691 1300 830 385 411 850 954 722 1360 1298 945 961 943 551 601 5378 5315 4594 5935 5319 5728 5576 5584 4805 5686 4970 4522 5528 4669 4810 5358 4920 5756 1000000 1000000 1000000 1000000 1000000 1000000 1000000 1000000 1000000 1000000 1000000 1000000 0 1000000 1000000 1000000 1000000 1000000 1000000 1000000 
1000000 1000000 1000000 1000000 1000000 1000000 1000000 1000000 1000000 1000000 1000000 1000000 1000000 1000000 1000000 1000000 1000000 1000000 1000000 1000000 7541 6865 7008 7816 3022 5484 5191 3822 6696 4216 5823 910 6161 1679 5835 1359 7483 7350 7698 7564 7607 7383 7112 7261 7552 7779 7322 7105 7002 7641 7836 7204 7312 6619 9533 9596 8808 8999 9313 8806 9221 9611 9212 9469 9525 9741 9825 8741 9546 9487 9462 2857 3331 3470 3254 3396 3452 3186 2855 3094 2937 3095 3095 2997 3199 2049 1819 1396 1309 1842 1008 1753 1798 1254 881 1920 2203 2176 1365 2108 1831 1393 6036 6061 5235 6704 5921 6528 6180 6355 5594 6353 5720 5181 6349 5359 5638 5956 5633 6565 1000000 1000000 1000000 1000000 1000000 1000000 1000000 1000000 1000000 1000000 1000000 1000000 1000000 0 1000000 1000000 1000000 1000000 1000000 1000000 
1000000 1000000 1000000 1000000 1000000 1000000 1000000 1000000 1000000 1000000 1000000 1000000 1000000 1000000 1000000 1000000 1000000 1000000 1000000 1000000 7213 5837 4183 7824 6228 3068 3608 4989 7697 6081 4109 3851 2941 3938 7983 3786 8617 8489 8850 8520 8525 8642 8101 8529 8725 8899 8442 8225 8088 8400 8780 8061 8118 7886 7715 7742 7215 7356 7478 7167 7663 7978 7523 7814 7654 7952 8028 6954 7680 7777 7582 4938 5216 5130 4731 4601 4846 5047 4911 4420 4843 4917 4642 4734 4431 1508 1834 1906 2453 1454 2229 1509 1526 2198 2375 1861 1355 1053 2099 1146 1397 1873 5763 5560 5087 6085 5795 5842 6025 5761 5032 6029 5243 4997 5622 5076 4965 5836 5260 5851 1000000 1000000 1000000 1000000 1000000 1000000 1000000 1000000 1000000 1000000 1000000 1000000 1000000 1000000 0 1000000 1000000 1000000 1000000 1000000 
1000000 1000000 1000000 1000000 1000000 1000000 1000000 1000000 1000000 1000000 1000000 1000000 1000000 1000000 1000000 1000000 1000000 1000000 1000000 1000000 3826 2080 2592 4654 8011 1340 555 4241 5643 5628 141 6628 4155 7162 7346 6899 6527 6430 6740 6239 6199 6697 5942 6617 6663 6743 6368 6195 6046 5917 6438 5755 5743 6110 3861 3910 3262 3418 3631 3225 3707 4045 3604 3886 3832 4084 4166 3072 3855 3870 3765 5286 5185 4880 4516 4164 4459 5078 5245 4259 5044 4979 4566 4811 4156 5147 5396 5103 5787 4846 4925 4383 4928 5437 5286 5488 5059 4451 5396 4595 4461 5019 2812 2419 2631 2647 3007 2400 3115 2441 2067 2924 2275 2552 2200 2452 1893 3040 2414 2377 1000000 1000000 1000000 1000000 1000000 1000000 1000000 1000000 1000000 1000000 1000000 1000000 1000000 1000000 1000000 0 1000000 1000000 1000000 1000000 
1000000 1000000 1000000 1000000 1000000 1000000 1000000 1000000 1000000 1000000 1000000 1000000 1000000 1000000 1000000 1000000 1000000 1000000 1000000 1000000 8552 8047 8339 8725 2088 6821 6488 4601 7308 4611 7120 630 7383 1313 5911 1107 8002 7873 8201 8153 8210 7852 7708 7731 8051 8291 7854 7647 7563 8305 8420 7849 7971 7122 10802 10869 10051 10247 10586 10056 10454 10852 10466 10715 10802 11004 11089 10012 10822 10742 10740 3340 3840 4078 3984 4220 4188 3735 3354 3917 3509 3683 3822 3649 4042 3097 2798 2548 2148 3007 2312 3047 2944 2291 2082 2855 3266 3399 2401 3306 3097 2577 7087 7163 6297 7810 6942 7653 7196 7467 6728 7404 6832 6253 7488 6444 6793 6973 6726 7695 1000000 1000000 1000000 1000000 1000000 1000000 1000000 1000000 1000000 1000000 1000000 1000000 1000000 1000000 1000000 1000000 0 1000000 1000000 1000000 
1000000 1000000 1000000 1000000 1000000 1000000 1000000 1000000 1000000 1000000 1000000 1000000 1000000 1000000 1000000 1000000 1000000 1000000 1000000 1000000 5804 5536 6978 5932 3040 5286 4469 1801 4591 2122 5064 2797 6879 3721 3885 3401 5360 5227 5574 5454 5502 5257 5003 5135 5427 5655 5201 4985 4885 5559 5726 5113 5226 4494 8488 8571 7659 7869 8291 7686 8025 8441 8100 8321 8516 8665 8751 7721 8533 8373 8462 783 1215 1347 1187 1428 1391 1064 769 1132 814 969 1024 881 1263 3674 3581 3024 3292 3309 2412 2842 3315 3088 2631 3712 3774 3402 3168 3424 3015 2963 4393 4532 3632 5169 4219 5044 4466 4842 4161 4703 4222 3605 4908 3808 4262 4247 4092 5093 1000000 1000000 1000000 1000000 1000000 1000000 1000000 1000000 1000000 1000000 1000000 1000000 1000000 1000000 1000000 1000000 1000000 0 1000000 1000000 
1000000 1000000 1000000 1000000 1000000 1000000 1000000 1000000 1000000 1000000 1000000 1000000 1000000 1000000 1000000 1000000 1000000 1000000 1000000 1000000 908 2608 6895 415 8155 5726 4358 3729 2169 4326 4309 8226 8527 9083 4992 8762 2687 2651 2828 2253 2172 2981 2194 2962 2821 2782 2591 2526 2415 1781 2346 1881 1783 2807 5026 5148 4136 4336 4958 4247 4232 4611 4546 4591 5157 5063 5131 4586 5154 4734 5144 5130 4683 4363 4351 4092 4153 4725 5102 4394 4903 4733 4510 4715 4270 8014 8121 7616 8182 7612 7129 7011 7671 7860 7492 8251 8012 7390 7883 7504 7173 7526 1732 2038 2393 1820 1675 2044 1450 1979 2517 1523 2289 2480 2226 2395 2639 1634 2233 2080 1000000 1000000 1000000 1000000 1000000 1000000 1000000 1000000 1000000 1000000 1000000 1000000 1000000 1000000 1000000 1000000 1000000 1000000 0 1000000 
1000000 1000000 1000000 1000000 1000000 1000000 1000000 1000000 1000000 1000000 1000000 1000000 1000000 1000000 1000000 1000000 1000000 1000000 1000000 1000000 8539 7617 6913 8915 4080 5602 5667 5096 8006 5621 6274 1399 5588 1177 7264 1073 8826 8692 9046 8876 8913 8744 8425 8623 8901 9122 8661 8442 8331 8916 9149 8494 8593 7974 10021 10069 9383 9555 9791 9361 9816 10180 9752 10027 9989 10244 10326 9232 10013 10022 9921 4262 4722 4830 4570 4659 4760 4570 4257 4368 4320 4471 4419 4354 4456 1263 935 1059 375 1383 1391 1779 1299 728 1020 934 1427 1823 767 1687 1709 1143 7012 6966 6219 7591 6938 7388 7196 7240 6462 7323 6621 6152 7189 6307 6471 6975 6564 7416 1000000 1000000 1000000 1000000 1000000 1000000 1000000 1000000 1000000 1000000 1000000 1000000 1000000 1000000 1000000 1000000 1000000 1000000 1000000 0 
1000000 1000000 1000000 1000000 1000000 1000000 1000000 1000000 1000000 1000000 1000000 1000000 1000000 1000000 1000000 1000000 1000000 1000000 1000000 1000000 0 1848 6191 916 8605 5161 3863 4083 3030 4900 3703 8401 7979 9212 5775 8896 3594 3555 3735 3161 3080 3884 3091 3861 3728 3690 3494 3421 3303 2685 3249 2782 2689 3665 4119 4241 3228 3428 4050 3340 3331 3716 3640 3691 4249 4161 4231 3682 4247 3831 4237 5525 5119 4779 4691 4387 4505 5134 5493 4674 5281 5121 4840 5070 4542 7917 8058 7586 8192 7527 7148 6937 7593 7855 7523 8182 7895 7260 7865 7384 7086 7494 1528 1654 2322 1189 1620 1442 1362 1468 2184 1221 1981 2388 1658 2238 2251 1586 1998 1455 8638 8870 6619 508 7004 4050 7631 6109 8812 8775 3052 4802 6906 7541 7213 3826 8552 5804 908 8539 
1000000 1000000 1000000 1000000 1000000 1000000 1000000 1000000 1000000 1000000 1000000 1000000 1000000 1000000 1000000 1000000 1000000 1000000 1000000 1000000 1848 0 4344 2745 8547 3413 2262 4138 4346 5332 1946 7769 6214 8465 6682 8168 5105 5035 5286 4731 4667 5344 4539 5292 5244 5263 4972 4844 4704 4316 4876 4281 4227 4926 3074 3176 2179 2398 2916 2233 2505 2927 2636 2822 3144 3213 3298 2395 3153 2898 3104 5509 5227 4877 4639 4277 4501 5182 5470 4497 5248 5124 4752 5009 4366 6789 6986 6589 7249 6433 6262 5885 6508 6897 6642 7097 6734 6097 6882 6234 6006 6498 1536 1165 2013 835 1807 711 1733 912 1383 1410 1373 2005 707 1799 1275 1814 1541 652 6971 8441 6310 1779 7099 4119 7743 4817 7061 7355 4232 6090 5954 6865 5837 2080 8047 5536 2608 7617 
1000000 1000000 1000000 1000000 1000000 1000000 1000000 1000000 1000000 1000000 1000000 1000000 1000000 1000000 1000000 1000000 1000000 1000000 1000000 1000000 6191 4344 0 7077 9749 1703 2920 6622 8234 8014 2666 7807 2457 8065 9820 7875 9114 9019 9325 8817 8773 9288 8529 9208 9251 9326 8957 8786 8636 8476 9009 8335 8317 8698 4421 4395 4352 4386 4201 4245 4754 4902 4449 4733 4295 4662 4714 3858 4325 4625 4224 7427 7436 7173 6773 6455 6761 7304 7388 6476 7215 7188 6785 7003 6398 5678 5997 5942 6573 5540 6032 5317 5622 6271 6309 6037 5533 5100 6190 5230 5304 5882 5379 4969 5216 5078 5587 4853 5677 4939 4655 5455 4857 5135 4681 5043 4477 5618 5002 4816 3656 8842 7442 6061 8850 6631 9411 3969 3269 5061 8010 9787 5649 7008 4183 2592 8339 6978 6895 6913 
1000000 1000000 1000000 1000000 1000000 1000000 1000000 1000000 1000000 1000000 1000000 1000000 1000000 1000000 1000000 1000000 1000000 1000000 1000000 1000000 916 2745 7077 0 8557 5977 4634 4142 2426 4711 4538 8639 8790 9494 5294 9174 2828 2810 2940 2372 2281 3140 2388 3136 2954 2882 2753 2719 2622 1871 2419 2062 1944 3058 4933 5056 4068 4258 4884 4187 4121 4481 4458 4476 5073 4950 5015 4552 5068 4627 5066 5539 5089 4771 4765 4507 4566 5134 5512 4809 5313 5144 4923 5127 4684 8401 8513 8013 8584 8001 7531 7401 8061 8259 7895 8642 8395 7770 8281 7887 7561 7922 2065 2329 2767 2015 2040 2256 1801 2226 2831 1822 2607 2851 2456 2751 2938 2000 2569 2283 9387 9001 6740 1061 6914 4106 7517 6700 9611 9393 2542 4134 7324 7816 7824 4654 8725 5932 415 8915 
1000000 1000000 1000000 1000000 1000000 1000000 1000000 1000000 1000000 1000000 1000000 1000000 1000000 1000000 1000000 1000000 1000000 1000000 1000000 1000000 8605 8547 9749 8557 0 8111 7457 4536 6675 3914 8068 2684 9155 3346 4582 3185 7178 7061 7340 7435 7512 6957 7024 6845 7192 7442 7059 6879 6831 7703 7679 7239 7379 6323 11525 11609 10688 10900 11329 10719 11047 11465 11132 11349 11555 11700 11786 10760 11571 11405 11500 3091 3488 3826 3954 4298 4123 3473 3126 4055 3345 3495 3822 3572 4189 5038 4771 4411 4154 4863 3999 4729 4815 4222 3899 4848 5200 5191 4336 5129 4832 4414 7305 7497 6590 8118 7100 8017 7329 7808 7166 7602 7206 6576 7898 6783 7279 7122 7063 8069 8523 1748 2361 8102 1664 4565 1165 5872 9418 6837 6363 6195 4325 3022 6228 8011 2088 3040 8155 4080 
1000000 1000000 1000000 1000000 1000000 1000000 1000000 1000000 1000000 1000000 1000000 1000000 1000000 1000000 1000000 1000000 1000000 1000000 1000000 1000000 5161 3413 1703 5977 8111 0 1408 4950 6782 6336 1469 6329 2818 6704 8169 6479 7692 7586 7912 7438 7407 7833 7111 7745 7824 7925 7527 7341 7191 7150 7653 6951 6953 7195 4678 4698 4268 4383 4441 4202 4716 4992 4528 4823 4606 4920 4992 3941 4634 4769 4534 5725 5737 5480 5076 4764 5070 5604 5686 4777 5513 5487 5085 5301 4701 4446 4739 4570 5239 4224 4552 3887 4309 4910 4868 4806 4326 3791 4845 3932 3913 4498 4066 3699 3741 3978 4231 3729 4371 3754 3285 4213 3507 3652 3523 3599 3128 4267 3622 3709 3588 7313 5780 4920 7158 4961 7727 2509 3655 4339 6526 8242 4168 5484 3068 1340 6821 5286 5726 5602 
1000000 1000000 1000000 1000000 1000000 1000000 1000000 1000000 1000000 1000000 1000000 1000000 1000000 1000000 1000000 1000000 1000000 1000000 1000000 1000000 3863 2262 2920 4634 7457 1408 0 3767 5383 5160 633 6092 4172 6646 6920 6377 6288 6184 6507 6031 5999 6435 5706 6349 6421 6519 6124 5941 5791 5744 6245 5543 5545 5811 4368 4423 3721 3890 4142 3696 4159 4515 4086 4361 4348 4586 4669 3575 4370 4356 4283 4758 4677 4381 4007 3661 3961 4565 4717 3740 4521 4461 4048 4290 3641 4694 4930 4610 5292 4376 4405 3889 4457 4940 4770 5027 4616 3996 4905 4138 3978 4524 2671 2321 2341 2676 2827 2423 2975 2413 1883 2837 2107 2253 2206 2193 1733 2863 2216 2414 4776 6945 5099 3574 6295 3771 6905 2662 4982 5102 5134 6880 4050 5191 3608 555 6488 4469 4358 5667 
1000000 1000000 1000000 1000000 1000000 1000000 1000000 1000000 1000000 1000000 1000000 1000000 1000000 1000000 1000000 1000000 1000000 1000000 1000000 1000000 4083 4138 6622 4142 4536 4950 3767 0 2917 1395 4241 4573 7161 5474 3236 5152 3770 3637 3998 3786 3820 3734 3336 3615 3859 4065 3600 3379 3259 3826 4059 3399 3499 2960 7200 7297 6315 6534 7028 6365 6634 7058 6771 6958 7257 7348 7433 6479 7268 7036 7211 1446 1093 741 623 440 426 1070 1413 731 1199 1042 782 992 642 4942 4944 4387 4819 4537 3806 3961 4571 4547 4118 5080 4997 4473 4601 4545 4144 4306 2784 3019 2127 3613 2568 3540 2794 3323 2778 3073 2765 2134 3450 2340 2925 2589 2603 3595 7191 4860 2601 3577 2989 40 3631 3946 7787 6421 2554 3679 3729 3822 4989 4241 4601 1801 3729 5096 
1000000 1000000 1000000 1000000 1000000 1000000 1000000 1000000 1000000 1000000 1000000 1000000 1000000 1000000 1000000 1000000 1000000 1000000 1000000 1000000 3030 4346 8234 2426 6675 6782 5383 2917 0 2781 5571 7381 9412 8311 2893 7991 933 814 1165 870 911 1054 420 976 1055 1205 760 560 411 1029 1143 565 707 638 7112 7231 6200 6411 7021 6301 6345 6739 6632 6706 7231 7171 7244 6595 7231 6839 7211 3969 3468 3251 3445 3356 3250 3578 3955 3640 3814 3642 3602 3711 3558 7831 7850 7296 7735 7423 6721 6834 7462 7463 7034 7986 7875 7319 7516 7404 7015 7214 2918 3345 3043 3517 2677 3648 2651 3480 3583 2948 3391 3131 3739 3198 3764 2652 3237 3704 9701 7474 5311 2731 5015 2878 5548 6585 10146 9205 364 1781 6630 6696 7697 5643 7308 4591 2169 8006 
1000000 1000000 1000000 1000000 1000000 1000000 1000000 1000000 1000000 1000000 1000000 1000000 1000000 1000000 1000000 1000000 1000000 1000000 1000000 1000000 4900 5332 8014 4711 3914 6336 5160 1395 2781 0 5623 4771 8453 5717 1920 5408 3398 3271 3592 3586 3653 3241 3154 3121 3442 3684 3256 3055 2984 3808 3844 3343 3479 2518 8404 8508 7498 7719 8248 7561 7780 8205 7957 8120 8475 8534 8617 7717 8485 8212 8435 1360 915 955 1368 1600 1302 1080 1364 1690 1321 1199 1441 1364 1715 5756 5686 5125 5413 5374 4513 4856 5389 5206 4750 5819 5842 5406 5283 5450 5037 5058 3859 4173 3345 4698 3606 4676 3782 4457 4032 4102 3976 3375 4627 3568 4197 3614 3800 4736 8379 4730 2684 4423 2250 1390 2821 5125 9035 7400 2456 2804 4545 4216 6081 5628 4611 2122 4326 5621 
1000000 1000000 1000000 1000000 1000000 1000000 1000000 1000000 1000000 1000000 1000000 1000000 1000000 1000000 1000000 1000000 1000000 1000000 1000000 1000000 3703 1946 2666 4538 8068 1469 633 4241 5571 5623 0 6723 4282 7268 7321 7002 6449 6353 6660 6155 6113 6624 5864 6546 6585 6662 6292 6121 5972 5825 6351 5671 5657 6047 3749 3801 3135 3295 3521 3102 3579 3922 3484 3764 3724 3971 4053 2959 3747 3751 3658 5314 5200 4890 4533 4178 4470 5097 5273 4282 5070 5000 4587 4835 4176 5270 5516 5217 5900 4965 5029 4496 5048 5549 5391 5610 5184 4574 5510 4717 4577 5132 2721 2321 2574 2528 2923 2283 3022 2331 1990 2822 2192 2498 2087 2389 1812 2955 2337 2258 5031 7577 5712 3489 6870 4241 7487 3230 5123 5553 5354 7153 4670 5823 4109 141 7120 5064 4309 6274 
1000000 1000000 1000000 1000000 1000000 1000000 1000000 1000000 1000000 1000000 1000000 1000000 1000000 1000000 1000000 1000000 1000000 1000000 1000000 1000000 8401 7769 7807 8639 2684 6329 6092 4573 7381 4771 6723 0 6776 948 6218 649 8124 7992 8331 8241 8291 7997 7791 7875 8182 8417 7969 7756 7663 8355 8511 7908 8023 7248 10440 10502 9717 9907 10219 9714 10130 10519 10120 10378 10430 10648 10732 9647 10452 10395 10367 3440 3937 4131 3975 4164 4178 3812 3448 3858 3571 3740 3813 3675 3974 2472 2170 1945 1518 2401 1781 2493 2334 1672 1506 2225 2642 2805 1781 2705 2525 1981 6907 6947 6108 7592 6782 7420 7040 7245 6488 7225 6609 6057 7245 6239 6537 6816 6517 7459 5991 1121 2091 7902 3181 4612 3233 3847 6922 4202 7023 7536 2165 910 3851 6628 630 2797 8226 1399 
1000000 1000000 1000000 1000000 1000000 1000000 1000000 1000000 1000000 1000000 1000000 1000000 1000000 1000000 1000000 1000000 1000000 1000000 1000000 1000000 7979 6214 2457 8790 9155 2818 4172 7161 9412 8453 4282 6776 0 6758 10366 6649 10340 10226 10567 10128 10106 10446 9770 10348 10466 10591 10169 9971 9822 9879 10357 9641 9658 9757 6858 6838 6704 6764 6633 6608 7126 7311 6851 7141 6738 7101 7157 6251 6768 7044 6667 7518 7687 7514 7094 6862 7153 7528 7484 6772 7367 7398 7049 7206 6739 4341 4666 4835 5321 4377 5162 4426 4442 5107 5315 4654 4172 3993 5002 4079 4331 4809 6839 6491 6417 6795 6981 6546 7142 6565 6047 7008 6273 6324 6338 6307 5903 7019 6371 6527 1289 7890 7088 7731 8657 7182 9113 3442 860 3093 9124 10720 4830 6161 2941 4155 7383 6879 8527 5588 
1000000 1000000 1000000 1000000 1000000 1000000 1000000 1000000 1000000 1000000 1000000 1000000 1000000 1000000 1000000 1000000 1000000 1000000 1000000 1000000 9212 8465 8065 9494 3346 6704 6646 5474 8311 5717 7268 948 6758 0 7151 323 9063 8931 9272 9172 9221 8940 8722 8819 9123 9357 8907 8694 8598 9276 9443 8832 8944 8189 11013 11067 10333 10515 10787 10321 10757 11135 10720 10987 10991 11230 11313 10220 11014 10993 10925 4383 4878 5062 4887 5056 5089 4749 4389 4751 4506 4674 4726 4601 4861 2440 2111 2137 1495 2526 2242 2823 2444 1801 1877 2108 2603 2966 1877 2838 2793 2207 7701 7710 6900 8350 7593 8165 7853 7999 7230 8018 7367 6843 7979 7016 7263 7628 7288 8199 5829 1605 3036 8719 4079 5514 4065 4197 6785 3921 7951 8482 2599 1679 3938 7162 1313 3721 9083 1177 
1000000 1000000 1000000 1000000 1000000 1000000 1000000 1000000 1000000 1000000 1000000 1000000 1000000 1000000 1000000 1000000 1000000 1000000 1000000 1000000 5775 6682 9820 5294 4582 8169 6920 3236 2893 1920 7321 6218 10366 7151 0 6866 2963 2881 3054 3355 3453 2664 3070 2579 2925 3162 2905 2801 2827 3780 3532 3379 3526 2304 9680 9793 8758 8977 9554 8840 8973 9387 9210 9329 9776 9775 9854 9065 9781 9444 9745 3106 2769 2872 3287 3505 3215 2939 3125 3609 3154 3067 3355 3249 3631 7558 7455 6903 7106 7193 6292 6706 7200 6941 6484 7583 7658 7264 7029 7296 6885 6844 5147 5533 4846 5932 4876 5979 4977 5771 5533 5313 5421 4900 5988 5064 5714 4871 5241 6040 10295 5888 4245 5381 3140 3221 3431 7043 10954 9259 2755 1692 6370 5835 7983 7346 5911 3885 4992 7264 
1000000 1000000 1000000 1000000 1000000 1000000 1000000 1000000 1000000 1000000 1000000 1000000 1000000 1000000 1000000 1000000 1000000 1000000 1000000 1000000 8896 8168 7875 9174 3185 6479 6377 5152 7991 5408 7002 649 6649 323 6866 0 8747 8615 8956 8853 8902 8626 8403 8505 8808 9041 8591 8377 8280 8955 9124 8511 8623 7873 10743 10799 10053 10237 10518 10043 10475 10855 10444 10709 10724 10958 11041 9950 10747 10717 10659 4069 4563 4743 4566 4734 4768 4433 4074 4429 4189 4356 4405 4281 4539 2310 1983 1933 1336 2348 1974 2593 2270 1606 1622 2000 2478 2784 1694 2662 2578 1995 7387 7400 6586 8042 7277 7859 7536 7692 6924 7704 7058 6530 7675 6704 6960 7312 6977 7894 5766 1477 2725 8403 3817 5192 3837 3972 6716 3893 7631 8179 2342 1359 3786 6899 1107 3401 8762 1073 
1000000 1000000 1000000 1000000 1000000 1000000 1000000 1000000 1000000 1000000 1000000 1000000 1000000 1000000 1000000 1000000 1000000 1000000 1000000 1000000 3594 5105 9114 2828 7178 7692 6288 3770 933 3398 6449 8124 10340 9063 2963 8747 0 134 234 469 570 336 586 389 140 297 175 394 531 978 573 828 906 881 7712 7834 6820 7022 7642 6929 6917 7291 7233 7276 7843 7748 7816 7255 7840 7420 7829 4685 4187 4014 4257 4207 4071 4315 4677 4479 4560 4395 4407 4486 4407 8708 8714 8156 8568 8301 7571 7719 8338 8308 7871 8850 8758 8214 8366 8294 7900 8075 3756 4179 3952 4270 3532 4429 3471 4280 4460 3743 4259 4042 4543 4097 4638 3503 4114 4481 10633 8127 6036 3392 5546 3732 6023 7509 11077 10117 1259 1421 7498 7483 8617 6527 8002 5360 2687 8826 
1000000 1000000 1000000 1000000 1000000 1000000 1000000 1000000 1000000 1000000 1000000 1000000 1000000 1000000 1000000 1000000 1000000 1000000 1000000 1000000 3555 5035 9019 2810 7061 7586 6184 3637 814 3271 6353 7992 10226 8931 2881 8615 134 0 363 494 597 331 498 341 241 430 64 265 407 988 653 775 871 754 7674 7795 6777 6981 7600 6885 6883 7261 7194 7242 7802 7713 7782 7206 7800 7385 7788 4554 4055 3882 4123 4074 3937 4183 4545 4345 4428 4262 4274 4353 4274 8576 8581 8022 8434 8169 7437 7587 8205 8175 7737 8717 8625 8082 8233 8162 7768 7942 3668 4093 3846 4200 3440 4354 3387 4201 4364 3664 4165 3935 4464 3995 4543 3412 4017 4407 10511 8000 5905 3337 5426 3599 5908 7382 10960 9987 1133 1382 7365 7350 8489 6430 7873 5227 2651 8692 
1000000 1000000 1000000 1000000 1000000 1000000 1000000 1000000 1000000 1000000 1000000 1000000 1000000 1000000 1000000 1000000 1000000 1000000 1000000 1000000 3735 5286 9325 2940 7340 7912 6507 3998 1165 3592 6660 8331 10567 9272 3054 8956 234 363 0 575 661 394 802 497 151 109 409 627 764 1071 567 1008 1064 1083 7849 7972 6963 7162 7785 7074 7048 7417 7371 7406 7983 7879 7946 7408 7979 7553 7971 4891 4394 4229 4478 4434 4293 4525 4884 4704 4771 4607 4628 4702 4634 8937 8941 8382 8790 8531 7796 7948 8566 8533 8094 9077 8987 8445 8591 8524 8130 8302 3959 4380 4174 4452 3740 4617 3671 4473 4673 3936 4469 4264 4737 4316 4849 3710 4326 4668 10865 8318 6241 3557 5717 3960 6182 7742 11306 10349 1493 1445 7726 7698 8850 6740 8201 5574 2828 9046 
1000000 1000000 1000000 1000000 1000000 1000000 1000000 1000000 1000000 1000000 1000000 1000000 1000000 1000000 1000000 1000000 1000000 1000000 1000000 1000000 3161 4731 8817 2372 7435 7438 6031 3786 870 3586 6155 8241 10128 9172 3355 8853 469 494 575 0 103 801 452 833 586 535 457 570 605 510 273 488 506 1123 7275 7398 6389 6588 7211 6500 6475 6845 6797 6833 7408 7306 7372 6835 7405 6979 7397 4817 4316 4111 4314 4225 4120 4432 4805 4510 4671 4501 4470 4574 4427 8692 8715 8162 8604 8283 7589 7692 8323 8332 7903 8851 8732 8171 8384 8258 7872 8079 3440 3856 3714 3898 3233 4070 3146 3934 4175 3398 3965 3806 4198 3841 4347 3201 3830 4120 10473 8305 6164 2990 5787 3746 6291 7399 10882 10040 1234 1875 7493 7564 8520 6239 8153 5454 2253 8876 
1000000 1000000 1000000 1000000 1000000 1000000 1000000 1000000 1000000 1000000 1000000 1000000 1000000 1000000 1000000 1000000 1000000 1000000 1000000 1000000 3080 4667 8773 2281 7512 7407 5999 3820 911 3653 6113 8291 10106 9221 3453 8902 570 597 661 103 0 903 503 936 683 610 559 661 682 414 256 469 457 1209 7191 7313 6307 6505 7128 6419 6389 6757 6713 6746 7325 7219 7286 6757 7321 6893 7314 4872 4372 4161 4355 4258 4160 4485 4860 4546 4722 4551 4513 4622 4461 8715 8742 8190 8638 8305 7620 7713 8347 8363 7936 8877 8753 8188 8414 8276 7892 8107 3395 3809 3689 3836 3193 4012 3099 3879 4137 3345 3925 3782 4143 3812 4308 3160 3794 4061 10463 8367 6217 2919 5861 3780 6370 7402 10864 10050 1274 1978 7519 7607 8525 6199 8210 5502 2172 8913 
1000000 1000000 1000000 1000000 1000000 1000000 1000000 1000000 1000000 1000000 1000000 1000000 1000000 1000000 1000000 1000000 1000000 1000000 1000000 1000000 3884 5344 9288 3140 6957 7833 6435 3734 1054 3241 6624 7997 10446 8940 2664 8626 336 331 394 801 903 0 809 122 263 502 391 506 653 1307 899 1102 1202 775 8002 8124 7104 7308 7927 7212 7212 7591 7522 7572 8130 8043 8112 7530 8128 7714 8115 4558 4065 3917 4186 4166 4007 4201 4553 4425 4449 4288 4332 4392 4363 8674 8667 8106 8497 8270 7514 7694 8303 8247 7804 8803 8730 8200 8308 8275 7877 8028 3956 4382 4095 4510 3721 4659 3680 4501 4635 3965 4440 4183 4762 4252 4816 3695 4288 4712 10700 7959 5906 3658 5340 3697 5797 7544 11170 10123 1323 1088 7459 7383 8642 6697 7852 5257 2981 8744 
1000000 1000000 1000000 1000000 1000000 1000000 1000000 1000000 1000000 1000000 1000000 1000000 1000000 1000000 1000000 1000000 1000000 1000000 1000000 1000000 3091 4539 8529 2388 7024 7111 5706 3336 420 3154 5864 7791 9770 8722 3070 8403 586 498 802 452 503 809 0 772 723 822 435 333 247 718 725 329 466 772 7205 7326 6304 6509 7127 6410 6421 6804 6725 6781 7331 7251 7321 6724 7329 6921 7315 4370 3869 3661 3862 3776 3668 3983 4358 4060 4221 4051 4019 4123 3978 8250 8270 7716 8154 7841 7141 7252 7881 7883 7453 8405 8292 7735 7936 7820 7432 7633 3172 3596 3372 3705 2947 3857 2890 3704 3875 3167 3673 3463 3966 3514 4053 2918 3529 3910 10083 7865 5716 2852 5370 3297 5887 6985 10513 9615 783 1747 7049 7112 8101 5942 7708 5003 2194 8425 
1000000 1000000 1000000 1000000 1000000 1000000 1000000 1000000 1000000 1000000 1000000 1000000 1000000 1000000 1000000 1000000 1000000 1000000 1000000 1000000 3861 5292 9208 3136 6845 7745 6349 3615 976 3121 6546 7875 10348 8819 2579 8505 389 341 497 833 936 122 772 0 354 602 389 450 589 1328 962 1082 1193 656 7977 8098 7075 7281 7898 7182 7191 7572 7497 7551 8102 8021 8091 7495 8101 7691 8087 4437 3944 3796 4066 4047 3887 4079 4431 4306 4327 4167 4211 4271 4244 8556 8548 7987 8376 8151 7394 7576 8184 8126 7683 8683 8612 8083 8188 8157 7759 7908 3888 4315 4009 4459 3651 4602 3616 4441 4558 3906 4366 4096 4701 4170 4740 3625 4212 4657 10595 7840 5785 3621 5226 3579 5686 7434 11069 10009 1225 1043 7340 7261 8529 6617 7731 5135 2962 8623 
1000000 1000000 1000000 1000000 1000000 1000000 1000000 1000000 1000000 1000000 1000000 1000000 1000000 1000000 1000000 1000000 1000000 1000000 1000000 1000000 3728 5244 9251 2954 7192 7824 6421 3859 1055 3442 6585 8182 10466 9123 2925 8808 140 241 151 586 683 263 723 354 0 250 298 503 647 1095 644 966 1041 935 7846 7968 6954 7156 7777 7064 7049 7422 7367 7408 7977 7880 7948 7392 7974 7553 7964 4742 4246 4083 4335 4295 4151 4377 4735 4563 4623 4460 4483 4556 4494 8800 8801 8242 8647 8394 7655 7813 8429 8391 7951 8937 8851 8311 8450 8390 7995 8163 3894 4317 4084 4409 3669 4569 3610 4419 4596 3882 4395 4173 4682 4231 4774 3640 4250 4621 10752 8168 6092 3530 5568 3821 6035 7620 11201 10220 1371 1343 7588 7552 8725 6663 8051 5427 2821 8901 
1000000 1000000 1000000 1000000 1000000 1000000 1000000 1000000 1000000 1000000 1000000 1000000 1000000 1000000 1000000 1000000 1000000 1000000 1000000 1000000 3690 5263 9326 2882 7442 7925 6519 4065 1205 3684 6662 8417 10591 9357 3162 9041 297 430 109 535 610 502 822 602 250 0 465 687 815 1012 483 995 1037 1171 7799 7922 6916 7114 7738 7029 6995 7361 7321 7353 7934 7826 7892 7367 7930 7500 7923 4977 4480 4310 4553 4502 4367 4609 4970 4774 4854 4689 4703 4782 4703 9002 9008 8450 8864 8595 7866 8011 8631 8604 8167 9144 9050 8504 8661 8585 8192 8370 3954 4374 4189 4430 3740 4600 3664 4459 4677 3923 4470 4281 4723 4327 4852 3709 4331 4650 10901 8412 6328 3524 5817 4027 6285 7788 11334 10403 1543 1550 7792 7779 8899 6743 8291 5655 2782 9122 
1000000 1000000 1000000 1000000 1000000 1000000 1000000 1000000 1000000 1000000 1000000 1000000 1000000 1000000 1000000 1000000 1000000 1000000 1000000 1000000 3494 4972 8957 2753 7059 7527 6124 3600 760 3256 6292 7969 10169 8907 2905 8591 175 64 409 457 559 391 435 389 298 465 0 222 356 941 637 713 812 742 7613 7734 6716 6919 7539 6823 6822 7201 7133 7182 7741 7653 7722 7144 7739 7324 7726 4532 4033 3855 4091 4038 3904 4159 4523 4311 4403 4237 4243 4326 4238 8537 8544 7986 8401 8130 7402 7546 8166 8140 7704 8680 8585 8041 8197 8121 7728 7906 3605 4030 3787 4137 3378 4291 3324 4138 4303 3601 4103 3876 4401 3935 4481 3350 3956 4344 10459 7986 5883 3274 5421 3562 5908 7334 10905 9942 1085 1427 7328 7322 8442 6368 7854 5201 2591 8661 
1000000 1000000 1000000 1000000 1000000 1000000 1000000 1000000 1000000 1000000 1000000 1000000 1000000 1000000 1000000 1000000 1000000 1000000 1000000 1000000 3421 4844 8786 2719 6879 7341 5941 3379 560 3055 6121 7756 9971 8694 2801 8377 394 265 627 570 661 506 333 450 503 687 222 0 150 987 801 658 785 558 7534 7655 6631 6837 7453 6736 6751 7135 7054 7111 7659 7581 7651 7047 7657 7251 7642 4321 3821 3638 3872 3817 3684 3945 4311 4090 4189 4022 4024 4109 4017 8315 8322 7765 8181 7908 7181 7325 7945 7919 7483 8458 8364 7820 7976 7900 7507 7684 3450 3876 3601 4010 3216 4156 3174 3996 4132 3461 3936 3689 4257 3754 4312 3189 3785 4210 10250 7784 5671 3173 5236 3341 5732 7118 10703 9723 869 1418 7106 7105 8225 6195 7647 4985 2526 8442 
1000000 1000000 1000000 1000000 1000000 1000000 1000000 1000000 1000000 1000000 1000000 1000000 1000000 1000000 1000000 1000000 1000000 1000000 1000000 1000000 3303 4704 8636 2622 6831 7191 5791 3259 411 2984 5972 7663 9822 8598 2827 8280 531 407 764 605 682 653 247 589 647 815 356 150 0 955 860 573 712 537 7412 7532 6507 6714 7329 6611 6632 7019 6932 6993 7535 7461 7532 6918 7534 7131 7518 4231 3731 3539 3762 3697 3572 3851 4221 3974 4093 3925 3915 4007 3898 8191 8201 7645 8067 7784 7063 7199 7821 7803 7369 8337 8238 7691 7859 7772 7380 7564 3303 3730 3451 3871 3068 4014 3029 3853 3983 3318 3788 3539 4113 3604 4163 3042 3636 4068 10105 7708 5581 3044 5182 3220 5689 6979 10555 9589 730 1513 6984 7002 8088 6046 7563 4885 2415 8331 
1000000 1000000 1000000 1000000 1000000 1000000 1000000 1000000 1000000 1000000 1000000 1000000 1000000 1000000 1000000 1000000 1000000 1000000 1000000 1000000 2685 4316 8476 1871 7703 7150 5744 3826 1029 3808 5825 8355 9879 9276 3780 8955 978 988 1071 510 414 1307 718 1328 1095 1012 941 987 955 0 567 465 334 1488 6789 6912 5909 6106 6730 6023 5984 6350 6311 6341 6925 6814 6880 6366 6921 6489 6915 4967 4469 4232 4391 4260 4191 4570 4952 4556 4800 4627 4551 4681 4462 8660 8702 8157 8630 8250 7599 7653 8295 8344 7926 8838 8691 8112 8390 8205 7830 8072 3105 3508 3469 3490 2921 3677 2803 3556 3868 3028 3650 3563 3820 3573 4033 2886 3529 3724 10279 8485 6300 2552 6044 3786 6575 7270 10651 9939 1359 2367 7479 7641 8400 5917 8305 5559 1781 8916 
1000000 1000000 1000000 1000000 1000000 1000000 1000000 1000000 1000000 1000000 1000000 1000000 1000000 1000000 1000000 1000000 1000000 1000000 1000000 1000000 3249 4876 9009 2419 7679 7653 6245 4059 1143 3844 6351 8511 10357 9443 3532 9124 573 653 567 273 256 899 725 962 644 483 637 801 860 567 0 725 701 1357 7346 7469 6470 6665 7290 6585 6538 6899 6869 6894 7483 7368 7433 6931 7479 7044 7474 5085 4584 4382 4587 4498 4393 4701 5073 4783 4941 4771 4743 4846 4700 8962 8987 8434 8877 8553 7861 7961 8594 8604 8176 9122 9002 8439 8656 8526 8141 8351 3631 4041 3940 4048 3433 4230 3333 4103 4380 3571 4166 4033 4367 4060 4549 3400 4037 4278 10718 8568 6432 3117 6035 4019 6532 7657 11117 10303 1507 1985 7765 7836 8780 6438 8420 5726 2346 9149 
