NAME : P113212
TYPE : ATSP
DIMENSION : 120
EDGE_WEIGHT_TYPE : EXPLICIT
EDGE_WEIGHT_FORMAT : FULL_MATRIX
EDGE_WEIGHT_SECTION
1000000 1000000 1000000 1000000 1000000 1000000 1000000 1000000 1000000 1000000 3982 4564 4371 4419 3836 4211 3797 4030 3823 4367 4562 4313 4183 4461 4359 3735 3842 3740 4094 3808 5040 11152 11670 11479 11888 11260 11033 11253 11539 11731 10809 11391 11176 11552 11888 10890 11036 11025 11590 10008 9325 9725 9365 8975 9715 9877 9437 9472 9459 9150 10070 9634 9886 9526 9617 9154 9121 9517 10036 10059 8759 602 1383 959 1104 1427 1423 1665 892 558 1425 1183 691 1711 1804 1028 1001 1442 1451 1218 1823 1604 1726 2204 2249 1342 1591 1829 1915 2125 2107 1651 2101 2249 1953 1740 2190 1812 1917 1663 0 1000000 1000000 1000000 1000000 1000000 1000000 1000000 1000000 1000000 
1000000 1000000 1000000 1000000 1000000 1000000 1000000 1000000 1000000 1000000 3991 4097 4502 3625 4048 4512 4819 4286 4347 3992 3935 4615 3587 4061 4273 4365 4174 4371 4068 4089 3611 3928 4392 4282 4617 3926 3716 4062 4227 4485 3529 4098 3856 4242 4617 3665 3714 3825 4358 3641 3115 2976 3002 2764 3654 3555 2634 3131 2961 3178 3527 2969 3652 3400 3727 2859 2692 2981 3641 3402 2793 6825 6117 6426 6244 6013 5968 5726 6454 6815 6148 6414 6801 5689 5553 6500 6361 6125 5897 6358 9163 8929 9058 9511 9563 8684 8898 9169 9123 9415 9392 8967 9432 9563 9229 9073 9509 9088 9250 8958 1000000 0 1000000 1000000 1000000 1000000 1000000 1000000 1000000 1000000 
1000000 1000000 1000000 1000000 1000000 1000000 1000000 1000000 1000000 1000000 5363 5951 6258 5276 5301 6167 6230 5783 5695 5691 5770 6339 4973 5840 6005 5644 5484 5657 5566 5333 5749 6937 7214 7301 7435 6540 6474 7116 6943 7382 6455 6905 6581 6962 7435 6703 6452 6891 7301 7262 6779 6525 6651 6435 7318 7188 6190 6779 6588 6852 7109 6550 7297 7065 7400 6522 6345 6598 7256 6954 6466 6442 5353 5804 5859 5334 5381 5604 6010 6371 6135 5553 6044 5597 5374 5704 6000 6116 5457 6271 8389 8250 8346 8505 8571 7915 7965 8391 8006 8382 8354 8311 8508 8571 8192 8192 8539 8071 8358 7992 1000000 1000000 0 1000000 1000000 1000000 1000000 1000000 1000000 1000000 
1000000 1000000 1000000 1000000 1000000 1000000 1000000 1000000 1000000 1000000 1112 637 1027 731 1269 1095 1505 1077 1263 719 545 1141 1098 673 858 1344 1234 1340 980 1289 80 6593 7168 6869 7362 6943 6659 6649 7120 7173 6360 6933 6801 7129 7362 6350 6673 6445 7018 5059 4385 4937 4465 4070 4714 4925 4705 4555 4594 4167 5171 4817 4911 4549 4591 4254 4268 4660 5093 5202 3812 4473 4329 4401 4059 4182 4067 3476 4257 4521 3654 4616 4792 3425 3428 4614 4117 3636 3884 3869 6736 6455 6593 7232 7266 6315 6635 6744 6987 7169 7155 6468 7094 7266 7010 6743 7201 6870 6909 6715 1000000 1000000 1000000 0 1000000 1000000 1000000 1000000 1000000 1000000 
1000000 1000000 1000000 1000000 1000000 1000000 1000000 1000000 1000000 1000000 6814 6785 7188 6415 6890 7230 7584 7063 7154 6738 6644 7302 6432 6777 6986 7184 6998 7190 6860 6930 6244 1658 1830 1995 2048 1157 1097 1853 1554 2013 1175 1526 1195 1573 2048 1485 1071 1669 1952 3179 3203 2400 2983 3129 3556 3203 2268 3045 2792 3491 2887 2540 3353 3389 3774 3043 2847 2741 3140 2667 3407 9730 8992 9317 9147 8894 8856 8632 9355 9719 9054 9284 9687 8595 8457 9378 9265 9031 8793 9264 12064 11833 11961 12399 12452 11583 11788 12070 11998 12299 12277 11871 12325 12452 12112 11967 12400 11972 12145 11845 1000000 1000000 1000000 1000000 0 1000000 1000000 1000000 1000000 1000000 
1000000 1000000 1000000 1000000 1000000 1000000 1000000 1000000 1000000 1000000 8083 7881 8263 7650 8187 8339 8739 8255 8386 7903 7772 8373 7752 7905 8100 8435 8262 8437 8080 8225 7314 652 192 441 131 930 920 621 517 91 1005 489 823 498 131 905 944 801 244 2781 3218 2418 3039 3378 3271 2882 2571 3014 2850 3534 2503 2569 3001 3242 3511 3212 3109 2778 2731 2344 3690 11241 10618 10900 10685 10506 10451 10137 10897 11245 10508 10919 11285 10095 9985 10995 10792 10487 10361 10726 13596 13346 13479 13981 14030 13126 13365 13603 13615 13890 13869 13377 13888 14030 13707 13528 13973 13565 13704 13430 1000000 1000000 1000000 1000000 1000000 0 1000000 1000000 1000000 1000000 
1000000 1000000 1000000 1000000 1000000 1000000 1000000 1000000 1000000 1000000 3890 4653 4823 4025 3767 4681 4571 4281 4114 4350 4504 4866 3642 4516 4609 4031 3935 4045 4120 3783 4706 8457 8864 8820 9093 8293 8144 8606 8651 8988 8021 8558 8274 8668 9093 8198 8133 8370 8874 8085 7467 7516 7411 7089 7977 7978 7178 7539 7420 7425 8025 7485 8046 7735 7980 7229 7108 7454 8094 7929 7000 3887 2761 3221 3338 2765 2834 3208 3461 3803 3725 2932 3425 3213 2983 3088 3476 3708 2951 3820 5741 5608 5701 5861 5926 5269 5317 5744 5367 5739 5711 5670 5860 5926 5548 5543 5893 5426 5709 5345 1000000 1000000 1000000 1000000 1000000 1000000 0 1000000 1000000 1000000 
1000000 1000000 1000000 1000000 1000000 1000000 1000000 1000000 1000000 1000000 2611 2407 2002 2893 2620 1980 1712 2241 2242 2503 2560 1888 3041 2432 2220 2265 2449 2253 2471 2582 2943 9549 10132 9805 10318 9945 9655 9589 10105 10121 9346 9911 9796 10113 10318 9314 9672 9397 9964 7809 7170 7827 7289 6904 7397 7675 7631 7359 7444 6906 7972 7693 7631 7280 7227 7086 7138 7514 7850 8038 6614 3332 3995 3740 3350 3868 3726 3029 3434 3441 2724 4142 3986 2995 3185 4035 3298 2725 3501 2818 4894 4597 4726 5499 5508 4620 5016 4904 5462 5485 5482 4577 5310 5508 5382 5023 5437 5267 5147 5106 1000000 1000000 1000000 1000000 1000000 1000000 1000000 0 1000000 1000000 
1000000 1000000 1000000 1000000 1000000 1000000 1000000 1000000 1000000 1000000 3373 3541 3941 3027 3421 3937 4222 3687 3735 3410 3371 4052 2960 3493 3704 3746 3554 3753 3464 3462 3088 4549 5029 4897 5253 4580 4363 4674 4873 5114 4165 4738 4505 4888 5253 4285 4363 4439 4983 4048 3461 3458 3382 3090 3991 3948 3120 3512 3375 3469 3972 3428 4028 3741 4029 3214 3074 3405 4054 3871 3056 6165 5467 5770 5585 5360 5313 5065 5795 6156 5488 5765 6147 5028 4893 5848 5701 5466 5239 5698 8504 8269 8398 8856 8907 8026 8242 8511 8472 8760 8738 8307 8775 8907 8574 8415 8853 8433 8593 8303 1000000 1000000 1000000 1000000 1000000 1000000 1000000 1000000 0 1000000 
1000000 1000000 1000000 1000000 1000000 1000000 1000000 1000000 1000000 1000000 4357 4980 4812 4785 4206 4648 4245 4441 4229 4767 4965 4760 4523 4871 4782 4137 4229 4143 4487 4181 5434 11390 11896 11724 12117 11461 11244 11498 11753 11967 11033 11612 11386 11767 12117 11127 11245 11268 11828 10329 9648 10013 9678 9292 10054 10200 9717 9788 9763 9484 10379 9928 10215 9857 9964 9468 9425 9819 10356 10358 9087 1061 1433 1125 1409 1526 1570 1995 1206 978 1860 1157 736 2045 2088 1045 1345 1873 1671 1671 1743 1599 1693 1983 2039 1263 1379 1747 1596 1881 1859 1663 1927 2039 1694 1580 1990 1554 1756 1431 1000000 1000000 1000000 1000000 1000000 1000000 1000000 1000000 1000000 0 
1000000 1000000 1000000 1000000 1000000 1000000 1000000 1000000 1000000 1000000 0 791 941 447 161 819 903 422 371 493 685 1001 431 652 719 374 184 381 231 178 1093 7433 7990 7732 8195 7692 7426 7507 7909 8017 7154 7736 7571 7920 8195 7180 7437 7293 7867 6066 5385 5863 5444 5050 5751 5934 5603 5543 5556 5191 6153 5756 5933 5571 5643 5232 5221 5618 6098 6163 4814 3384 3223 3290 2951 3075 2958 2367 3152 3426 2573 3507 3681 2317 2317 3503 3014 2554 2773 2792 5682 5407 5545 6158 6195 5248 5555 5690 5896 6090 6075 5425 6027 6195 5927 5673 6131 5787 5842 5633 3982 3991 5363 1112 6814 8083 3890 2611 3373 4357 
1000000 1000000 1000000 1000000 1000000 1000000 1000000 1000000 1000000 1000000 791 0 407 679 942 458 878 542 760 305 184 520 1028 140 227 858 824 849 573 942 569 7230 7804 7505 7998 7575 7292 7285 7755 7809 6995 7569 7435 7764 7998 6986 7307 7082 7655 5671 5001 5569 5088 4693 5314 5537 5340 5175 5221 4775 5792 5447 5518 5157 5181 4877 4897 5287 5707 5828 4429 3962 3940 3958 3595 3790 3665 3025 3784 4020 3140 4213 4339 2974 3010 4192 3639 3123 3466 3349 6177 5892 6031 6691 6723 5770 6103 6186 6471 6634 6621 5902 6545 6723 6480 6199 6656 6342 6361 6184 4564 4097 5951 637 6785 7881 4653 2407 3541 4980 
1000000 1000000 1000000 1000000 1000000 1000000 1000000 1000000 1000000 1000000 941 407 0 1000 1057 171 582 544 736 576 570 115 1288 454 257 833 891 820 715 1041 954 7612 8188 7883 8381 7969 7685 7663 8145 8189 7384 7957 7827 8153 8381 7370 7700 7462 8034 6008 5344 5934 5439 5045 5637 5874 5713 5522 5577 5107 6139 5809 5849 5489 5495 5229 5257 5645 6045 6182 4774 3773 3863 3835 3456 3713 3581 2905 3634 3840 2955 4121 4203 2855 2921 4085 3486 2940 3371 3154 5926 5636 5775 6457 6486 5534 5880 5935 6263 6406 6394 5642 6304 6486 6258 5964 6418 6123 6122 5963 4371 4502 6258 1027 7188 8263 4823 2002 3941 4812 
1000000 1000000 1000000 1000000 1000000 1000000 1000000 1000000 1000000 1000000 447 679 1000 0 584 946 1196 661 743 424 503 1095 387 565 744 785 617 788 446 613 734 6999 7558 7295 7762 7273 7004 7071 7483 7582 6726 7307 7148 7494 7762 6747 7015 6857 7431 5620 4939 5419 4998 4603 5306 5487 5160 5096 5109 4746 5706 5311 5487 5125 5201 4785 4775 5172 5651 5716 4367 3823 3612 3705 3377 3466 3355 2791 3580 3862 3016 3903 4099 2741 2726 3907 3444 2996 3179 3234 6127 5853 5991 6600 6638 5692 5996 6135 6332 6531 6516 5872 6471 6638 6367 6116 6574 6226 6285 6073 4419 3625 5276 731 6415 7650 4025 2893 3027 4785 
1000000 1000000 1000000 1000000 1000000 1000000 1000000 1000000 1000000 1000000 161 942 1057 584 0 920 934 517 394 648 843 1104 462 803 850 356 184 367 370 42 1252 7537 8090 7839 8297 7781 7519 7614 8005 8121 7251 7834 7663 8016 8297 7283 7529 7398 7971 6199 5517 5983 5573 5178 5889 6067 5718 5673 5681 5327 6281 5878 6068 5706 5784 5360 5346 5742 6229 6287 4947 3240 3063 3134 2799 2915 2799 2214 3001 3280 2433 3348 3527 2164 2160 3345 2864 2414 2615 2652 5547 5273 5411 6017 6055 5110 5413 5555 5749 5948 5933 5293 5889 6055 5784 5534 5991 5643 5703 5490 3836 4048 5301 1269 6890 8187 3767 2620 3421 4206 
1000000 1000000 1000000 1000000 1000000 1000000 1000000 1000000 1000000 1000000 819 458 171 946 920 0 439 404 578 531 586 185 1195 454 244 672 747 658 603 901 1027 7687 8261 7963 8456 8029 7747 7743 8212 8267 7451 8026 7890 8221 8456 7444 7762 7540 8112 6118 5450 6025 5540 5145 5753 5983 5797 5625 5674 5219 6242 5903 5962 5601 5616 5330 5351 5741 6154 6281 4879 3612 3692 3666 3289 3543 3411 2736 3468 3677 2792 3951 4035 2686 2751 3916 3320 2778 3201 2994 5779 5491 5629 6306 6335 5383 5726 5788 6106 6253 6242 5498 6155 6335 6104 5813 6268 5969 5972 5809 4211 4512 6167 1095 7230 8339 4681 1980 3937 4648 
1000000 1000000 1000000 1000000 1000000 1000000 1000000 1000000 1000000 1000000 903 878 582 1196 934 439 0 535 542 847 968 517 1331 835 652 587 753 573 762 899 1442 8087 8658 8368 8855 8409 8131 8147 8601 8668 7841 8418 8274 8610 8855 7841 8144 7941 8515 6548 5878 6441 5965 5570 6188 6414 6207 6052 6096 5651 6669 6321 6394 6033 6052 5754 5771 6163 6584 6704 5307 3200 3351 3292 2906 3202 3066 2372 3077 3270 2385 3597 3651 2322 2409 3551 2928 2372 2849 2581 5345 5055 5194 5875 5904 4952 5298 5354 5683 5824 5813 5062 5722 5904 5677 5382 5836 5542 5540 5382 3797 4819 6230 1505 7584 8739 4571 1712 4222 4245 
1000000 1000000 1000000 1000000 1000000 1000000 1000000 1000000 1000000 1000000 422 542 544 661 517 404 535 0 221 361 539 588 826 431 374 321 347 311 232 499 1030 7603 8169 7891 8369 7903 7629 7668 8104 8185 7345 7924 7773 8114 8369 7354 7642 7458 8033 6131 5455 5984 5530 5134 5790 5997 5739 5622 5654 5242 6237 5869 5986 5623 5667 5318 5324 5718 6165 6262 4882 3428 3404 3417 3054 3254 3128 2483 3244 3484 2606 3674 3798 2432 2471 3652 3099 2589 2927 2817 5665 5382 5521 6169 6202 5250 5577 5674 5940 6110 6096 5395 6027 6202 5953 5679 6136 5815 5843 5658 4030 4286 5783 1077 7063 8255 4281 2241 3687 4441 
1000000 1000000 1000000 1000000 1000000 1000000 1000000 1000000 1000000 1000000 371 760 736 743 394 578 542 221 0 546 740 759 801 643 592 101 212 90 307 363 1222 7734 8296 8027 8499 8015 7745 7803 8224 8317 7466 8047 7889 8234 8499 7484 7756 7592 8166 6302 5624 6135 5694 5298 5969 6169 5884 5789 5813 5417 6402 6023 6161 5798 5850 5482 5482 5877 6335 6421 5051 3221 3184 3199 2838 3034 2908 2266 3029 3274 2400 3454 3581 2215 2251 3433 2885 2383 2707 2613 5474 5192 5331 5971 6005 5054 5376 5482 5734 5909 5896 5207 5832 6005 5752 5482 5939 5613 5647 5457 3823 4347 5695 1263 7154 8386 4114 2242 3735 4229 
1000000 1000000 1000000 1000000 1000000 1000000 1000000 1000000 1000000 1000000 493 305 576 424 648 531 847 361 546 0 203 672 736 167 320 632 554 627 291 653 677 7251 7819 7537 8018 7563 7287 7315 7758 7833 6999 7577 7430 7768 8018 7004 7300 7106 7680 5771 5094 5625 5170 4774 5431 5637 5383 5262 5293 4881 5877 5509 5626 5263 5309 4958 4964 5358 5804 5902 4521 3765 3683 3724 3370 3534 3413 2792 3565 3817 2944 3962 4110 2741 2763 3949 3422 2927 3220 3158 6018 5736 5875 6517 6551 5599 5922 6027 6279 6455 6441 5750 6377 6551 6297 6027 6485 6159 6192 6002 4367 3992 5691 719 6738 7903 4350 2503 3410 4767 
1000000 1000000 1000000 1000000 1000000 1000000 1000000 1000000 1000000 1000000 685 184 570 503 843 586 968 539 740 203 0 681 867 135 343 829 756 823 493 851 493 7120 7691 7400 7888 7449 7169 7179 7636 7700 6876 7452 7312 7646 7888 6874 7183 6973 7547 5603 4929 5476 5009 4613 5256 5469 5240 5099 5137 4711 5715 5358 5455 5093 5131 4798 4810 5203 5638 5745 4356 3961 3885 3925 3571 3737 3615 2993 3764 4013 3139 4164 4311 2943 2965 4151 3621 3122 3422 3352 6204 5921 6060 6707 6740 5788 6114 6212 6473 6647 6633 5933 6566 6740 6490 6217 6674 6351 6381 6194 4562 3935 5770 545 6644 7772 4504 2560 3371 4965 
1000000 1000000 1000000 1000000 1000000 1000000 1000000 1000000 1000000 1000000 1001 520 115 1095 1104 185 517 588 759 672 681 0 1366 561 356 850 931 837 781 1085 1067 7722 8299 7992 8491 8082 7797 7773 8257 8300 7497 8068 7940 8265 8491 7481 7813 7573 8145 6110 5447 6042 5543 5150 5735 5975 5822 5625 5683 5208 6242 5916 5949 5589 5591 5334 5363 5751 6147 6287 4877 3716 3838 3797 3415 3688 3555 2871 3589 3786 2901 4091 4161 2821 2895 4051 3440 2887 3342 3098 5850 5559 5698 6386 6414 5463 5812 5859 6199 6336 6325 5564 6231 6414 6191 5892 6345 6056 6049 5896 4313 4615 6339 1141 7302 8373 4866 1888 4052 4760 
1000000 1000000 1000000 1000000 1000000 1000000 1000000 1000000 1000000 1000000 431 1028 1288 387 462 1195 1331 826 801 736 867 1366 0 899 1039 795 603 804 599 503 1111 7103 7653 7410 7861 7333 7073 7185 7562 7687 6809 7393 7217 7573 7861 6848 7082 6966 7539 5826 5144 5577 5189 4797 5535 5695 5304 5293 5289 4968 5895 5477 5703 5343 5442 4977 4952 5349 5855 5893 4577 3596 3300 3424 3115 3157 3052 2531 3323 3626 2807 3596 3822 2482 2444 3611 3194 2787 2888 3027 5928 5660 5797 6379 6420 5481 5770 5935 6089 6305 6288 5683 6259 6420 6136 5901 6357 5994 6073 5844 4183 3587 4973 1098 6432 7752 3642 3041 2960 4523 
1000000 1000000 1000000 1000000 1000000 1000000 1000000 1000000 1000000 1000000 652 140 454 565 803 454 835 431 643 167 135 561 899 0 213 738 691 731 436 805 616 7253 7825 7534 8022 7583 7304 7312 7771 7834 7011 7586 7447 7780 8022 7008 7317 7107 7680 5729 5056 5608 5138 4742 5379 5595 5372 5227 5267 4836 5843 5489 5580 5218 5251 4927 4940 5333 5764 5874 4484 3859 3814 3841 3481 3665 3541 2907 3672 3914 3037 4089 4223 2856 2887 4071 3528 3020 3344 3248 6090 5806 5945 6598 6631 5678 6007 6099 6370 6539 6525 5818 6455 6631 6383 6107 6564 6245 6270 6088 4461 4061 5840 673 6777 7905 4516 2432 3493 4871 
1000000 1000000 1000000 1000000 1000000 1000000 1000000 1000000 1000000 1000000 719 227 257 744 850 244 652 374 592 320 343 356 1039 213 0 692 703 682 489 841 793 7449 8022 7726 8217 7787 7506 7505 7971 8028 7210 7785 7648 7980 8217 7204 7520 7301 7874 5898 5227 5793 5314 4919 5540 5763 5562 5401 5446 5001 6018 5672 5744 5383 5406 5103 5121 5513 5933 6053 4655 3758 3772 3774 3405 3622 3495 2840 3591 3818 2935 4040 4151 2789 2836 4014 3445 2919 3291 3142 5959 5673 5812 6476 6507 5555 5891 5968 6262 6421 6408 5682 6329 6507 6268 5984 6440 6131 6145 5973 4359 4273 6005 858 6986 8100 4609 2220 3704 4782 
1000000 1000000 1000000 1000000 1000000 1000000 1000000 1000000 1000000 1000000 374 858 833 785 356 672 587 321 101 632 829 850 795 738 692 0 193 15 371 318 1306 7783 8343 8079 8547 8054 7787 7855 8268 8367 7511 8092 7931 8278 8547 7532 7798 7642 8216 6372 5693 6194 5760 5364 6043 6239 5940 5855 5877 5488 6468 6084 6232 5870 5926 5547 5544 5940 6404 6485 5120 3134 3085 3103 2744 2935 2809 2170 2936 3185 2313 3356 3486 2119 2153 3335 2793 2296 2609 2527 5395 5115 5254 5889 5923 4972 5292 5403 5647 5826 5812 5131 5751 5923 5667 5400 5858 5528 5566 5372 3735 4365 5644 1344 7184 8435 4031 2265 3746 4137 
1000000 1000000 1000000 1000000 1000000 1000000 1000000 1000000 1000000 1000000 184 824 891 617 184 747 753 347 212 554 756 931 603 691 703 193 0 201 264 157 1205 7611 8169 7909 8374 7874 7608 7685 8090 8195 7334 7916 7752 8101 8374 7359 7619 7471 8045 6227 5547 6035 5609 5214 5906 6094 5777 5707 5723 5349 6318 5926 6091 5729 5794 5397 5389 5786 6259 6331 4975 3243 3130 3176 2828 2981 2860 2247 3025 3289 2427 3409 3564 2196 2211 3397 2885 2408 2668 2644 5526 5249 5387 6010 6046 5097 5410 5534 5756 5944 5929 5267 5876 6046 5783 5523 5981 5643 5691 5488 3842 4174 5484 1234 6998 8262 3935 2449 3554 4229 
1000000 1000000 1000000 1000000 1000000 1000000 1000000 1000000 1000000 1000000 381 849 820 788 367 658 573 311 90 627 823 837 804 731 682 15 201 0 369 330 1302 7786 8346 8081 8549 8058 7790 7857 8271 8369 7514 8095 7934 8281 8549 7534 7801 7644 8218 6371 5692 6195 5759 5364 6041 6237 5941 5855 5877 5487 6467 6084 6230 5868 5924 5547 5544 5940 6403 6485 5119 3139 3094 3111 2751 2944 2818 2178 2943 3191 2318 3365 3493 2127 2162 3344 2800 2300 2618 2532 5398 5118 5256 5892 5927 4976 5297 5406 5652 5830 5816 5133 5754 5927 5671 5403 5861 5533 5569 5376 3740 4371 5657 1340 7190 8437 4045 2253 3753 4143 
1000000 1000000 1000000 1000000 1000000 1000000 1000000 1000000 1000000 1000000 231 573 715 446 370 603 762 232 307 291 493 781 599 436 489 371 264 369 0 369 948 7429 7991 7721 8193 7713 7443 7497 7920 8012 7162 7743 7587 7931 8193 7178 7454 7286 7860 6002 5323 5829 5391 4995 5673 5869 5578 5486 5509 5118 6099 5718 5862 5499 5557 5178 5177 5573 6034 6117 4750 3494 3393 3437 3087 3244 3123 2507 3283 3542 2675 3672 3825 2457 2474 3660 3142 2657 2931 2890 5764 5485 5623 6254 6290 5339 5657 5772 6008 6191 6176 5500 6118 6290 6031 5766 6224 5891 5933 5736 4094 4068 5566 980 6860 8080 4120 2471 3464 4487 
1000000 1000000 1000000 1000000 1000000 1000000 1000000 1000000 1000000 1000000 178 942 1041 613 42 901 899 499 363 653 851 1085 503 805 841 318 157 330 369 0 1270 7575 8129 7876 8335 7821 7558 7651 8044 8159 7289 7872 7702 8055 8335 7321 7568 7435 8009 6231 5550 6018 5606 5212 5919 6099 5754 5706 5715 5358 6314 5913 6099 5737 5814 5394 5380 5777 6262 6322 4979 3212 3047 3113 2775 2899 2781 2190 2976 3252 2403 3331 3504 2140 2140 3326 2838 2383 2596 2622 5515 5241 5379 5987 6025 5079 5384 5523 5722 5919 5903 5260 5858 6025 5755 5503 5961 5614 5672 5461 3808 4089 5333 1289 6930 8225 3783 2582 3462 4181 
1000000 1000000 1000000 1000000 1000000 1000000 1000000 1000000 1000000 1000000 1093 569 954 734 1252 1027 1442 1030 1222 677 493 1067 1111 616 793 1306 1205 1302 948 1270 0 6662 7238 6937 7431 7016 6731 6717 7192 7241 6432 7004 6874 7201 7431 6420 6746 6514 7087 5114 4441 5000 4524 4129 4765 4980 4771 4613 4655 4220 5229 4880 4964 4602 4639 4313 4330 4721 5149 5262 3869 4439 4314 4378 4032 4167 4050 3451 4230 4489 3619 4599 4768 3400 3408 4594 4089 3601 3864 3833 6693 6411 6550 7193 7227 6275 6598 6702 6953 7131 7117 6424 7053 7227 6973 6703 7161 6834 6868 6678 5040 3611 5749 80 6244 7314 4706 2943 3088 5434 
1000000 1000000 1000000 1000000 1000000 1000000 1000000 1000000 1000000 1000000 7433 7230 7612 6999 7537 7687 8087 7603 7734 7251 7120 7722 7103 7253 7449 7783 7611 7786 7429 7575 6662 0 593 367 770 888 658 197 697 585 491 479 672 693 770 265 699 162 439 2259 2628 1801 2438 2760 2740 2346 1931 2426 2243 2947 1965 1957 2477 2682 2982 2600 2484 2171 2210 1783 3074 10602 9992 10269 10049 9879 9822 9498 10261 10607 9865 10294 10655 9456 9349 10368 10155 9843 9728 10083 12956 12705 12839 13346 13395 12488 12731 12963 12985 13257 13236 12736 13252 13395 13075 12891 13338 12933 13068 12796 11152 3928 6937 6593 1658 652 8457 9549 4549 11390 
1000000 1000000 1000000 1000000 1000000 1000000 1000000 1000000 1000000 1000000 7990 7804 8188 7558 8090 8261 8658 8169 8296 7819 7691 8299 7653 7825 8022 8343 8169 8346 7991 8129 7238 593 0 498 229 739 741 621 329 229 865 311 637 311 229 819 762 752 301 2808 3211 2391 3024 3351 3295 2903 2521 3008 2831 3529 2522 2546 3027 3251 3536 3189 3076 2759 2758 2351 3664 11127 10490 10777 10567 10380 10327 10022 10779 11129 10399 10790 11161 9981 9868 10869 10675 10377 10239 10616 13480 13233 13365 13860 13909 13009 13245 13487 13490 13768 13747 13265 13769 13909 13585 13409 13853 13443 13586 13308 11670 4392 7214 7168 1830 192 8864 10132 5029 11896 
1000000 1000000 1000000 1000000 1000000 1000000 1000000 1000000 1000000 1000000 7732 7505 7883 7295 7839 7963 8368 7891 8027 7537 7400 7992 7410 7534 7726 8079 7909 8081 7721 7876 6937 367 498 0 571 1083 935 227 759 351 848 595 900 746 571 622 972 459 204 2341 2785 2000 2610 2957 2831 2442 2175 2581 2425 3100 2063 2148 2561 2804 3071 2788 2694 2352 2291 1907 3268 10925 10331 10601 10376 10216 10157 9822 10589 10933 10182 10633 10989 9780 9676 10705 10481 10161 10060 10401 13280 13027 13161 13676 13724 12814 13061 13287 13319 13588 13567 13056 13579 13724 13406 13219 13666 13264 13395 13126 11479 4282 7301 6869 1995 441 8820 9805 4897 11724 
1000000 1000000 1000000 1000000 1000000 1000000 1000000 1000000 1000000 1000000 8195 7998 8381 7762 8297 8456 8855 8369 8499 8018 7888 8491 7861 8022 8217 8547 8374 8549 8193 8335 7431 770 229 571 0 931 965 750 510 221 1089 538 854 491 0 1016 984 922 374 2910 3348 2546 3168 3506 3401 3012 2695 3144 2979 3664 2633 2698 3130 3372 3641 3340 3236 2906 2860 2474 3818 11343 10712 10997 10785 10601 10547 10239 10997 11346 10613 11012 11382 10197 10086 11090 10893 10591 10459 10830 13697 13449 13581 14079 14128 13227 13464 13704 13711 13988 13967 13480 13988 14128 13805 13627 14072 13663 13804 13528 11888 4617 7435 7362 2048 131 9093 10318 5253 12117 
1000000 1000000 1000000 1000000 1000000 1000000 1000000 1000000 1000000 1000000 7692 7575 7969 7273 7781 8029 8409 7903 8015 7563 7449 8082 7333 7583 7787 8054 7874 8058 7713 7821 7016 888 739 1083 931 0 321 1054 421 956 685 492 224 441 931 914 291 1005 955 3055 3321 2462 3113 3380 3518 3126 2493 3127 2911 3639 2752 2622 3266 3423 3757 3243 3091 2843 3008 2550 3691 10732 10042 10350 10159 9938 9893 9629 10370 10727 10029 10339 10727 9590 9464 10425 10273 10007 9818 10243 13078 12839 12969 13435 13487 12602 12822 13085 13049 13339 13317 12874 13353 13487 13154 12994 13433 13013 13172 12882 11260 3926 6540 6943 1157 930 8293 9945 4580 11461 
1000000 1000000 1000000 1000000 1000000 1000000 1000000 1000000 1000000 1000000 7426 7292 7685 7004 7519 7747 8131 7629 7745 7287 7169 7797 7073 7304 7506 7787 7608 7790 7443 7558 6731 658 741 935 965 321 0 846 513 916 365 432 145 529 965 622 43 743 862 2746 3001 2142 2793 3061 3204 2813 2174 2808 2591 3319 2442 2302 2954 3105 3443 2922 2771 2523 2699 2237 3371 10499 9830 10129 9931 9723 9675 9395 10142 10497 9787 10128 10509 9355 9234 10211 10043 9765 9595 10002 12849 12606 12738 13214 13265 12374 12600 12855 12834 13120 13099 12640 13129 13265 12935 12769 13210 12794 12947 12662 11033 3716 6474 6659 1097 920 8144 9655 4363 11244 
1000000 1000000 1000000 1000000 1000000 1000000 1000000 1000000 1000000 1000000 7507 7285 7663 7071 7614 7743 8147 7668 7803 7315 7179 7773 7185 7312 7505 7855 7685 7857 7497 7651 6717 197 621 227 750 1054 846 0 806 538 682 603 847 798 750 415 887 238 380 2187 2600 1797 2419 2757 2674 2282 1959 2396 2230 2917 1901 1948 2407 2633 2915 2591 2489 2157 2137 1733 3069 10699 10105 10375 10150 9990 9931 9596 10363 10707 9956 10407 10763 9554 9450 10479 10255 9935 9834 10174 13054 12801 12935 13450 13498 12587 12834 13061 13094 13361 13341 12830 13353 13498 13180 12992 13440 13038 13169 12900 11253 4062 7116 6649 1853 621 8606 9589 4674 11498 
1000000 1000000 1000000 1000000 1000000 1000000 1000000 1000000 1000000 1000000 7909 7755 8145 7483 8005 8212 8601 8104 8224 7758 7636 8257 7562 7771 7971 8268 8090 8271 7920 8044 7192 697 329 759 510 421 513 806 0 556 761 221 378 20 510 843 519 850 591 2955 3301 2457 3104 3406 3434 3040 2544 3101 2905 3621 2659 2616 3172 3368 3676 3254 3123 2834 2906 2473 3720 11002 10340 10637 10436 10233 10183 9898 10648 11002 10286 10638 11017 9858 9738 10721 10547 10264 10102 10502 13353 13110 13241 13722 13773 12880 13107 13360 13344 13628 13607 13143 13636 13773 13444 13276 13717 13302 13453 13170 11539 4227 6943 7120 1554 517 8651 10105 4873 11753 
1000000 1000000 1000000 1000000 1000000 1000000 1000000 1000000 1000000 1000000 8017 7809 8189 7582 8121 8267 8668 8185 8317 7833 7700 8300 7687 7834 8028 8367 8195 8369 8012 8159 7241 585 229 351 221 956 916 538 556 0 967 491 831 538 221 843 943 728 159 2690 3131 2335 2953 3295 3181 2792 2493 2927 2765 3446 2413 2485 2910 3153 3421 3127 3027 2693 2640 2256 3606 11183 10566 10846 10628 10453 10397 10079 10840 11188 10448 10867 11231 10037 9928 10943 10735 10426 10306 10665 13537 13287 13420 13925 13974 13069 13310 13544 13561 13835 13814 13318 13832 13974 13652 13471 13917 13511 13648 13374 11731 4485 7382 7173 2013 91 8988 10121 5114 11967 
1000000 1000000 1000000 1000000 1000000 1000000 1000000 1000000 1000000 1000000 7154 6995 7384 6726 7251 7451 7841 7345 7466 6999 6876 7497 6809 7011 7210 7511 7334 7514 7162 7289 6432 491 865 848 1089 685 365 682 761 967 0 585 481 770 1089 323 401 497 858 2387 2637 1778 2429 2702 2841 2451 1819 2443 2227 2955 2083 1938 2594 2740 3080 2561 2413 2159 2340 1876 3013 10268 9626 9914 9706 9516 9463 9163 9918 10269 9544 9926 10297 9122 9007 10005 9815 9523 9377 9761 12621 12374 12506 12997 13047 12149 12382 12627 12626 12905 12884 12407 12908 13047 12722 12547 12991 12580 12725 12446 10809 3529 6455 6360 1175 1005 8021 9346 4165 11033 
1000000 1000000 1000000 1000000 1000000 1000000 1000000 1000000 1000000 1000000 7736 7569 7957 7307 7834 8026 8418 7924 8047 7577 7452 8068 7393 7586 7785 8092 7916 8095 7743 7872 7004 479 311 595 538 492 432 603 221 491 585 0 341 221 538 626 456 630 465 2735 3081 2239 2885 3191 3214 2819 2334 2881 2687 3401 2439 2398 2951 3148 3455 3037 2909 2616 2686 2252 3505 10850 10203 10494 10288 10094 10042 9746 10499 10851 10128 10502 10876 9705 9589 10582 10397 10106 9957 10345 13203 12957 13089 13578 13628 12731 12963 13210 13204 13485 13464 12990 13489 13628 13301 13129 13572 13160 13306 13026 11391 4098 6905 6933 1526 489 8558 9911 4738 11612 
1000000 1000000 1000000 1000000 1000000 1000000 1000000 1000000 1000000 1000000 7571 7435 7827 7148 7663 7890 8274 7773 7889 7430 7312 7940 7217 7447 7648 7931 7752 7934 7587 7702 6874 672 637 900 854 224 145 847 378 831 481 341 0 395 854 691 143 783 799 2835 3112 2255 2906 3182 3299 2906 2299 2917 2705 3431 2532 2415 3046 3208 3539 3041 2893 2636 2787 2331 3494 10642 9971 10271 10074 9865 9816 9538 10285 10640 9931 10269 10651 9498 9377 10353 10186 9909 9737 10146 12992 12750 12881 13357 13408 12517 12742 12998 12976 13262 13241 12784 13272 13408 13077 12912 13353 12936 13089 12804 11176 3856 6581 6801 1195 823 8274 9796 4505 11386 
1000000 1000000 1000000 1000000 1000000 1000000 1000000 1000000 1000000 1000000 7920 7764 8153 7494 8016 8221 8610 8114 8234 7768 7646 8265 7573 7780 7980 8278 8101 8281 7931 8055 7201 693 311 746 491 441 529 798 20 538 770 221 395 0 491 844 536 848 575 2951 3301 2459 3105 3409 3431 3037 2548 3101 2907 3621 2656 2617 3169 3367 3673 3256 3126 2836 2902 2471 3723 11015 10354 10651 10450 10247 10197 9911 10661 11015 10299 10653 11032 9871 9752 10735 10561 10277 10116 10514 13367 13123 13254 13736 13786 12893 13121 13373 13358 13642 13621 13156 13649 13786 13458 13289 13731 13316 13467 13183 11552 4242 6962 7129 1573 498 8668 10113 4888 11767 
1000000 1000000 1000000 1000000 1000000 1000000 1000000 1000000 1000000 1000000 8195 7998 8381 7762 8297 8456 8855 8369 8499 8018 7888 8491 7861 8022 8217 8547 8374 8549 8193 8335 7431 770 229 571 0 931 965 750 510 221 1089 538 854 491 0 1016 984 922 374 2910 3348 2546 3168 3506 3401 3012 2695 3144 2979 3664 2633 2698 3130 3372 3641 3340 3236 2906 2860 2474 3818 11343 10712 10997 10785 10601 10547 10239 10997 11346 10613 11012 11382 10197 10086 11090 10893 10591 10459 10830 13697 13449 13581 14079 14128 13227 13464 13704 13711 13988 13967 13480 13988 14128 13805 13627 14072 13663 13804 13528 11888 4617 7435 7362 2048 131 9093 10318 5253 12117 
1000000 1000000 1000000 1000000 1000000 1000000 1000000 1000000 1000000 1000000 7180 6986 7370 6747 7283 7444 7841 7354 7484 7004 6874 7481 6848 7008 7204 7532 7359 7534 7178 7321 6420 265 819 622 1016 914 622 415 843 843 323 626 691 844 1016 0 663 191 701 2148 2461 1615 2262 2566 2617 2223 1713 2261 2063 2781 1846 1774 2360 2537 2858 2412 2284 1993 2099 1650 2880 10341 9729 10006 9787 9616 9559 9237 9999 10346 9606 10030 10392 9195 9087 10105 9893 9584 9465 9823 12695 12445 12578 13084 13133 12227 12469 12702 12722 12994 12974 12476 12990 13133 12812 12629 13076 12670 12806 12534 10890 3665 6703 6350 1485 905 8198 9314 4285 11127 
1000000 1000000 1000000 1000000 1000000 1000000 1000000 1000000 1000000 1000000 7437 7307 7700 7015 7529 7762 8144 7642 7756 7300 7183 7813 7082 7317 7520 7798 7619 7801 7454 7568 6746 699 762 972 984 291 43 887 519 943 401 456 143 536 984 663 0 785 894 2784 3034 2175 2825 3091 3241 2850 2202 2842 2623 3352 2480 2335 2992 3141 3480 2953 2801 2556 2737 2275 3401 10502 9830 10130 9934 9723 9675 9398 10145 10500 9792 10127 10509 9359 9237 10211 10046 9770 9596 10007 12852 12610 12741 13216 13267 12377 12601 12858 12835 13121 13099 12644 13131 13267 12936 12771 13212 12795 12949 12663 11036 3714 6452 6673 1071 944 8133 9672 4363 11245 
1000000 1000000 1000000 1000000 1000000 1000000 1000000 1000000 1000000 1000000 7293 7082 7462 6857 7398 7540 7941 7458 7592 7106 6973 7573 6966 7107 7301 7642 7471 7644 7286 7435 6514 162 752 459 922 1005 743 238 850 728 497 630 783 848 922 191 785 0 575 2105 2467 1640 2277 2599 2584 2190 1774 2265 2082 2786 1809 1796 2322 2522 2826 2439 2324 2010 2056 1625 2913 10473 9873 10146 9923 9759 9700 9370 10135 10480 9733 10176 10533 9327 9222 10248 10028 9711 9604 9951 12828 12576 12709 13222 13270 12361 12606 12835 12863 13133 13112 12606 13126 13270 12951 12765 13212 12809 12941 12672 11025 3825 6891 6445 1669 801 8370 9397 4439 11268 
1000000 1000000 1000000 1000000 1000000 1000000 1000000 1000000 1000000 1000000 7867 7655 8034 7431 7971 8112 8515 8033 8166 7680 7547 8145 7539 7680 7874 8216 8045 8218 7860 8009 7087 439 301 204 374 955 862 380 591 159 858 465 799 575 374 701 894 575 0 2541 2975 2177 2796 3137 3031 2641 2336 2771 2608 3290 2262 2327 2761 2999 3271 2969 2869 2535 2491 2101 3448 11040 10430 10707 10487 10317 10259 9936 10699 11046 10303 10731 11093 9894 9787 10806 10593 10281 10166 10520 13395 13144 13277 13785 13833 12927 13169 13402 13423 13695 13674 13174 13690 13833 13513 13330 13776 13371 13506 13234 11590 4358 7301 7018 1952 244 8874 9964 4983 11828 
1000000 1000000 1000000 1000000 1000000 1000000 1000000 1000000 1000000 1000000 6066 5671 6008 5620 6199 6118 6548 6131 6302 5771 5603 6110 5826 5729 5898 6372 6227 6371 6002 6231 5114 2259 2808 2341 2910 3055 2746 2187 2955 2690 2387 2735 2835 2951 2910 2148 2784 2105 2541 0 683 830 678 1043 491 135 1113 554 681 905 305 744 220 531 731 875 977 665 50 520 1253 9422 9021 9213 8930 8889 8805 8349 9140 9450 8627 9325 9611 8302 8242 9368 9014 8607 8668 8847 11745 11472 11609 12205 12245 11304 11595 11753 11908 12130 12113 11491 12082 12245 11960 11725 12182 11819 11896 11669 10008 3641 7262 5059 3179 2781 8085 7809 4048 10329 
1000000 1000000 1000000 1000000 1000000 1000000 1000000 1000000 1000000 1000000 5385 5001 5344 4939 5517 5450 5878 5455 5624 5094 4929 5447 5144 5056 5227 5693 5547 5692 5323 5550 4441 2628 3211 2785 3348 3321 3001 2600 3301 3131 2637 3081 3112 3301 3348 2461 3034 2467 2975 683 0 860 220 379 540 553 937 204 418 321 802 701 586 287 656 258 452 481 713 892 574 8739 8343 8533 8248 8211 8125 7667 8458 8768 7945 8648 8931 7620 7561 8689 8332 7925 7988 8165 11063 10790 10928 11522 11563 10621 10913 11071 11226 11448 11431 10810 11400 11563 11278 11043 11500 11136 11214 10987 9325 3115 6779 4385 3203 3218 7467 7170 3461 9648 
1000000 1000000 1000000 1000000 1000000 1000000 1000000 1000000 1000000 1000000 5863 5569 5934 5419 5983 6025 6441 5984 6135 5625 5476 6042 5577 5608 5793 6194 6035 6195 5829 6018 5000 1801 2391 2000 2546 2462 2142 1797 2457 2335 1778 2239 2255 2459 2546 1615 2175 1640 2177 830 860 0 652 961 1157 821 343 672 451 1178 598 161 969 999 1376 800 695 382 803 431 1274 9153 8662 8890 8632 8537 8463 8061 8844 9171 8380 8968 9285 8015 7935 9023 8726 8359 8344 8600 11498 11234 11370 11929 11973 11044 11315 11506 11605 11848 11830 11258 11818 11973 11672 11459 11912 11530 11633 11386 9725 2976 6525 4937 2400 2418 7516 7827 3458 10013 
1000000 1000000 1000000 1000000 1000000 1000000 1000000 1000000 1000000 1000000 5444 5088 5439 4998 5573 5540 5965 5530 5694 5170 5009 5543 5189 5138 5314 5760 5609 5759 5391 5606 4524 2438 3024 2610 3168 3113 2793 2419 3104 2953 2429 2885 2906 3105 3168 2262 2825 2277 2796 678 220 652 0 396 689 568 719 130 203 528 709 491 651 453 846 213 311 271 693 750 677 8783 8359 8560 8282 8229 8147 7704 8493 8809 7994 8665 8957 7657 7592 8710 8370 7974 8014 8214 11114 10844 10981 11565 11607 10669 10955 11122 11261 11489 11472 10865 11447 11607 11317 11089 11545 11176 11261 11028 9365 3002 6651 4465 2983 3039 7411 7289 3382 9678 
1000000 1000000 1000000 1000000 1000000 1000000 1000000 1000000 1000000 1000000 5050 4693 5045 4603 5178 5145 5570 5134 5298 4774 4613 5150 4797 4742 4919 5364 5214 5364 4995 5212 4129 2760 3351 2957 3506 3380 3061 2757 3406 3295 2702 3191 3182 3409 3506 2566 3091 2599 3137 1043 379 961 396 0 901 918 896 497 542 442 1104 810 964 651 966 185 292 613 1066 1139 315 8392 7979 8174 7894 7848 7764 7315 8105 8418 7601 8284 8572 7268 7205 8327 7980 7581 7629 7821 10721 10450 10588 11174 11215 10277 10564 10729 10873 11099 11081 10471 11055 11215 10927 10697 11153 10786 10869 10637 8975 2764 6435 4070 3129 3378 7089 6904 3090 9292 
1000000 1000000 1000000 1000000 1000000 1000000 1000000 1000000 1000000 1000000 5751 5314 5637 5306 5889 5753 6188 5790 5969 5431 5256 5735 5535 5379 5540 6043 5906 6041 5673 5919 4765 2740 3295 2831 3401 3518 3204 2674 3434 3181 2841 3214 3299 3431 3401 2617 3241 2584 3031 491 540 1157 689 901 0 395 1353 575 821 574 776 1024 272 254 242 797 981 850 541 968 994 9124 8772 8945 8648 8637 8547 8065 8857 9158 8321 9075 9343 8017 7968 9110 8728 8302 8402 8540 11431 11155 11293 11905 11943 10998 11299 11439 11623 11834 11818 11171 11777 11943 11667 11422 11879 11526 11591 11375 9715 3654 7318 4714 3556 3271 7977 7397 3991 10054 
1000000 1000000 1000000 1000000 1000000 1000000 1000000 1000000 1000000 1000000 5934 5537 5874 5487 6067 5983 6414 5997 6169 5637 5469 5975 5695 5595 5763 6239 6094 6237 5869 6099 4980 2346 2903 2442 3012 3126 2813 2282 3040 2792 2451 2819 2906 3037 3012 2223 2850 2190 2641 135 553 821 568 918 395 0 1075 440 601 771 382 713 151 399 637 756 874 598 175 576 1121 9291 8894 9085 8800 8762 8677 8219 9010 9320 8495 9199 9483 8172 8113 9240 8884 8475 8540 8715 11613 11339 11477 12074 12114 11172 11464 11621 11778 12000 11983 11358 11951 12114 11830 11594 12051 11688 11765 11539 9877 3555 7188 4925 3203 2882 7978 7675 3948 10200 
1000000 1000000 1000000 1000000 1000000 1000000 1000000 1000000 1000000 1000000 5603 5340 5713 5160 5718 5797 6207 5739 5884 5383 5240 5822 5304 5372 5562 5940 5777 5941 5578 5754 4771 1931 2521 2175 2695 2493 2174 1959 2544 2493 1819 2334 2299 2548 2695 1713 2202 1774 2336 1113 937 343 719 896 1353 1075 0 796 540 1224 921 371 1213 1149 1544 782 605 503 1095 771 1202 8868 8357 8593 8340 8234 8162 7772 8553 8884 8102 8662 8987 7728 7642 8720 8437 8081 8047 8321 11217 10955 11091 11640 11685 10760 11026 11224 11309 11558 11539 10981 11533 11685 11381 11172 11625 11239 11347 11096 9437 2634 6190 4705 2268 2571 7178 7631 3120 9717 
1000000 1000000 1000000 1000000 1000000 1000000 1000000 1000000 1000000 1000000 5543 5175 5522 5096 5673 5625 6052 5622 5789 5262 5099 5625 5293 5227 5401 5855 5707 5855 5486 5706 4613 2426 3008 2581 3144 3127 2808 2396 3101 2927 2443 2881 2917 3101 3144 2261 2842 2265 2771 554 204 672 130 497 575 440 796 0 257 522 618 516 521 354 750 323 441 305 573 691 749 8888 8473 8670 8390 8342 8259 7811 8601 8915 8097 8778 9068 7764 7701 8822 8477 8077 8125 8317 11216 10945 11083 11671 11712 10773 11060 11224 11369 11595 11578 10966 11551 11712 11424 11193 11649 11282 11365 11134 9472 3131 6779 4555 3045 3014 7539 7359 3512 9788 
1000000 1000000 1000000 1000000 1000000 1000000 1000000 1000000 1000000 1000000 5556 5221 5577 5109 5681 5674 6096 5654 5813 5293 5137 5683 5289 5267 5446 5877 5723 5877 5509 5715 4655 2243 2831 2425 2979 2911 2591 2230 2905 2765 2227 2687 2705 2907 2979 2063 2623 2082 2608 681 418 451 203 542 821 601 540 257 0 730 622 290 718 610 1005 365 339 73 682 609 846 8879 8433 8643 8372 8304 8225 7795 8583 8903 8095 8739 9040 7749 7679 8787 8461 8075 8097 8316 11216 10948 11085 11661 11703 10767 11049 11224 11349 11583 11565 10970 11544 11703 11410 11186 11641 11268 11358 11121 9459 2961 6588 4594 2792 2850 7420 7444 3375 9763 
1000000 1000000 1000000 1000000 1000000 1000000 1000000 1000000 1000000 1000000 5191 4775 5107 4746 5327 5219 5651 5242 5417 4881 4711 5208 4968 4836 5001 5488 5349 5487 5118 5358 4220 2947 3529 3100 3664 3639 3319 2917 3621 3446 2955 3401 3431 3621 3664 2781 3352 2786 3290 905 321 1178 528 442 574 771 1224 522 730 0 1084 1018 745 383 561 455 665 797 945 1199 426 8560 8199 8374 8080 8064 7975 7497 8289 8592 7759 8502 8772 7449 7398 8538 8161 7739 7831 7978 10872 10597 10735 11341 11380 10436 10734 10880 11056 11270 11253 10615 11215 11380 11102 10859 11317 10960 11029 10810 9150 3178 6852 4167 3491 3534 7425 6906 3469 9484 
1000000 1000000 1000000 1000000 1000000 1000000 1000000 1000000 1000000 1000000 6153 5792 6139 5706 6281 6242 6669 6237 6402 5877 5715 6242 5895 5843 6018 6468 6318 6467 6099 6314 5229 1965 2522 2063 2633 2752 2442 1901 2659 2413 2083 2439 2532 2656 2633 1846 2480 1809 2262 305 802 598 709 1104 776 382 921 618 622 1084 0 561 515 748 1018 921 958 576 260 221 1365 9489 9053 9259 8985 8924 8843 8408 9196 9513 8701 9358 9657 8361 8293 9406 9074 8681 8713 8921 11821 11552 11689 12271 12313 11375 11660 11829 11964 12194 12176 11573 12153 12313 12022 11795 12251 11880 11967 11732 10070 3527 7109 5171 2887 2503 8025 7972 3972 10379 
1000000 1000000 1000000 1000000 1000000 1000000 1000000 1000000 1000000 1000000 5756 5447 5809 5311 5878 5903 6321 5869 6023 5509 5358 5916 5477 5489 5672 6084 5926 6084 5718 5913 4880 1957 2546 2148 2698 2622 2302 1948 2616 2485 1938 2398 2415 2617 2698 1774 2335 1796 2327 744 701 161 491 810 1024 713 371 516 290 1018 561 0 857 850 1235 644 556 221 725 446 1121 9059 8584 8806 8543 8458 8382 7969 8755 9079 8282 8890 9201 7924 7847 8943 8635 8261 8259 8502 11401 11136 11272 11837 11881 10949 11224 11409 11518 11758 11739 11159 11725 11881 11583 11365 11820 11441 11539 11295 9634 2969 6550 4817 2540 2569 7485 7693 3428 9928 
