NAME : P113222
TYPE : ATSP
DIMENSION : 140
EDGE_WEIGHT_TYPE : EXPLICIT
EDGE_WEIGHT_FORMAT : FULL_MATRIX
EDGE_WEIGHT_SECTION
1000000 1000000 1000000 1000000 1000000 1000000 1000000 1000000 1000000 1000000 1000000 1000000 1000000 1000000 1000000 1000000 1000000 1000000 1000000 1000000 7693 5392 5995 5897 6480 6552 6118 6379 5589 5863 6543 6898 6723 6552 6873 6771 6391 6491 2199 2924 3153 2056 2825 2256 2277 1947 2787 2117 2082 2474 2879 2350 3015 1958 3020 2371 1916 2855 2938 2515 8205 7987 8631 8115 7339 8002 7693 8631 8163 7784 8453 7954 7242 7772 8098 7899 7904 7722 8662 8450 7925 4321 3135 3327 3979 3146 3299 3533 4121 3593 3760 3107 3535 3856 3679 3418 3211 3874 3523 3285 8157 7465 8121 7711 8106 7593 8540 8121 7580 7367 7941 7613 7356 8262 8011 7789 7821 8075 8510 7341 0 1000000 1000000 1000000 1000000 1000000 1000000 1000000 1000000 1000000 1000000 1000000 1000000 1000000 1000000 1000000 1000000 1000000 1000000 1000000 
1000000 1000000 1000000 1000000 1000000 1000000 1000000 1000000 1000000 1000000 1000000 1000000 1000000 1000000 1000000 1000000 1000000 1000000 1000000 1000000 8486 5891 6566 6435 6953 7037 6559 6833 6131 6431 7093 7433 7245 7037 7406 7289 6888 6966 2811 3454 3549 2610 3143 2642 2547 2519 3110 2465 2440 2936 3196 2999 3495 2352 3443 2994 2384 3252 3476 3111 8914 8671 9311 8822 7997 8669 8391 9311 8827 8476 9153 8607 7918 8396 8793 8570 8621 8342 9344 9122 8615 4929 3856 4032 4591 3665 4033 4068 4699 4063 4295 3785 4081 4464 4154 4003 3883 4375 4180 3970 9081 8387 9045 8631 9029 8517 9464 9045 8504 8291 8865 8537 8280 9186 8935 8712 8745 8999 9434 8261 1000000 0 1000000 1000000 1000000 1000000 1000000 1000000 1000000 1000000 1000000 1000000 1000000 1000000 1000000 1000000 1000000 1000000 1000000 1000000 
1000000 1000000 1000000 1000000 1000000 1000000 1000000 1000000 1000000 1000000 1000000 1000000 1000000 1000000 1000000 1000000 1000000 1000000 1000000 1000000 8043 9050 9004 9144 9917 9897 9838 9949 8930 8940 9492 9828 9789 9897 9832 9849 9722 9914 7125 7635 8196 7273 8243 7786 8052 7198 8209 7808 7769 7679 8275 7021 7850 7638 8041 7120 7456 8040 7608 7258 9333 9427 9920 9290 9229 9592 9104 9920 9732 9217 9592 9686 9002 9801 9401 9487 9057 9798 9927 9859 9328 2943 3640 3484 3192 4183 3456 3838 3232 4053 3677 3753 3796 3305 3979 3745 3669 3746 3423 3568 4684 4731 4553 5048 4260 4508 4988 4353 4536 4351 4445 4043 4256 4899 4893 4807 4646 4865 4881 4893 1000000 1000000 0 1000000 1000000 1000000 1000000 1000000 1000000 1000000 1000000 1000000 1000000 1000000 1000000 1000000 1000000 1000000 1000000 1000000 
1000000 1000000 1000000 1000000 1000000 1000000 1000000 1000000 1000000 1000000 1000000 1000000 1000000 1000000 1000000 1000000 1000000 1000000 1000000 1000000 5273 7647 7276 7506 8211 8148 8293 8305 7392 7263 7625 7885 7921 8148 7902 7975 8000 8201 7052 7234 7781 7285 8024 7771 8095 7260 8002 7876 7848 7525 8035 6866 7436 7756 7662 6958 7564 7753 7195 7029 6653 6865 7217 6636 6906 7067 6588 7217 7175 6689 6875 7208 6665 7436 6784 6979 6435 7455 7213 7214 6767 5645 5519 5487 5723 6461 5348 6273 5886 6576 6217 5744 6219 5783 6536 6059 5719 6371 5643 5612 1133 1482 996 1711 693 1152 1422 787 1191 1125 918 611 1030 1349 1405 1395 1194 1353 1316 1740 1000000 1000000 1000000 0 1000000 1000000 1000000 1000000 1000000 1000000 1000000 1000000 1000000 1000000 1000000 1000000 1000000 1000000 1000000 1000000 
1000000 1000000 1000000 1000000 1000000 1000000 1000000 1000000 1000000 1000000 1000000 1000000 1000000 1000000 1000000 1000000 1000000 1000000 1000000 1000000 4660 750 1517 1224 1275 1392 822 1110 1117 1427 1737 1942 1724 1392 1904 1743 1307 1293 3293 2534 2263 3373 2657 3175 3255 3486 2689 3341 3369 2934 2605 3221 2405 3474 2389 3160 3493 2563 2531 2991 4221 3834 4351 4131 3101 3716 3704 4351 3829 3731 4358 3569 3177 3215 4012 3658 4038 3146 4390 4139 3831 8552 7239 7436 8267 7866 7292 8137 8492 8342 8324 7382 8112 8182 8402 7910 7479 8505 7760 7482 8027 7192 8083 7220 8287 7505 8269 8235 7469 7378 7950 7878 7439 7989 7691 7497 7658 7789 8314 6931 1000000 1000000 1000000 1000000 0 1000000 1000000 1000000 1000000 1000000 1000000 1000000 1000000 1000000 1000000 1000000 1000000 1000000 1000000 1000000 
1000000 1000000 1000000 1000000 1000000 1000000 1000000 1000000 1000000 1000000 1000000 1000000 1000000 1000000 1000000 1000000 1000000 1000000 1000000 1000000 7591 9341 9136 9323 10076 10034 10075 10139 9153 9096 9564 9866 9865 10034 9876 9922 9870 10069 7946 8336 8906 8133 9035 8649 8945 8076 9005 8705 8670 8483 9060 7805 8551 8551 8762 7905 8359 8799 8303 8019 8952 9118 9531 8925 9054 9307 8818 9531 9430 8926 9191 9430 8817 9611 9059 9211 8708 9620 9531 9505 9019 4577 5049 4928 4789 5741 4859 5429 4862 5673 5292 5206 5383 4891 5605 5300 5138 5383 4936 5030 3577 3899 3438 4163 3101 3596 3793 3204 3633 3514 3384 3061 3412 3789 3874 3860 3663 3818 3677 4127 1000000 1000000 1000000 1000000 1000000 0 1000000 1000000 1000000 1000000 1000000 1000000 1000000 1000000 1000000 1000000 1000000 1000000 1000000 1000000 
1000000 1000000 1000000 1000000 1000000 1000000 1000000 1000000 1000000 1000000 1000000 1000000 1000000 1000000 1000000 1000000 1000000 1000000 1000000 1000000 6073 4906 5228 5239 5965 5996 5725 5925 4951 5117 5795 6168 6044 5996 6155 6101 5817 5970 2238 2866 3385 2353 3350 2857 3112 2269 3314 2868 2829 2790 3388 2179 3067 2697 3223 2273 2516 3182 2848 2431 6861 6735 7368 6780 6204 6803 6409 7368 6967 6515 7128 6804 6050 6722 6805 6693 6547 6687 7392 7217 6655 3331 2015 2212 3043 2740 2071 2955 3268 3194 3125 2167 2923 2958 3243 2711 2260 3314 2536 2259 5964 5292 5924 5551 5905 5405 6350 5921 5393 5177 5744 5413 5162 6074 5831 5611 5634 5892 6317 5184 1000000 1000000 1000000 1000000 1000000 1000000 0 1000000 1000000 1000000 1000000 1000000 1000000 1000000 1000000 1000000 1000000 1000000 1000000 1000000 
1000000 1000000 1000000 1000000 1000000 1000000 1000000 1000000 1000000 1000000 1000000 1000000 1000000 1000000 1000000 1000000 1000000 1000000 1000000 1000000 1423 3154 2298 2572 2739 2613 3126 2923 2770 2415 2088 2050 2231 2613 2088 2249 2591 2720 5677 5112 5251 5893 5720 6007 6242 5976 5735 6199 6208 5662 5684 5487 5142 6245 5282 5494 6157 5487 5081 5387 454 265 871 360 691 448 95 871 571 79 669 601 620 928 312 365 287 976 895 734 168 9324 8240 8385 9142 9156 8204 9282 9383 9567 9400 8459 9239 9103 9596 9015 8525 9602 8713 8478 5855 5164 5961 5022 6267 5511 5941 6180 5470 5496 5897 6026 5590 5728 5475 5358 5565 5571 6027 4892 1000000 1000000 1000000 1000000 1000000 1000000 1000000 0 1000000 1000000 1000000 1000000 1000000 1000000 1000000 1000000 1000000 1000000 1000000 1000000 
1000000 1000000 1000000 1000000 1000000 1000000 1000000 1000000 1000000 1000000 1000000 1000000 1000000 1000000 1000000 1000000 1000000 1000000 1000000 1000000 6495 9107 8708 8945 9636 9568 9736 9737 8842 8701 9034 9278 9326 9568 9297 9378 9425 9626 8489 8697 9247 8716 9481 9210 9531 8686 9458 9308 9279 8973 9493 8308 8901 9182 9127 8402 8988 9212 8659 8479 7871 8121 8413 7865 8232 8331 7865 8413 8427 7960 8073 8485 7993 8742 8022 8251 7681 8767 8404 8434 8025 6420 6552 6483 6563 7412 6369 7166 6687 7448 7072 6755 7115 6644 7395 6985 6712 7200 6582 6602 2043 2749 1929 2866 1624 2403 2052 1708 2444 2474 1994 1948 2398 2197 2421 2530 2325 2329 1944 3026 1000000 1000000 1000000 1000000 1000000 1000000 1000000 1000000 0 1000000 1000000 1000000 1000000 1000000 1000000 1000000 1000000 1000000 1000000 1000000 
1000000 1000000 1000000 1000000 1000000 1000000 1000000 1000000 1000000 1000000 1000000 1000000 1000000 1000000 1000000 1000000 1000000 1000000 1000000 1000000 4330 5636 5425 5609 6363 6324 6361 6425 5440 5383 5865 6178 6166 6324 6187 6224 6158 6357 4734 4936 5491 4966 5716 5453 5777 4942 5693 5558 5530 5210 5729 4549 5142 5439 5367 4641 5246 5449 4898 4716 5584 5668 6170 5537 5480 5831 5344 6170 5972 5457 5846 5927 5251 6051 5644 5727 5303 6051 6178 6103 5569 4492 3878 3921 4436 4899 3748 4832 4654 5152 4854 4124 4780 4451 5140 4577 4136 5043 4175 4045 2635 2003 2597 2295 2598 2081 3022 2605 2072 1851 2417 2103 1834 2751 2518 2304 2311 2573 2988 1948 1000000 1000000 1000000 1000000 1000000 1000000 1000000 1000000 1000000 0 1000000 1000000 1000000 1000000 1000000 1000000 1000000 1000000 1000000 1000000 
1000000 1000000 1000000 1000000 1000000 1000000 1000000 1000000 1000000 1000000 1000000 1000000 1000000 1000000 1000000 1000000 1000000 1000000 1000000 1000000 2763 4018 3695 3905 4637 4587 4682 4715 3772 3668 4102 4403 4403 4587 4413 4460 4428 4629 4017 3947 4434 4276 4769 4676 5002 4293 4757 4826 4809 4364 4767 3801 4120 4758 4346 3872 4585 4482 3906 3884 3890 3928 4469 3833 3693 4078 3597 4469 4225 3711 4160 4161 3467 4265 3924 3971 3594 4262 4482 4381 3831 5793 4862 4970 5654 5856 4786 5901 5891 6208 5981 5100 5853 5635 6220 5631 5146 6182 5280 5080 3388 2549 3425 2653 3597 2834 3683 3553 2801 2684 3277 3169 2737 3389 3091 2877 3011 3184 3706 2314 1000000 1000000 1000000 1000000 1000000 1000000 1000000 1000000 1000000 1000000 0 1000000 1000000 1000000 1000000 1000000 1000000 1000000 1000000 1000000 
1000000 1000000 1000000 1000000 1000000 1000000 1000000 1000000 1000000 1000000 1000000 1000000 1000000 1000000 1000000 1000000 1000000 1000000 1000000 1000000 1976 4697 4147 4413 5040 4959 5206 5162 4372 4165 4403 4620 4686 4959 4641 4735 4831 5028 5334 5171 5608 5594 5986 5960 6280 5621 5978 6121 6108 5632 5976 5114 5323 6069 5542 5178 5904 5698 5130 5170 3332 3513 3911 3305 3553 3711 3229 3911 3825 3331 3571 3848 3313 4076 3444 3621 3093 4096 3911 3886 3414 6880 6084 6169 6785 7099 5986 7102 7014 7416 7158 6328 7051 6782 7419 6835 6362 7355 6459 6285 2704 1936 2790 1859 3065 2283 2880 2988 2242 2244 2697 2777 2334 2621 2336 2177 2371 2436 2943 1659 1000000 1000000 1000000 1000000 1000000 1000000 1000000 1000000 1000000 1000000 1000000 0 1000000 1000000 1000000 1000000 1000000 1000000 1000000 1000000 
1000000 1000000 1000000 1000000 1000000 1000000 1000000 1000000 1000000 1000000 1000000 1000000 1000000 1000000 1000000 1000000 1000000 1000000 1000000 1000000 7173 6270 6579 6598 7327 7357 7088 7288 6311 6471 7144 7517 7398 7357 7505 7455 7177 7332 3474 4162 4648 3535 4543 3999 4202 3435 4504 3967 3926 4003 4587 3456 4352 3784 4485 3542 3628 4415 4149 3709 8073 7978 8601 7996 7487 8063 7648 8601 8226 7756 8344 8076 7320 8019 8035 7951 7759 7988 8623 8461 7894 2015 681 889 1705 1424 790 1598 1921 1854 1762 806 1564 1611 1895 1349 902 1953 1193 912 6271 5730 6204 6029 6109 5762 6666 6147 5761 5529 6027 5641 5491 6419 6218 6014 5990 6261 6611 5684 1000000 1000000 1000000 1000000 1000000 1000000 1000000 1000000 1000000 1000000 1000000 1000000 0 1000000 1000000 1000000 1000000 1000000 1000000 1000000 
1000000 1000000 1000000 1000000 1000000 1000000 1000000 1000000 1000000 1000000 1000000 1000000 1000000 1000000 1000000 1000000 1000000 1000000 1000000 1000000 3045 5416 4974 5217 5898 5830 6011 6002 5130 4971 5296 5546 5589 5830 5564 5642 5688 5888 5458 5443 5940 5713 6265 6139 6467 5719 6250 6280 6260 5839 6264 5247 5622 6198 5849 5325 6018 5978 5403 5351 4401 4574 4981 4373 4568 4767 4281 4981 4885 4386 4641 4898 4328 5107 4509 4675 4159 5123 4981 4954 4474 6092 5441 5498 6035 6465 5320 6418 6254 6736 6447 5688 6365 6048 6728 6158 5707 6637 5762 5620 1894 1055 1945 1141 2159 1369 2173 2100 1333 1266 1813 1795 1343 1881 1581 1373 1522 1676 2201 805 1000000 1000000 1000000 1000000 1000000 1000000 1000000 1000000 1000000 1000000 1000000 1000000 1000000 0 1000000 1000000 1000000 1000000 1000000 1000000 
1000000 1000000 1000000 1000000 1000000 1000000 1000000 1000000 1000000 1000000 1000000 1000000 1000000 1000000 1000000 1000000 1000000 1000000 1000000 1000000 3817 201 691 420 922 976 708 872 281 587 1052 1358 1160 976 1327 1203 810 929 3390 2661 2566 3529 3018 3451 3603 3636 3043 3635 3656 3154 2971 3269 2595 3736 2652 3230 3712 2852 2645 3075 3432 3061 3614 3340 2319 2964 2903 3614 3090 2940 3588 2834 2371 2512 3233 2896 3231 2447 3653 3403 3048 8336 7055 7243 8071 7768 7087 8006 8304 8235 8179 7220 7976 7996 8288 7765 7311 8368 7575 7301 7276 6447 7338 6457 7557 6769 7503 7500 6732 6654 7212 7165 6720 7228 6931 6744 6912 7031 7553 6181 1000000 1000000 1000000 1000000 1000000 1000000 1000000 1000000 1000000 1000000 1000000 1000000 1000000 1000000 0 1000000 1000000 1000000 1000000 1000000 
1000000 1000000 1000000 1000000 1000000 1000000 1000000 1000000 1000000 1000000 1000000 1000000 1000000 1000000 1000000 1000000 1000000 1000000 1000000 1000000 8016 9081 9022 9167 9939 9917 9865 9973 8955 8960 9507 9840 9804 9917 9845 9864 9743 9935 7194 7695 8258 7345 8311 7859 8128 7271 8277 7883 7845 7747 8343 7087 7911 7715 8103 7186 7531 8106 7668 7322 9313 9413 9900 9271 9224 9579 9091 9900 9718 9204 9570 9676 8997 9796 9384 9475 9039 9794 9906 9841 9313 3070 3750 3596 3317 4305 3565 3962 3359 4180 3803 3866 3920 3429 4106 3866 3784 3874 3541 3682 4601 4668 4469 4982 4172 4438 4900 4267 4466 4286 4365 3966 4189 4817 4817 4736 4571 4787 4792 4835 1000000 1000000 1000000 1000000 1000000 1000000 1000000 1000000 1000000 1000000 1000000 1000000 1000000 1000000 1000000 0 1000000 1000000 1000000 1000000 
1000000 1000000 1000000 1000000 1000000 1000000 1000000 1000000 1000000 1000000 1000000 1000000 1000000 1000000 1000000 1000000 1000000 1000000 1000000 1000000 5888 8111 7782 8001 8721 8664 8782 8808 7873 7762 8153 8424 8450 8664 8439 8505 8511 8712 7298 7537 8094 7520 8309 8019 8338 7486 8285 8111 8081 7792 8324 7122 7744 7981 7968 7217 7787 8045 7500 7301 7266 7468 7834 7247 7484 7667 7185 7834 7778 7287 7491 7804 7243 8022 7391 7577 7042 8038 7830 7826 7369 5361 5381 5325 5472 6276 5201 6053 5616 6346 5977 5593 6001 5544 6299 5858 5556 6118 5447 5447 1738 2111 1599 2348 1266 1787 1978 1369 1826 1742 1544 1245 1644 1951 2035 2033 1830 1977 1864 2362 1000000 1000000 1000000 1000000 1000000 1000000 1000000 1000000 1000000 1000000 1000000 1000000 1000000 1000000 1000000 1000000 0 1000000 1000000 1000000 
1000000 1000000 1000000 1000000 1000000 1000000 1000000 1000000 1000000 1000000 1000000 1000000 1000000 1000000 1000000 1000000 1000000 1000000 1000000 1000000 8379 6746 7230 7184 7841 7896 7525 7765 6879 7107 7796 8165 8012 7896 8146 8065 7725 7850 3590 4349 4694 3529 4435 3852 3935 3416 4395 3744 3705 3998 4487 3672 4487 3569 4544 3726 3480 4409 4352 3893 9117 8962 9602 9033 8386 9013 8644 9602 9177 8746 9380 8996 8251 8875 9045 8905 8805 8833 9629 9441 8887 2794 1887 2022 2462 1511 2077 1915 2553 1915 2141 1749 1929 2334 2005 1867 1832 2221 2098 1933 7895 7325 7831 7616 7744 7376 8290 7781 7372 7143 7653 7274 7108 8038 7828 7619 7605 7874 8238 7262 1000000 1000000 1000000 1000000 1000000 1000000 1000000 1000000 1000000 1000000 1000000 1000000 1000000 1000000 1000000 1000000 1000000 0 1000000 1000000 
1000000 1000000 1000000 1000000 1000000 1000000 1000000 1000000 1000000 1000000 1000000 1000000 1000000 1000000 1000000 1000000 1000000 1000000 1000000 1000000 5655 8149 7761 7995 8692 8627 8784 8790 7887 7751 8098 8350 8392 8627 8368 8445 8481 8682 7567 7753 8301 7798 8543 8286 8610 7772 8521 8389 8361 8042 8554 7382 7956 8268 8182 7474 8075 8272 7715 7547 7035 7265 7591 7023 7338 7471 6997 7591 7573 7095 7249 7618 7098 7860 7176 7386 6830 7881 7584 7598 7167 5935 5900 5855 6036 6816 5724 6607 6186 6904 6538 6118 6554 6104 6859 6404 6086 6683 5991 5978 1295 1861 1159 2032 814 1514 1461 917 1555 1547 1161 1013 1464 1493 1642 1697 1486 1566 1344 2134 1000000 1000000 1000000 1000000 1000000 1000000 1000000 1000000 1000000 1000000 1000000 1000000 1000000 1000000 1000000 1000000 1000000 1000000 0 1000000 
1000000 1000000 1000000 1000000 1000000 1000000 1000000 1000000 1000000 1000000 1000000 1000000 1000000 1000000 1000000 1000000 1000000 1000000 1000000 1000000 1654 5590 4795 5091 5435 5316 5771 5609 5201 4879 4754 4787 4947 5316 4822 4974 5262 5416 7267 6915 7228 7520 7668 7789 8081 7571 7671 7970 7966 7439 7645 7050 7016 7959 7207 7092 7822 7394 6876 7041 2488 2884 2846 2537 3416 3098 2812 2846 3108 2846 2562 3291 3247 3677 2712 3075 2486 3733 2821 2960 2823 9325 8535 8623 9236 9547 8440 9556 9464 9870 9612 8779 9505 9235 9873 9289 8814 9809 8914 8739 4007 3617 4141 3340 4485 3908 3931 4383 3871 4006 4153 4443 4108 3818 3662 3648 3851 3734 4041 3416 1000000 1000000 1000000 1000000 1000000 1000000 1000000 1000000 1000000 1000000 1000000 1000000 1000000 1000000 1000000 1000000 1000000 1000000 1000000 0 
1000000 1000000 1000000 1000000 1000000 1000000 1000000 1000000 1000000 1000000 1000000 1000000 1000000 1000000 1000000 1000000 1000000 1000000 1000000 1000000 0 3939 3157 3455 3854 3743 4161 4020 3552 3236 3168 3253 3390 3743 3285 3423 3670 3837 5762 5347 5624 6007 6073 6235 6515 6069 6079 6421 6421 5884 6047 5550 5432 6426 5614 5582 6301 5806 5309 5514 1382 1637 1946 1371 1931 1854 1421 1946 1936 1500 1604 2022 1722 2336 1528 1785 1191 2375 1944 1944 1545 8555 7597 7716 8414 8572 7532 8642 8652 8944 8731 7831 8595 8392 8960 8371 7883 8933 8031 7822 4455 3800 4567 3634 4880 4144 4526 4791 4102 4150 4512 4670 4247 4320 4076 3971 4180 4170 4614 3535 7693 8486 8043 5273 4660 7591 6073 1423 6495 4330 2763 1976 7173 3045 3817 8016 5888 8379 5655 1654 
1000000 1000000 1000000 1000000 1000000 1000000 1000000 1000000 1000000 1000000 1000000 1000000 1000000 1000000 1000000 1000000 1000000 1000000 1000000 1000000 3939 0 858 608 1096 1160 823 1025 393 741 1251 1558 1359 1160 1527 1401 1000 1105 3204 2470 2366 3338 2818 3254 3403 3446 2843 3437 3458 2958 2771 3087 2400 3539 2454 3046 3518 2653 2455 2889 3603 3238 3799 3510 2494 3146 3070 3799 3275 3110 3765 3020 2537 2704 3407 3076 3394 2639 3838 3589 3222 8200 6912 7102 7931 7611 6948 7855 8162 8080 8030 7073 7826 7854 8134 7616 7165 8218 7432 7158 7299 6466 7358 6486 7570 6784 7534 7514 6747 6663 7228 7169 6726 7256 6959 6768 6933 7058 7582 6203 5392 5891 9050 7647 750 9341 4906 3154 9107 5636 4018 4697 6270 5416 201 9081 8111 6746 8149 5590 
1000000 1000000 1000000 1000000 1000000 1000000 1000000 1000000 1000000 1000000 1000000 1000000 1000000 1000000 1000000 1000000 1000000 1000000 1000000 1000000 3157 858 0 298 942 900 1063 1030 484 137 569 942 824 900 927 883 734 935 3798 3113 3113 3968 3578 3960 4144 4068 3599 4149 4166 3640 3535 3649 3085 4231 3178 3625 4183 3382 3091 3484 2746 2382 2952 2653 1638 2296 2214 2952 2429 2253 2909 2177 1682 1884 2551 2222 2541 1822 2990 2742 2365 8433 7190 7369 8188 7966 7204 8176 8425 8422 8336 7371 8142 8121 8469 7926 7457 8530 7703 7437 6819 6005 6891 5986 7129 6336 7023 7065 6298 6238 6775 6761 6311 6756 6464 6287 6465 6564 7080 5733 5995 6566 9004 7276 1517 9136 5228 2298 8708 5425 3695 4147 6579 4974 691 9022 7782 7230 7761 4795 
1000000 1000000 1000000 1000000 1000000 1000000 1000000 1000000 1000000 1000000 1000000 1000000 1000000 1000000 1000000 1000000 1000000 1000000 1000000 1000000 3455 608 298 0 775 772 796 816 309 248 661 1002 831 772 977 882 591 773 3699 2989 2941 3853 3400 3810 3977 3957 3423 3997 4016 3501 3354 3562 2942 4089 3017 3531 4053 3219 2970 3383 3016 2642 3195 2925 1901 2544 2491 3195 2671 2524 3170 2414 1961 2097 2815 2476 2821 2032 3234 2984 2631 8482 7221 7404 8228 7970 7243 8193 8463 8431 8358 7395 8161 8157 8481 7946 7483 8550 7738 7468 7073 6254 7142 6244 7375 6583 7284 7313 6545 6479 7023 6998 6550 7015 6721 6541 6716 6821 7339 5984 5897 6435 9144 7506 1224 9323 5239 2572 8945 5609 3905 4413 6598 5217 420 9167 8001 7184 7995 5091 
1000000 1000000 1000000 1000000 1000000 1000000 1000000 1000000 1000000 1000000 1000000 1000000 1000000 1000000 1000000 1000000 1000000 1000000 1000000 1000000 3854 1096 942 775 0 130 459 191 1025 983 687 721 514 130 680 510 211 21 4297 3557 3408 4425 3840 4312 4435 4533 3869 4490 4514 4031 3791 4182 3475 4603 3510 4140 4593 3702 3544 3982 3144 2735 3180 3062 2051 2583 2675 3180 2673 2676 3238 2415 2192 2030 2920 2545 3017 1960 3220 2971 2752 9231 7959 8145 8972 8685 7987 8919 9205 9150 9089 8128 8888 8898 9203 8676 8218 9279 8478 8206 7729 6921 7804 6891 8049 7256 7920 7983 7217 7164 7692 7689 7238 7658 7369 7197 7379 7469 7981 6648 6480 6953 9917 8211 1275 10076 5965 2739 9636 6363 4637 5040 7327 5898 922 9939 8721 7841 8692 5435 
1000000 1000000 1000000 1000000 1000000 1000000 1000000 1000000 1000000 1000000 1000000 1000000 1000000 1000000 1000000 1000000 1000000 1000000 1000000 1000000 3743 1160 900 772 130 0 583 321 1046 958 579 591 385 0 550 380 182 110 4364 3628 3495 4497 3932 4396 4526 4605 3960 4575 4599 4110 3883 4244 3553 4685 3594 4204 4671 3788 3614 4048 3017 2606 3050 2935 1927 2453 2550 3050 2543 2550 3109 2285 2071 1900 2792 2416 2892 1830 3090 2841 2625 9250 7985 8169 8994 8721 8009 8950 9228 9184 9118 8156 8919 8922 9236 8705 8245 9309 8502 8232 7652 6848 7729 6813 7977 7184 7839 7911 7145 7096 7619 7622 7171 7579 7291 7121 7304 7391 7901 6574 6552 7037 9897 8148 1392 10034 5996 2613 9568 6324 4587 4959 7357 5830 976 9917 8664 7896 8627 5316 
1000000 1000000 1000000 1000000 1000000 1000000 1000000 1000000 1000000 1000000 1000000 1000000 1000000 1000000 1000000 1000000 1000000 1000000 1000000 1000000 4161 823 1063 796 459 583 0 289 922 1043 1038 1162 946 583 1122 954 541 478 3954 3203 3011 4065 3430 3921 4028 4176 3461 4095 4121 3654 3380 3854 3105 4216 3122 3805 4217 3309 3194 3642 3545 3142 3614 3460 2435 3002 3056 3614 3101 3067 3655 2841 2552 2466 3326 2957 3397 2396 3654 3403 3152 9022 7732 7923 8753 8422 7769 8671 8983 8892 8847 7892 8642 8674 8948 8433 7984 9034 8253 7978 7868 7049 7937 7039 8169 7377 8079 8107 7339 7272 7818 7790 7342 7809 7516 7336 7511 7616 8134 6778 6118 6559 9838 8293 822 10075 5725 3126 9736 6361 4682 5206 7088 6011 708 9865 8782 7525 8784 5771 
1000000 1000000 1000000 1000000 1000000 1000000 1000000 1000000 1000000 1000000 1000000 1000000 1000000 1000000 1000000 1000000 1000000 1000000 1000000 1000000 4020 1025 1030 816 191 321 289 0 1024 1047 855 911 703 321 871 700 350 211 4205 3459 3285 4324 3710 4193 4306 4434 3739 4369 4394 3920 3659 4098 3368 4487 3393 4052 4483 3582 3448 3892 3331 2922 3371 3248 2234 2772 2858 3371 2863 2861 3427 2604 2370 2221 3108 2733 3200 2150 3411 3161 2939 9206 7926 8114 8943 8635 7958 8876 9175 9103 9049 8091 8846 8867 9157 8636 8182 9238 8446 8173 7843 7031 7917 7008 8157 7364 8041 8093 7325 7267 7802 7790 7340 7777 7486 7311 7491 7586 8100 6759 6379 6833 9949 8305 1110 10139 5925 2923 9737 6425 4715 5162 7288 6002 872 9973 8808 7765 8790 5609 
1000000 1000000 1000000 1000000 1000000 1000000 1000000 1000000 1000000 1000000 1000000 1000000 1000000 1000000 1000000 1000000 1000000 1000000 1000000 1000000 3552 393 484 309 1025 1046 922 1024 0 357 962 1309 1138 1046 1285 1189 866 1028 3391 2683 2647 3546 3110 3509 3683 3650 3132 3697 3715 3197 3065 3254 2640 3786 2720 3223 3748 2923 2664 3075 3221 2862 3435 3127 2119 2779 2685 3435 2913 2729 3389 2660 2152 2362 3029 2705 3007 2299 3474 3226 2843 8207 6939 7124 7949 7678 6965 7905 8184 8141 8072 7111 7873 7877 8191 7660 7199 8264 7457 7186 7002 6175 7066 6182 7288 6498 7227 7229 6461 6385 6941 6899 6453 6953 6657 6470 6640 6756 7278 5908 5589 6131 8930 7392 1117 9153 4951 2770 8842 5440 3772 4372 6311 5130 281 8955 7873 6879 7887 5201 
1000000 1000000 1000000 1000000 1000000 1000000 1000000 1000000 1000000 1000000 1000000 1000000 1000000 1000000 1000000 1000000 1000000 1000000 1000000 1000000 3236 741 137 248 983 958 1043 1047 357 0 690 1060 928 958 1043 985 783 978 3666 2978 2977 3834 3443 3824 4008 3934 3464 4013 4030 3504 3400 3518 2949 4095 3042 3493 4048 3246 2957 3351 2865 2505 3081 2771 1762 2424 2330 3081 2559 2372 3032 2307 1797 2018 2672 2348 2653 1957 3119 2872 2486 8334 7085 7265 8086 7853 7102 8067 8322 8311 8228 7264 8034 8017 8359 7818 7350 8422 7600 7332 6826 6007 6896 5997 7129 6337 7037 7067 6299 6234 6777 6754 6305 6767 6474 6294 6469 6574 7092 5737 5863 6431 8940 7263 1427 9096 5117 2415 8701 5383 3668 4165 6471 4971 587 8960 7762 7107 7751 4879 
1000000 1000000 1000000 1000000 1000000 1000000 1000000 1000000 1000000 1000000 1000000 1000000 1000000 1000000 1000000 1000000 1000000 1000000 1000000 1000000 3168 1251 569 661 687 579 1038 855 962 690 0 374 301 579 362 360 510 669 4344 3644 3601 4505 4059 4470 4638 4607 4083 4657 4676 4159 4013 4201 3601 4748 3678 4174 4710 3880 3624 4029 2511 2112 2614 2424 1398 1983 2019 2614 2093 2030 2631 1833 1519 1482 2294 1931 2360 1415 2654 2402 2118 8989 7752 7929 8747 8533 7764 8741 8984 8988 8900 7935 8707 8681 9035 8490 8020 9094 8264 7999 7101 6304 7181 6259 7435 6643 7281 7366 6603 6561 7075 7090 6638 7023 6737 6571 6757 6837 7345 6029 6543 7093 9492 7625 1737 9564 5795 2088 9034 5865 4102 4403 7144 5296 1052 9507 8153 7796 8098 4754 
1000000 1000000 1000000 1000000 1000000 1000000 1000000 1000000 1000000 1000000 1000000 1000000 1000000 1000000 1000000 1000000 1000000 1000000 1000000 1000000 3253 1558 942 1002 721 591 1162 911 1309 1060 374 0 219 591 41 211 637 700 4699 3990 3923 4854 4375 4803 4960 4958 4400 4988 5008 4498 4328 4560 3939 5085 4006 4531 5053 4207 3971 4383 2440 2027 2460 2361 1374 1867 1993 2460 1954 1983 2524 1696 1544 1310 2213 1834 2333 1240 2500 2251 2050 9359 8124 8301 9117 8906 8135 9115 9355 9362 9272 8308 9080 9052 9408 8863 8392 9467 8636 8371 7323 6538 7408 6478 7671 6880 7488 7599 6840 6807 7307 7339 6888 7237 6955 6795 6986 7054 7556 6262 6898 7433 9828 7885 1942 9866 6168 2050 9278 6178 4403 4620 7517 5546 1358 9840 8424 8165 8350 4787 
1000000 1000000 1000000 1000000 1000000 1000000 1000000 1000000 1000000 1000000 1000000 1000000 1000000 1000000 1000000 1000000 1000000 1000000 1000000 1000000 3390 1359 824 831 514 385 946 703 1138 928 301 219 0 385 181 60 418 494 4525 3808 3725 4675 4175 4611 4762 4780 4200 4795 4816 4310 4127 4391 3751 4895 3812 4359 4867 4012 3791 4209 2632 2222 2671 2551 1547 2069 2170 2671 2161 2167 2725 1902 1700 1522 2407 2031 2511 1452 2711 2461 2240 9257 8012 8191 9011 8779 8027 8995 9247 9238 9156 8191 8961 8943 9286 8745 8277 9349 8526 8259 7386 6593 7468 6543 7725 6933 7561 7655 6893 6853 7363 7383 6931 7306 7021 6857 7044 7121 7626 6317 6723 7245 9789 7921 1724 9865 6044 2231 9326 6166 4403 4686 7398 5589 1160 9804 8450 8012 8392 4947 
1000000 1000000 1000000 1000000 1000000 1000000 1000000 1000000 1000000 1000000 1000000 1000000 1000000 1000000 1000000 1000000 1000000 1000000 1000000 1000000 3743 1160 900 772 130 0 583 321 1046 958 579 591 385 0 550 380 182 110 4364 3628 3495 4497 3932 4396 4526 4605 3960 4575 4599 4110 3883 4244 3553 4685 3594 4204 4671 3788 3614 4048 3017 2606 3050 2935 1927 2453 2550 3050 2543 2550 3109 2285 2071 1900 2792 2416 2892 1830 3090 2841 2625 9250 7985 8169 8994 8721 8009 8950 9228 9184 9118 8156 8919 8922 9236 8705 8245 9309 8502 8232 7652 6848 7729 6813 7977 7184 7839 7911 7145 7096 7619 7622 7171 7579 7291 7121 7304 7391 7901 6574 6552 7037 9897 8148 1392 10034 5996 2613 9568 6324 4587 4959 7357 5830 976 9917 8664 7896 8627 5316 
1000000 1000000 1000000 1000000 1000000 1000000 1000000 1000000 1000000 1000000 1000000 1000000 1000000 1000000 1000000 1000000 1000000 1000000 1000000 1000000 3285 1527 927 977 680 550 1122 871 1285 1043 362 41 181 550 0 171 598 660 4675 3964 3892 4829 4344 4774 4929 4933 4369 4959 4980 4471 4297 4537 3912 5056 3977 4507 5025 4177 3945 4359 2479 2066 2500 2399 1411 1907 2030 2500 1994 2021 2563 1736 1578 1350 2252 1873 2371 1280 2540 2291 2089 9350 8113 8291 9108 8893 8125 9102 9345 9349 9261 8296 9068 9042 9396 8851 8381 9455 8626 8361 7344 6558 7428 6500 7691 6900 7510 7619 6860 6826 7328 7357 6906 7259 6976 6816 7006 7076 7578 6282 6873 7406 9832 7902 1904 9876 6155 2088 9297 6187 4413 4641 7505 5564 1327 9845 8439 8146 8368 4822 
1000000 1000000 1000000 1000000 1000000 1000000 1000000 1000000 1000000 1000000 1000000 1000000 1000000 1000000 1000000 1000000 1000000 1000000 1000000 1000000 3423 1401 883 882 510 380 954 700 1189 985 360 211 60 380 171 0 439 490 4574 3855 3766 4722 4213 4653 4801 4827 4239 4837 4858 4355 4166 4441 3796 4938 3854 4408 4912 4053 3838 4257 2645 2232 2671 2564 1568 2076 2189 2671 2164 2183 2732 1906 1727 1521 2419 2041 2531 1450 2711 2461 2254 9316 8070 8249 9069 8836 8086 9052 9306 9295 9213 8249 9019 9002 9343 8803 8335 9407 8584 8317 7436 6644 7518 6593 7776 6984 7609 7706 6945 6906 7415 7436 6984 7355 7070 6907 7095 7170 7675 6368 6771 7289 9849 7975 1743 9922 6101 2249 9378 6224 4460 4735 7455 5642 1203 9864 8505 8065 8445 4974 
1000000 1000000 1000000 1000000 1000000 1000000 1000000 1000000 1000000 1000000 1000000 1000000 1000000 1000000 1000000 1000000 1000000 1000000 1000000 1000000 3670 1000 734 591 211 182 541 350 866 783 510 637 418 182 598 439 0 202 4200 3469 3352 4338 3794 4248 4386 4445 3821 4429 4452 3957 3746 4078 3399 4536 3447 4039 4517 3643 3454 3884 3007 2603 3076 2922 1901 2461 2523 3076 2561 2531 3115 2301 2028 1929 2787 2416 2865 1859 3116 2864 2614 9069 7804 7988 8813 8542 7829 8771 9048 9006 8938 7976 8739 8742 9057 8526 8065 9130 8322 8051 7519 6711 7594 6681 7839 7045 7711 7773 7007 6953 7482 7478 7027 7449 7159 6987 7168 7259 7772 6437 6391 6888 9722 8000 1307 9870 5817 2591 9425 6158 4428 4831 7177 5688 810 9743 8511 7725 8481 5262 
1000000 1000000 1000000 1000000 1000000 1000000 1000000 1000000 1000000 1000000 1000000 1000000 1000000 1000000 1000000 1000000 1000000 1000000 1000000 1000000 3837 1105 935 773 21 110 478 211 1028 978 669 700 494 110 660 490 202 0 4307 3568 3421 4435 3854 4324 4449 4544 3883 4503 4527 4043 3805 4192 3487 4615 3523 4150 4605 3715 3555 3992 3125 2715 3160 3042 2032 2563 2656 3160 2653 2656 3219 2395 2173 2010 2900 2525 2998 1940 3200 2951 2732 9234 7963 8149 8975 8690 7990 8924 9209 9155 9093 8132 8892 8902 9208 8680 8222 9283 8481 8210 7717 6910 7793 6879 8038 7245 7908 7972 7206 7153 7681 7679 7228 7646 7357 7185 7367 7457 7969 6636 6491 6966 9914 8201 1293 10069 5970 2720 9626 6357 4629 5028 7332 5888 929 9935 8712 7850 8682 5416 
1000000 1000000 1000000 1000000 1000000 1000000 1000000 1000000 1000000 1000000 1000000 1000000 1000000 1000000 1000000 1000000 1000000 1000000 1000000 1000000 5762 3204 3798 3699 4297 4364 3954 4205 3391 3666 4344 4699 4525 4364 4675 4574 4200 4307 0 759 1176 261 1119 722 1044 307 1085 831 807 555 1154 221 908 742 1014 184 571 947 764 317 6109 5861 6500 6017 5187 5859 5583 6500 6017 5667 6346 5798 5108 5596 5984 5759 5819 5544 6533 6312 5806 5488 4155 4362 5175 4645 4246 4951 5382 5125 5153 4255 4932 5075 5193 4746 4359 5321 4663 4383 7195 6401 7195 6578 7270 6613 7543 7258 6590 6413 7023 6784 6431 7248 6964 6740 6826 7046 7541 6213 2199 2811 7125 7052 3293 7946 2238 5677 8489 4734 4017 5334 3474 5458 3390 7194 7298 3590 7567 7267 
1000000 1000000 1000000 1000000 1000000 1000000 1000000 1000000 1000000 1000000 1000000 1000000 1000000 1000000 1000000 1000000 1000000 1000000 1000000 1000000 5347 2470 3113 2989 3557 3628 3203 3459 2683 2978 3644 3990 3808 3628 3964 3855 3469 3568 759 0 571 869 823 899 1170 977 811 1091 1097 551 821 711 217 1136 432 636 1071 535 42 464 5555 5278 5909 5461 4579 5257 5018 5909 5411 5095 5779 5181 4522 4953 5413 5163 5277 4897 5943 5713 5231 6172 4840 5044 5867 5379 4918 5673 6080 5858 5871 4955 5652 5771 5923 5461 5057 6043 5355 5074 7259 6439 7273 6582 7383 6682 7586 7360 6655 6496 7109 6908 6527 7290 6997 6776 6884 7085 7596 6228 2924 3454 7635 7234 2534 8336 2866 5112 8697 4936 3947 5171 4162 5443 2661 7695 7537 4349 7753 6915 
1000000 1000000 1000000 1000000 1000000 1000000 1000000 1000000 1000000 1000000 1000000 1000000 1000000 1000000 1000000 1000000 1000000 1000000 1000000 1000000 5624 2366 3113 2941 3408 3495 3011 3285 2647 2977 3601 3923 3725 3495 3892 3766 3352 3421 1176 571 0 1170 471 913 1038 1283 488 1085 1111 697 434 1207 355 1211 163 1114 1239 301 604 956 5702 5395 6009 5607 4671 5350 5159 6009 5497 5226 5909 5256 4643 4991 5542 5262 5440 4931 6045 5806 5356 6662 5328 5535 6350 5811 5416 6123 6557 6291 6327 5431 6104 6250 6361 5920 5534 6493 5838 5557 7776 6950 7794 7081 7914 7202 8095 7888 7174 7021 7632 7443 7054 7800 7505 7286 7399 7594 8109 6732 3153 3549 8196 7781 2263 8906 3385 5251 9247 5491 4434 5608 4648 5940 2566 8258 8094 4694 8301 7228 
1000000 1000000 1000000 1000000 1000000 1000000 1000000 1000000 1000000 1000000 1000000 1000000 1000000 1000000 1000000 1000000 1000000 1000000 1000000 1000000 6007 3338 3968 3853 4425 4497 4065 4324 3546 3834 4505 4854 4675 4497 4829 4722 4338 4435 261 869 1170 0 1010 518 821 115 972 592 564 480 1053 481 968 486 1017 428 311 901 885 507 6329 6073 6710 6236 5390 6064 5799 6710 6221 5882 6562 5999 5318 5786 6199 5967 6041 5733 6743 6519 6019 5545 4214 4423 5226 4651 4316 4971 5426 5131 5178 4301 4954 5122 5202 4776 4407 5340 4715 4437 7443 6652 7441 6831 7513 6861 7792 7501 6838 6659 7269 7025 6676 7498 7215 6990 7075 7296 7790 6466 2056 2610 7273 7285 3373 8133 2353 5893 8716 4966 4276 5594 3535 5713 3529 7345 7520 3529 7798 7520 
1000000 1000000 1000000 1000000 1000000 1000000 1000000 1000000 1000000 1000000 1000000 1000000 1000000 1000000 1000000 1000000 1000000 1000000 1000000 1000000 6073 2818 3578 3400 3840 3932 3430 3710 3110 3443 4059 4375 4175 3932 4344 4213 3794 3854 1119 823 471 1010 0 584 599 1109 41 709 744 565 54 1233 665 871 461 1133 961 289 864 1019 6171 5865 6479 6076 5141 5820 5628 6479 5967 5696 6379 5725 5113 5458 6012 5733 5908 5398 6515 6276 5826 6552 5223 5431 6231 5631 5325 5961 6429 6109 6171 5306 5946 6126 6183 5772 5411 6329 5721 5443 8074 7257 8086 7402 8190 7496 8404 8169 7470 7308 7921 7713 7336 8108 7816 7594 7699 7903 8412 7048 2825 3143 8243 8024 2657 9035 3350 5720 9481 5716 4769 5986 4543 6265 3018 8311 8309 4435 8543 7668 
1000000 1000000 1000000 1000000 1000000 1000000 1000000 1000000 1000000 1000000 1000000 1000000 1000000 1000000 1000000 1000000 1000000 1000000 1000000 1000000 6235 3254 3960 3810 4312 4396 3921 4193 3509 3824 4470 4803 4611 4396 4774 4653 4248 4324 722 899 913 518 584 0 329 589 544 193 207 352 636 909 877 300 802 821 382 613 934 793 6451 6169 6797 6357 5463 6143 5913 6797 6295 5989 6673 6062 5413 5820 6306 6050 6175 5763 6832 6599 6123 6001 4676 4885 5677 5056 4785 5391 5870 5534 5604 4750 5378 5569 5609 5207 4857 5758 5169 4893 7898 7098 7901 7266 7982 7317 8242 7968 7293 7119 7731 7497 7140 7947 7660 7436 7528 7744 8243 6904 2256 2642 7786 7771 3175 8649 2857 6007 9210 5453 4676 5960 3999 6139 3451 7859 8019 3852 8286 7789 
1000000 1000000 1000000 1000000 1000000 1000000 1000000 1000000 1000000 1000000 1000000 1000000 1000000 1000000 1000000 1000000 1000000 1000000 1000000 1000000 6515 3403 4144 3977 4435 4526 4028 4306 3683 4008 4638 4960 4762 4526 4929 4801 4386 4449 1044 1170 1038 821 599 329 0 870 568 245 284 651 650 1236 1102 421 969 1150 597 764 1207 1119 6689 6396 7018 6595 5681 6361 6148 7018 6511 6221 6905 6273 5641 6018 6538 6271 6418 5959 7053 6818 6353 6189 4874 5082 5860 5199 4991 5546 6047 5674 5763 4935 5535 5750 5751 5373 5042 5911 5357 5083 8227 7427 8229 7595 8310 7646 8571 8296 7622 7447 8059 7824 7468 8276 7989 7765 7856 8073 8572 7233 2277 2547 8052 8095 3255 8945 3112 6242 9531 5777 5002 6280 4202 6467 3603 8128 8338 3935 8610 8081 
1000000 1000000 1000000 1000000 1000000 1000000 1000000 1000000 1000000 1000000 1000000 1000000 1000000 1000000 1000000 1000000 1000000 1000000 1000000 1000000 6069 3446 4068 3957 4533 4605 4176 4434 3650 3934 4607 4958 4780 4605 4933 4827 4445 4544 307 977 1283 115 1109 589 870 0 1070 632 599 591 1154 522 1081 497 1130 489 305 1011 991 593 6410 6158 6796 6317 5479 6152 5882 6796 6309 5965 6645 6089 5403 5880 6282 6054 6121 5827 6829 6606 6103 5443 4114 4323 5123 4541 4218 4863 5322 5021 5071 4198 4847 5018 5092 4670 4304 5232 4613 4335 7435 6649 7431 6833 7497 6853 7787 7488 6831 6649 7258 7008 6665 7494 7212 6987 7068 7292 7783 6467 1947 2519 7198 7260 3486 8076 2269 5976 8686 4942 4293 5621 3435 5719 3636 7271 7486 3416 7772 7571 
1000000 1000000 1000000 1000000 1000000 1000000 1000000 1000000 1000000 1000000 1000000 1000000 1000000 1000000 1000000 1000000 1000000 1000000 1000000 1000000 6079 2843 3599 3423 3869 3960 3461 3739 3132 3464 4083 4400 4200 3960 4369 4239 3821 3883 1085 811 488 972 41 544 568 1070 0 671 706 530 93 1202 662 832 466 1102 921 282 852 991 6185 5881 6496 6090 5158 5837 5642 6496 5984 5711 6394 5743 5128 5478 6027 5749 5921 5418 6532 6293 5841 6513 5184 5392 6192 5591 5287 5921 6389 6069 6132 5266 5906 6086 6143 5732 5372 6289 5682 5404 8057 7241 8068 7388 8171 7479 8387 8151 7453 7290 7903 7693 7318 8092 7800 7578 7683 7887 8396 7033 2787 3110 8209 8002 2689 9005 3314 5735 9458 5693 4757 5978 4504 6250 3043 8277 8285 4395 8521 7671 
1000000 1000000 1000000 1000000 1000000 1000000 1000000 1000000 1000000 1000000 1000000 1000000 1000000 1000000 1000000 1000000 1000000 1000000 1000000 1000000 6421 3437 4149 3997 4490 4575 4095 4369 3697 4013 4657 4988 4795 4575 4959 4837 4429 4503 831 1091 1085 592 709 193 245 632 671 0 42 541 763 1035 1068 185 983 956 353 788 1124 952 6643 6362 6989 6549 5655 6335 6105 6989 6487 6181 6865 6254 5605 6011 6499 6242 6367 5954 7024 6791 6315 5958 4640 4848 5630 4983 4755 5326 5819 5459 5541 4704 5314 5521 5535 5149 4811 5691 5125 4851 8025 7229 8025 7403 8100 7443 8372 8088 7420 7243 7854 7613 7261 8077 7792 7568 7656 7875 8371 7040 2117 2465 7808 7876 3341 8705 2868 6199 9308 5558 4826 6121 3967 6280 3635 7883 8111 3744 8389 7970 
1000000 1000000 1000000 1000000 1000000 1000000 1000000 1000000 1000000 1000000 1000000 1000000 1000000 1000000 1000000 1000000 1000000 1000000 1000000 1000000 6421 3458 4166 4016 4514 4599 4121 4394 3715 4030 4676 5008 4816 4599 4980 4858 4452 4527 807 1097 1111 564 744 207 284 599 706 42 0 547 797 1014 1083 144 1005 938 315 813 1130 941 6652 6372 7000 6557 5667 6346 6114 7000 6499 6190 6874 6266 5615 6026 6508 6253 6374 5969 7035 6803 6325 5917 4599 4807 5589 4942 4714 5285 5778 5418 5500 4663 5273 5479 5494 5107 4770 5650 5084 4810 8002 7207 8001 7382 8075 7420 8349 8063 7397 7219 7829 7587 7237 8055 7770 7546 7633 7852 8348 7019 2082 2440 7769 7848 3369 8670 2829 6208 9279 5530 4809 6108 3926 6260 3656 7845 8081 3705 8361 7966 
1000000 1000000 1000000 1000000 1000000 1000000 1000000 1000000 1000000 1000000 1000000 1000000 1000000 1000000 1000000 1000000 1000000 1000000 1000000 1000000 5884 2958 3640 3501 4031 4110 3654 3920 3197 3504 4159 4498 4310 4110 4471 4355 3957 4043 555 551 697 480 565 352 651 591 530 541 547 0 600 679 560 593 551 581 564 421 584 497 6106 5827 6457 6012 5125 5804 5568 6457 5957 5645 6329 5726 5071 5491 5963 5710 5828 5435 6491 6260 5780 6016 4684 4892 5699 5131 4781 5450 5901 5611 5657 4775 5433 5595 5682 5253 4880 5819 5187 4908 7618 6810 7624 6970 7715 7037 7956 7698 7012 6843 7456 7233 6867 7661 7372 7148 7245 7457 7960 6611 2474 2936 7679 7525 2934 8483 2790 5662 8973 5210 4364 5632 4003 5839 3154 7747 7792 3998 8042 7439 
1000000 1000000 1000000 1000000 1000000 1000000 1000000 1000000 1000000 1000000 1000000 1000000 1000000 1000000 1000000 1000000 1000000 1000000 1000000 1000000 6047 2771 3535 3354 3791 3883 3380 3659 3065 3400 4013 4328 4127 3883 4297 4166 3746 3805 1154 821 434 1053 54 636 650 1154 93 763 797 600 0 1261 654 925 441 1161 1012 287 862 1041 6135 5827 6439 6040 5102 5781 5592 6439 5927 5659 6342 5685 5076 5416 5974 5694 5873 5355 6476 6236 5789 6596 5267 5475 6276 5680 5368 6009 6475 6158 6219 5351 5994 6171 6231 5819 5457 6377 5766 5488 8078 7259 8091 7402 8197 7500 8406 8175 7474 7313 7926 7721 7342 8110 7818 7596 7703 7905 8415 7049 2879 3196 8275 8035 2605 9060 3388 5684 9493 5729 4767 5976 4587 6264 2971 8343 8324 4487 8554 7645 
