NAME : P113112
TYPE : ATSP
DIMENSION : 120
EDGE_WEIGHT_TYPE : EXPLICIT
EDGE_WEIGHT_FORMAT : FULL_MATRIX
EDGE_WEIGHT_SECTION
1000000 1000000 1000000 1000000 1000000 1000000 1000000 1000000 1000000 1000000 4343 2531 5053 3464 8929 2676 4095 5534 7730 8043 1154 634 7959 4813 4294 7389 7161 4124 9931 9789 9010 9322 9427 9761 9367 8755 9806 8925 9366 9931 9838 9473 9042 9478 9853 9495 4076 4013 4281 4102 4361 4116 4093 3846 4307 4771 3728 4749 4082 4819 3654 3734 4131 4292 4227 3316 3797 3309 4170 3632 3375 4176 3265 3715 3760 4166 3940 3334 3402 6297 7029 6869 7191 6485 6753 7274 7125 7032 7384 6383 6496 7449 6520 6497 7293 7219 6799 5005 6246 5010 5649 5751 6200 5140 5965 5501 5205 6207 5049 5626 0 1000000 1000000 1000000 1000000 1000000 1000000 1000000 1000000 1000000 
1000000 1000000 1000000 1000000 1000000 1000000 1000000 1000000 1000000 1000000 2262 5395 1349 3624 4692 8512 5417 8919 6185 3177 7279 6568 8897 9064 7754 6950 8435 4371 5304 5301 4477 4342 4751 5113 4970 4368 4908 4487 4314 5304 5073 5335 4715 5334 5301 4441 5582 5164 5958 5834 5923 5592 4690 4628 5377 6213 4966 5301 4760 5219 4900 5694 5860 2190 2156 3258 2665 3444 2196 2817 3117 2270 3180 2949 2581 2267 2995 3093 3013 7383 8054 8215 8763 8091 7807 7925 8273 8018 7989 7596 7483 8259 7942 8104 8064 8219 8411 1463 587 1563 1612 718 935 1458 1142 1788 1201 741 1422 1016 1000000 0 1000000 1000000 1000000 1000000 1000000 1000000 1000000 1000000 
1000000 1000000 1000000 1000000 1000000 1000000 1000000 1000000 1000000 1000000 2808 3805 3719 3597 6764 3546 1890 4428 5442 6049 3442 2885 6054 4206 3107 5181 5300 4729 7788 7629 6888 7271 7312 7628 7208 6622 7716 6792 7328 7788 7723 7275 6887 7281 7701 7452 1915 1761 2211 2015 2270 1954 1797 1550 2082 2711 1450 2494 1788 2553 1368 1645 2050 3539 3331 3027 3165 3229 3243 3032 2942 3406 2794 3361 2785 3378 3731 2800 2814 4314 5088 5008 5424 4675 4799 5256 5224 5081 5362 4443 4504 5481 4653 4688 5304 5285 5016 3601 4784 3524 3930 4368 4631 3644 4355 3746 3863 4699 3643 4143 1000000 1000000 0 1000000 1000000 1000000 1000000 1000000 1000000 1000000 
1000000 1000000 1000000 1000000 1000000 1000000 1000000 1000000 1000000 1000000 3013 3574 2417 1932 7104 7934 6183 9424 8066 5624 6008 5355 10240 9245 8126 8571 9638 2094 7773 7758 6922 6821 7216 7581 7411 6791 7388 6921 6796 7773 7548 7753 7141 7753 7764 6923 6317 5929 6713 6541 6715 6342 5538 5368 6234 7105 5629 6343 5597 6301 5535 6277 6575 1593 1870 2120 1884 2061 1963 2014 2142 1715 2286 1731 2350 1749 1433 2262 2237 8557 9309 9378 9892 9156 9031 9289 9505 9282 9373 8748 8699 9599 9056 9171 9401 9495 9501 2588 2921 2784 3463 2569 3195 2805 3233 3533 2423 3031 2590 2809 1000000 1000000 1000000 0 1000000 1000000 1000000 1000000 1000000 1000000 
1000000 1000000 1000000 1000000 1000000 1000000 1000000 1000000 1000000 1000000 3701 3649 4574 3914 7746 2601 2569 4248 6249 7045 2631 2194 6420 3764 2938 5844 5627 4899 8773 8610 7878 8267 8302 8614 8190 7609 8709 7779 8324 8773 8712 8245 7870 8252 8684 8448 2536 2518 2722 2546 2805 2575 2677 2453 2787 3211 2269 3244 2653 3324 2210 2183 2575 4196 4032 3480 3761 3610 3951 3609 3447 4064 3304 3860 3491 4042 4191 3336 3373 4741 5481 5334 5680 4959 5202 5716 5583 5482 5826 4832 4940 5898 4982 4972 5738 5672 5282 4474 5689 4418 4885 5247 5560 4543 5291 4707 4723 5615 4517 5046 1000000 1000000 1000000 1000000 0 1000000 1000000 1000000 1000000 1000000 
1000000 1000000 1000000 1000000 1000000 1000000 1000000 1000000 1000000 1000000 4210 8284 4389 6928 1460 8695 4232 7013 2004 2009 8907 8278 5364 7746 6387 3186 5246 8082 2471 2263 1775 2419 2155 2358 1879 1507 2613 1638 2526 2471 2513 1809 1605 1816 2357 2596 4364 4139 4502 4539 4408 4339 3833 4031 4028 4348 4275 3597 3872 3479 4309 4720 4538 5581 5324 6241 5762 6548 5272 5807 6040 5544 5983 6201 5242 5514 6492 5898 5824 4490 4834 5151 5663 5250 4701 4505 5056 4784 4518 4692 4471 4829 5034 5259 4674 4924 5453 4242 3998 4062 3301 4216 3663 4006 3552 3259 4353 3853 4228 3952 1000000 1000000 1000000 1000000 1000000 0 1000000 1000000 1000000 1000000 
1000000 1000000 1000000 1000000 1000000 1000000 1000000 1000000 1000000 1000000 4240 7738 4840 6775 3641 6950 2555 4838 1157 3969 7704 7170 3423 5642 4330 1387 3146 8015 4610 4385 3972 4610 4344 4520 4036 3703 4803 3835 4714 4610 4686 3868 3787 3877 4488 4789 2632 2578 2627 2727 2527 2597 2500 2757 2331 2335 2846 1863 2501 1774 2921 3012 2713 5743 5453 6050 5736 6357 5374 5718 5863 5661 5760 6152 5159 5625 6514 5697 5644 2303 2733 3012 3547 3071 2561 2478 2961 2686 2519 2511 2302 2818 2861 3081 2638 2854 3298 4659 4993 4462 3982 4987 4651 4471 4425 3837 4875 4838 4666 4664 1000000 1000000 1000000 1000000 1000000 1000000 0 1000000 1000000 1000000 
1000000 1000000 1000000 1000000 1000000 1000000 1000000 1000000 1000000 1000000 2610 2666 2321 947 7232 6956 5509 8615 7780 5831 5022 4364 9679 8366 7301 8149 9034 1493 7998 7954 7104 7098 7437 7806 7579 6939 7662 7083 7088 7998 7797 7879 7288 7880 7973 7220 5629 5264 6019 5837 6032 5657 4916 4718 5587 6444 4943 5755 4968 5729 4844 5545 5872 1119 1399 1185 1147 1078 1471 1224 1256 1183 1403 838 1712 1218 472 1404 1405 7958 8728 8762 9259 8511 8443 8749 8912 8704 8839 8139 8114 9045 8429 8526 8849 8918 8859 2451 3185 2626 3421 2727 3381 2691 3333 3434 2389 3256 2471 2871 1000000 1000000 1000000 1000000 1000000 1000000 1000000 0 1000000 1000000 
1000000 1000000 1000000 1000000 1000000 1000000 1000000 1000000 1000000 1000000 2886 6912 2511 5267 2563 8864 4909 8311 4430 1082 8267 7567 7525 8735 7346 5412 7214 6239 3249 3216 2374 2360 2688 3057 2861 2244 2919 2371 2363 3249 3047 3209 2593 3209 3229 2497 5078 4701 5381 5320 5315 5072 4237 4296 4786 5471 4640 4531 4303 4421 4615 5319 5337 3771 3593 4705 4121 4971 3580 4227 4518 3789 4519 4521 3762 3768 4703 4425 4339 6255 6806 7045 7593 7018 6602 6580 7034 6762 6622 6474 6307 6920 6833 7030 6738 6941 7296 2447 1631 2345 1565 2029 1375 2230 1437 1691 2405 1523 2411 1898 1000000 1000000 1000000 1000000 1000000 1000000 1000000 1000000 0 1000000 
1000000 1000000 1000000 1000000 1000000 1000000 1000000 1000000 1000000 1000000 4248 7355 4979 6580 4516 6113 1858 3954 1920 4701 7055 6567 3026 4735 3425 1484 2568 7824 5501 5279 4830 5449 5214 5404 4921 4555 5673 4695 5549 5501 5566 4768 4662 4777 5381 5631 1895 1953 1807 1937 1709 1856 2028 2284 1645 1456 2271 1221 2006 1177 2362 2265 1918 5718 5427 5863 5632 6159 5340 5589 5690 5620 5572 6022 5058 5584 6400 5520 5479 1575 2176 2374 2925 2340 1943 2056 2398 2138 2130 1793 1633 2384 2152 2352 2187 2337 2616 4795 5336 4606 4272 5245 5009 4639 4755 4101 5040 5185 4811 4917 1000000 1000000 1000000 1000000 1000000 1000000 1000000 1000000 1000000 0 
1000000 1000000 1000000 1000000 1000000 1000000 1000000 1000000 1000000 1000000 0 4150 941 2721 5007 6301 3323 6765 5171 3843 5397 4691 7237 6830 5550 5574 6657 3902 5912 5817 4979 5158 5367 5727 5408 4762 5686 4924 5182 5912 5765 5628 5092 5631 5859 5316 3476 3064 3869 3720 3852 3493 2623 2501 3331 4202 2814 3374 2688 3321 2735 3527 3750 1504 1215 2034 1569 2339 1139 1600 1833 1427 1783 2008 1033 1392 2331 1695 1618 5576 6316 6405 6932 6211 6043 6281 6517 6287 6364 5774 5711 6594 6094 6225 6396 6499 6549 801 1988 719 1323 1561 1879 843 1628 1203 1073 1918 841 1345 4343 2262 2808 3013 3701 4210 4240 2610 2886 4248 
1000000 1000000 1000000 1000000 1000000 1000000 1000000 1000000 1000000 1000000 4150 0 4420 1784 9156 5164 5645 7888 8843 7940 2680 2192 9859 7286 6585 8837 9103 1771 10051 9962 9120 9254 9501 9864 9556 8909 9798 9069 9267 10051 9892 9775 9240 9779 10002 9401 5696 5468 6013 5816 6067 5734 5327 5071 5810 6511 5125 6155 5349 6182 5026 5449 5851 3229 3345 2211 2808 1969 3345 2690 2395 3175 2398 2456 3165 3188 2421 2492 2577 8116 8892 8810 9214 8469 8603 9048 9029 8884 9152 8247 8304 9281 8455 8482 9103 9089 8807 4467 5539 4571 5383 5028 5637 4684 5494 5311 4545 5565 4504 5051 2531 5395 3805 3574 3649 8284 7738 2666 6912 7355 
1000000 1000000 1000000 1000000 1000000 1000000 1000000 1000000 1000000 1000000 941 4420 0 2757 4922 7166 4227 7693 5653 3571 6040 5327 7999 7770 6488 6213 7462 3776 5726 5667 4815 4870 5167 5535 5282 4637 5426 4786 4874 5726 5541 5567 4984 5569 5693 5007 4385 3969 4774 4632 4750 4400 3513 3412 4218 5081 3735 4215 3581 4150 3660 4454 4662 1269 1083 2210 1616 2465 1076 1732 2031 1279 2051 2010 1339 1258 2208 1957 1871 6387 7104 7221 7757 7051 6839 7033 7313 7072 7108 6591 6508 7356 6922 7065 7158 7281 7384 184 1199 379 1101 698 1225 389 1078 1132 153 1182 175 633 5053 1349 3719 2417 4574 4389 4840 2321 2511 4979 
1000000 1000000 1000000 1000000 1000000 1000000 1000000 1000000 1000000 1000000 2721 1784 2757 0 7638 6087 5130 8015 7796 6326 4077 3424 9377 7667 6689 8019 8688 1245 8475 8407 7557 7626 7917 8284 8014 7366 8182 7520 7629 8475 8295 8275 7708 8277 8437 7763 5229 4901 5603 5412 5631 5261 4619 4393 5240 6062 4563 5477 4662 5470 4461 5088 5448 1503 1680 726 1178 422 1706 1121 916 1479 1016 751 1691 1500 638 1080 1138 7631 8412 8407 8877 8123 8123 8481 8582 8394 8577 7797 7800 8757 8062 8137 8566 8607 8471 2838 3808 2974 3801 3308 3941 3071 3831 3766 2864 3849 2869 3374 3464 3624 3597 1932 3914 6928 6775 947 5267 6580 
1000000 1000000 1000000 1000000 1000000 1000000 1000000 1000000 1000000 1000000 5007 9156 4922 7638 0 10063 5635 8469 3236 1536 10071 9413 6641 9204 7840 4491 6607 8698 1039 865 421 1101 708 906 446 337 1163 301 1218 1039 1054 651 146 651 941 1246 5775 5521 5936 5962 5844 5753 5174 5349 5439 5801 5622 5024 5221 4904 5644 6120 5963 6185 5966 7005 6462 7296 5934 6539 6807 6178 6776 6889 6009 6153 7124 6685 6604 5913 6200 6535 7030 6663 6091 5841 6417 6150 5841 6110 5881 6151 6444 6671 6011 6273 6847 4814 4189 4666 3841 4551 3911 4576 3908 3874 4844 4074 4788 4365 8929 4692 6764 7104 7746 1460 3641 7232 2563 4516 
1000000 1000000 1000000 1000000 1000000 1000000 1000000 1000000 1000000 1000000 6301 5164 7166 6087 10063 0 4478 3908 8033 9525 2740 2990 7092 2821 3109 7290 6296 6799 11101 10919 10245 10693 10669 10957 10508 9968 11097 10135 10760 11101 11073 10501 10196 10509 11002 10878 4363 4556 4325 4231 4425 4393 4891 4731 4693 4668 4442 5151 4843 5262 4425 3991 4242 6682 6552 5826 6214 5878 6477 6053 5841 6554 5711 6225 6025 6536 6502 5761 5813 5762 6321 6037 6167 5619 6102 6691 6331 6343 6797 5755 5952 6749 5742 5627 6646 6478 5847 7071 8289 7018 7473 7844 8159 7143 7888 7291 7316 8215 7114 7646 2676 8512 3546 7934 2601 8695 6950 6956 8864 6113 
1000000 1000000 1000000 1000000 1000000 1000000 1000000 1000000 1000000 1000000 3323 5645 4227 5130 5635 4478 0 3509 3698 5320 5198 4713 4264 3826 2440 3303 3559 6346 6672 6479 5854 6365 6274 6538 6076 5573 6716 5735 6445 6672 6668 6040 5773 6048 6567 6553 171 260 547 422 533 175 728 825 224 937 569 694 658 794 671 489 446 4590 4319 4453 4371 4719 4225 4286 4310 4470 4174 4695 3842 4436 5085 4144 4124 2511 3294 3278 3756 3005 3004 3410 3456 3279 3513 2670 2688 3660 2935 3019 3475 3491 3353 4058 4970 3904 3917 4707 4708 3985 4420 3717 4335 4842 4088 4403 4095 5417 1890 6183 2569 4232 2555 5509 4909 1858 
1000000 1000000 1000000 1000000 1000000 1000000 1000000 1000000 1000000 1000000 6765 7888 7693 8015 8469 3908 3509 0 5578 8544 6213 6112 3437 1209 1328 4453 2733 9098 9447 9222 8781 9389 9167 9355 8871 8505 9626 8646 9486 9447 9519 8700 8615 8710 9325 9573 3342 3758 2980 3089 3030 3335 4237 4293 3578 2841 3961 3781 4166 3891 4034 3239 3064 7863 7619 7453 7545 7654 7525 7425 7360 7733 7213 7778 7093 7702 8153 7213 7219 2730 2926 2555 2470 2188 2822 3374 2839 2966 3458 2598 2849 3291 2391 2189 3265 3019 2266 7531 8479 7388 7423 8206 8216 7476 7928 7224 7810 8351 7564 7907 5534 8919 4428 9424 4248 7013 4838 8615 8311 3954 
1000000 1000000 1000000 1000000 1000000 1000000 1000000 1000000 1000000 1000000 5171 8843 5653 7796 3236 8033 3698 5578 0 4005 8860 8326 3407 6507 5270 1267 3405 9025 4067 3828 3629 4312 3932 4020 3553 3397 4371 3490 4426 4067 4206 3273 3374 3283 3937 4472 3764 3732 3721 3839 3621 3728 3652 3908 3475 3371 4003 3010 3656 2926 4078 4144 3822 6667 6382 7073 6713 7383 6309 6712 6880 6597 6787 7141 6142 6562 7488 6718 6659 2868 3009 3367 3830 3558 2941 2622 3217 2958 2614 3035 2788 2923 3334 3565 2792 3062 3692 5479 5599 5283 4684 5686 5251 5269 5067 4571 5664 5445 5479 5377 7730 6185 5442 8066 6249 2004 1157 7780 4430 1920 
1000000 1000000 1000000 1000000 1000000 1000000 1000000 1000000 1000000 1000000 3843 7940 3571 6326 1536 9525 5320 8544 4005 0 9153 8464 7309 9101 7707 5137 7111 7317 2168 2137 1301 1317 1607 1975 1793 1204 1860 1312 1340 2168 1972 2168 1544 2166 2148 1473 5481 5146 5731 5706 5652 5468 4719 4830 5162 5728 5154 4829 4779 4711 5148 5772 5716 4837 4647 5743 5168 6017 4628 5266 5551 4848 5542 5577 4777 4826 5773 5449 5364 6246 6697 6980 7514 7018 6529 6410 6924 6649 6435 6460 6263 6743 6815 7029 6576 6808 7261 3492 2704 3373 2559 3111 2457 3265 2506 2645 3472 2603 3459 2969 8043 3177 6049 5624 7045 2009 3969 5831 1082 4701 
1000000 1000000 1000000 1000000 1000000 1000000 1000000 1000000 1000000 1000000 5397 2680 6040 4077 10071 2740 5198 6213 8860 9153 0 713 8902 5329 5072 8472 8095 4439 11069 10930 10145 10442 10561 10897 10508 9892 10933 10062 10483 11069 10971 10621 10184 10626 10993 10613 5166 5133 5339 5169 5425 5205 5235 4991 5414 5817 4860 5865 5222 5940 4789 4810 5196 5149 5130 4107 4652 4026 5085 4491 4206 5045 4119 4486 4713 5041 4639 4200 4277 7292 7998 7807 8086 7409 7731 8272 8075 8005 8382 7360 7492 8425 7465 7420 8278 8183 7707 6011 7238 6035 6716 6732 7221 6165 7001 6578 6189 7213 6055 6637 1154 7279 3442 6008 2631 8907 7704 5022 8267 7055 
1000000 1000000 1000000 1000000 1000000 1000000 1000000 1000000 1000000 1000000 4691 2192 5327 3424 9413 2990 4713 6112 8326 8464 713 0 8591 5337 4895 8012 7792 3900 10402 10268 9475 9758 9889 10229 9847 9226 10255 9395 9797 10402 10298 9972 9522 9977 10329 9928 4699 4622 4911 4731 4991 4739 4679 4428 4922 5403 4329 5359 4672 5426 4251 4362 4761 4445 4421 3411 3947 3346 4374 3785 3504 4339 3414 3795 4000 4334 3966 3493 3569 6931 7663 7500 7818 7115 7387 7908 7757 7666 8018 7016 7130 8083 7152 7127 7926 7853 7427 5299 6526 5325 6012 6019 6510 5454 6291 5877 5476 6501 5343 5925 634 6568 2885 5355 2194 8278 7170 4364 7567 6567 
1000000 1000000 1000000 1000000 1000000 1000000 1000000 1000000 1000000 1000000 7237 9859 7999 9377 6641 7092 4264 3437 3407 7309 8902 8591 0 4636 3993 2180 811 10603 7432 7192 7035 7717 7333 7401 6944 6801 7766 6896 7831 7432 7591 6632 6778 6642 7302 7878 4187 4481 3849 4046 3800 4151 4772 4988 4139 3356 4823 3925 4724 3952 4926 4411 4011 8671 8384 8685 8533 8962 8294 8469 8529 8565 8399 8893 7972 8529 9281 8360 8331 1754 971 1096 967 1501 1262 973 837 985 911 1612 1578 644 1441 1491 842 774 1245 7816 8341 7627 7287 8268 8008 7664 7762 7121 8063 8188 7832 7940 7959 8897 6054 10240 6420 5364 3423 9679 7525 3026 
1000000 1000000 1000000 1000000 1000000 1000000 1000000 1000000 1000000 1000000 6830 7286 7770 7667 9204 2821 3826 1209 6507 9101 5329 5337 4636 0 1395 5467 3910 8657 10212 9996 9482 10054 9885 10104 9624 9202 10341 9353 10144 10212 10257 9497 9348 9505 10095 10241 3658 4040 3373 3417 3449 3664 4515 4502 3957 3410 4151 4273 4446 4392 4201 3436 3402 7743 7527 7182 7368 7344 7436 7233 7120 7610 6973 7540 6983 7581 7895 6988 7009 3749 4064 3708 3670 3318 3925 4500 4001 4100 4591 3654 3897 4451 3502 3321 4405 4175 3440 7624 8681 7504 7671 8348 8452 7607 8162 7470 7901 8566 7661 8072 4813 9064 4206 9245 3764 7746 5642 8366 8735 4735 
1000000 1000000 1000000 1000000 1000000 1000000 1000000 1000000 1000000 1000000 5550 6585 6488 6689 7840 3109 2440 1328 5270 7707 5072 4895 3993 1395 0 4339 3191 7771 8857 8645 8109 8671 8516 8744 8265 7828 8970 7981 8760 8857 8892 8156 7984 8165 8742 8859 2270 2662 1978 2026 2055 2274 3141 3148 2564 2040 2800 2880 3071 2999 2858 2074 2010 6578 6342 6134 6244 6331 6249 6120 6046 6447 5898 6465 5810 6416 6837 5901 5910 2702 3215 2929 3091 2511 3005 3597 3223 3238 3700 2669 2882 3641 2635 2519 3544 3370 2750 6333 7347 6202 6319 7037 7105 6299 6815 6118 6612 7227 6368 6751 4294 7754 3107 8126 2938 6387 4330 7301 7346 3425 
1000000 1000000 1000000 1000000 1000000 1000000 1000000 1000000 1000000 1000000 5574 8837 6213 8019 4491 7290 3303 4453 1267 5137 8472 8012 2180 5467 4339 0 2139 9263 5333 5095 4876 5554 5191 5286 4817 4635 5633 4737 5667 5333 5472 4539 4631 4549 5204 5719 3313 3422 3142 3305 3052 3273 3510 3767 3101 2691 3748 2699 3489 2660 3841 3662 3279 7071 6779 7297 7028 7598 6697 6997 7118 6981 7006 7432 6450 6945 7803 6949 6903 1726 1749 2116 2565 2344 1707 1356 1952 1698 1351 1859 1606 1661 2120 2348 1525 1795 2445 6031 6375 5835 5368 6373 6031 5848 5809 5222 6252 6220 6039 6049 7389 6950 5181 8571 5844 3186 1387 8149 5412 1484 
1000000 1000000 1000000 1000000 1000000 1000000 1000000 1000000 1000000 1000000 6657 9103 7462 8688 6607 6296 3559 2733 3405 7111 8095 7792 811 3910 3191 2139 0 9903 7470 7232 6981 7651 7311 7419 6946 6731 7758 6841 7761 7470 7603 6677 6749 6687 7341 7821 3467 3789 3111 3307 3071 3433 4119 4319 3455 2631 4125 3296 4066 3340 4228 3663 3271 8056 7772 8007 7888 8276 7681 7816 7859 7945 7725 8234 7338 7909 8623 7691 7666 1083 415 295 426 691 628 795 190 463 833 895 955 583 649 681 634 352 470 7279 7895 7097 6825 7780 7572 7143 7314 6648 7537 7746 7299 7453 7161 8435 5300 9638 5627 5246 3146 9034 7214 2568 
1000000 1000000 1000000 1000000 1000000 1000000 1000000 1000000 1000000 1000000 3902 1771 3776 1245 8698 6799 6346 9098 9025 7317 4439 3900 10603 8657 7771 9263 9903 0 9483 9434 8583 8589 8922 9291 9054 8411 9153 8558 8580 9483 9285 9343 8758 9344 9455 8712 6438 6123 6805 6612 6837 6471 5855 5625 6465 7273 5782 6713 5896 6709 5679 6277 6648 2519 2761 1968 2334 1666 2811 2317 2152 2542 2259 1896 2891 2571 1591 2319 2371 8853 9635 9619 10080 9325 9345 9714 9801 9618 9811 9015 9025 9987 9272 9339 9796 9831 9672 3890 4678 4051 4866 4218 4872 4130 4813 4860 3857 4749 3914 4350 4124 4371 4729 2094 4899 8082 8015 1493 6239 7824 
1000000 1000000 1000000 1000000 1000000 1000000 1000000 1000000 1000000 1000000 5912 10051 5726 8475 1039 11101 6672 9447 4067 2168 11069 10402 7432 10212 8857 5333 7470 9483 0 241 935 1009 561 193 597 1177 535 1007 1079 0 289 800 907 790 131 989 6811 6559 6966 6995 6873 6788 6212 6385 6475 6818 6660 6056 6259 5936 6682 7157 6996 6994 6795 7871 7309 8153 6771 7398 7676 7001 7657 7725 6888 6977 7932 7564 7481 6843 7072 7421 7895 7578 6985 6688 7281 7021 6678 7032 6796 6984 7356 7586 6857 7128 7741 5637 4861 5506 4681 5278 4623 5405 4670 4741 5632 4765 5607 5133 9931 5304 7788 7773 8773 2471 4610 7998 3249 5501 
1000000 1000000 1000000 1000000 1000000 1000000 1000000 1000000 1000000 1000000 5817 9962 5667 8407 865 10919 6479 9222 3828 2137 10930 10268 7192 9996 8645 5095 7232 9434 241 0 852 1092 566 284 423 1057 709 894 1179 241 467 560 747 550 110 1111 6615 6371 6763 6796 6669 6592 6032 6210 6279 6606 6480 5855 6078 5736 6504 6965 6796 6935 6729 7792 7237 8078 6702 7322 7596 6937 7573 7657 6804 6913 7874 7481 7398 6610 6834 7185 7657 7344 6749 6450 7044 6783 6439 6799 6562 6745 7121 7351 6619 6889 7505 5572 4840 5435 4608 5242 4590 5337 4622 4659 5578 4738 5543 5084 9789 5301 7629 7758 8610 2263 4385 7954 3216 5279 
1000000 1000000 1000000 1000000 1000000 1000000 1000000 1000000 1000000 1000000 4979 9120 4815 7557 421 10245 5854 8781 3629 1301 10145 9475 7035 9482 8109 4876 6981 8583 935 852 0 687 426 755 494 282 864 141 803 935 835 909 326 905 883 843 6000 5725 6182 6196 6092 5979 5357 5517 5665 6074 5805 5265 5407 5145 5820 6334 6199 6084 5879 6945 6387 7230 5852 6474 6750 6086 6728 6807 5959 6062 7023 6636 6553 6260 6573 6902 7403 7016 6455 6222 6791 6522 6225 6460 6236 6536 6799 7025 6392 6651 7210 4721 4002 4585 3758 4396 3745 4487 3772 3813 4727 3897 4691 4234 9010 4477 6888 6922 7878 1775 3972 7104 2374 4830 
1000000 1000000 1000000 1000000 1000000 1000000 1000000 1000000 1000000 1000000 5158 9254 4870 7626 1101 10693 6365 9389 4312 1317 10442 9758 7717 10054 8671 5554 7651 8589 1009 1092 687 0 555 835 971 921 568 824 118 1009 745 1429 983 1422 1048 188 6516 6219 6722 6724 6635 6499 5825 5966 6186 6645 6270 5806 5880 5685 6277 6837 6729 6131 5950 7053 6475 7325 5934 6576 6863 6148 6856 6879 6092 6127 7062 6763 6678 6907 7241 7564 8071 7668 7116 6896 7461 7191 6901 7110 6889 7212 7452 7677 7066 7322 7870 4798 3929 4684 3874 4372 3718 4575 3796 3961 4764 3845 4764 4257 9322 4342 7271 6821 8267 2419 4610 7098 2360 5449 
1000000 1000000 1000000 1000000 1000000 1000000 1000000 1000000 1000000 1000000 5367 9501 5167 7917 708 10669 6274 9167 3932 1607 10561 9889 7333 9885 8516 5191 7311 8922 561 566 426 555 0 369 435 703 459 539 658 561 412 883 564 875 551 627 6418 6147 6595 6613 6505 6397 5781 5942 6084 6478 6229 5680 5831 5559 6244 6755 6615 6435 6237 7317 6752 7598 6214 6843 7123 6442 7105 7167 6337 6419 7372 7012 6929 6619 6905 7242 7734 7370 6798 6542 7121 6855 6541 6817 6588 6851 7151 7379 6712 6976 7554 5080 4302 4950 4126 4717 4063 4848 4109 4191 5072 4205 5049 4573 9427 4751 7312 7216 8302 2155 4344 7437 2688 5214 
1000000 1000000 1000000 1000000 1000000 1000000 1000000 1000000 1000000 1000000 5727 9864 5535 8284 906 10957 6538 9355 4020 1975 10897 10229 7401 10104 8744 5286 7419 9291 193 284 755 835 369 0 484 1008 428 838 913 193 197 794 766 784 215 836 6679 6421 6842 6867 6749 6657 6067 6236 6344 6704 6515 5929 6115 5809 6535 7022 6868 6803 6605 7682 7119 7964 6581 7209 7488 6810 7469 7534 6700 6787 7741 7376 7293 6769 7017 7363 7843 7510 6924 6641 7230 6967 6633 6961 6727 6941 7289 7518 6810 7079 7680 5447 4668 5316 4492 5085 4431 5215 4478 4554 5441 4573 5416 4941 9761 5113 7628 7581 8614 2358 4520 7806 3057 5404 
1000000 1000000 1000000 1000000 1000000 1000000 1000000 1000000 1000000 1000000 5408 9556 5282 8014 446 10508 6076 8871 3553 1793 10508 9847 6944 9624 8265 4817 6946 9054 597 423 494 971 435 484 0 649 824 497 1081 597 658 461 325 454 496 1060 6214 5964 6370 6399 6277 6192 5619 5794 5879 6226 6067 5460 5666 5340 6090 6561 6400 6549 6338 7392 6842 7681 6309 6924 7196 6548 7169 7265 6401 6523 7488 7078 6995 6287 6544 6887 7371 7030 6446 6172 6757 6493 6166 6480 6247 6475 6809 7038 6341 6608 7203 5182 4491 5041 4213 4878 4229 4946 4248 4258 5197 4383 5154 4708 9367 4970 7208 7411 8190 1879 4036 7579 2861 4921 
1000000 1000000 1000000 1000000 1000000 1000000 1000000 1000000 1000000 1000000 4762 8909 4637 7366 337 9968 5573 8505 3397 1204 9892 9226 6801 9202 7828 4635 6731 8411 1177 1057 282 921 703 1008 649 0 1146 171 1032 1177 1107 968 351 967 1107 1092 5718 5445 5900 5915 5810 5698 5079 5241 5384 5793 5527 4984 5129 4863 5543 6053 5918 5904 5691 6744 6193 7032 5661 6275 6547 5901 6521 6617 5753 5876 6843 6429 6347 5995 6321 6646 7151 6754 6198 5976 6541 6271 5981 6197 5974 6293 6537 6763 6146 6402 6952 4535 3873 4393 3566 4246 3601 4299 3610 3610 4555 3761 4507 4069 8755 4368 6622 6791 7609 1507 3703 6939 2244 4555 
1000000 1000000 1000000 1000000 1000000 1000000 1000000 1000000 1000000 1000000 5686 9798 5426 8182 1163 11097 6716 9626 4371 1860 10933 10255 7766 10341 8970 5633 7758 9153 535 709 864 568 459 428 824 1146 0 989 601 535 248 1206 1018 1197 623 487 6863 6585 7045 7060 6955 6842 6212 6367 6529 6934 6659 6129 6263 6008 6673 7196 7063 6689 6505 7602 7027 7876 6487 7125 7411 6704 7400 7434 6634 6682 7622 7307 7222 7075 7353 7692 8182 7825 7249 6987 7568 7303 6983 7272 7042 7292 7605 7833 7156 7421 8006 5350 4495 5232 4416 4936 4282 5124 4355 4495 5323 4411 5317 4817 9806 4908 7716 7388 8709 2613 4803 7662 2919 5673 
1000000 1000000 1000000 1000000 1000000 1000000 1000000 1000000 1000000 1000000 4924 9069 4786 7520 301 10135 5735 8646 3490 1312 10062 9395 6896 9353 7981 4737 6841 8558 1007 894 141 824 539 838 497 171 989 0 940 1007 939 862 242 859 940 983 5880 5609 6058 6074 5967 5859 5245 5409 5545 5945 5693 5142 5295 5021 5710 6216 6077 6053 5843 6901 6348 7188 5815 6431 6705 6052 6680 6770 5911 6028 6993 6588 6506 6121 6433 6762 7263 6877 6315 6082 6651 6383 6085 6321 6096 6396 6660 6886 6252 6511 7070 4687 4001 4546 3719 4383 3735 4451 3751 3767 4701 3891 4658 4212 8925 4487 6792 6921 7779 1638 3835 7083 2371 4695 
1000000 1000000 1000000 1000000 1000000 1000000 1000000 1000000 1000000 1000000 5182 9267 4874 7629 1218 10760 6445 9486 4426 1340 10483 9797 7831 10144 8760 5667 7761 8580 1079 1179 803 118 658 913 1081 1032 601 940 0 1079 803 1538 1100 1530 1128 135 6598 6296 6808 6807 6721 6580 5898 6036 6268 6736 6343 5891 5953 5771 6348 6915 6813 6131 5955 7063 6482 7332 5941 6585 6875 6151 6870 6883 6107 6131 7060 6776 6691 7013 7351 7673 8181 7774 7224 7007 7571 7301 7013 7216 6996 7324 7559 7784 7177 7433 7978 4806 3913 4696 3890 4363 3710 4585 3798 3983 4766 3833 4772 4257 9366 4314 7328 6796 8324 2526 4714 7088 2363 5549 
1000000 1000000 1000000 1000000 1000000 1000000 1000000 1000000 1000000 1000000 5912 10051 5726 8475 1039 11101 6672 9447 4067 2168 11069 10402 7432 10212 8857 5333 7470 9483 0 241 935 1009 561 193 597 1177 535 1007 1079 0 289 800 907 790 131 989 6811 6559 6966 6995 6873 6788 6212 6385 6475 6818 6660 6056 6259 5936 6682 7157 6996 6994 6795 7871 7309 8153 6771 7398 7676 7001 7657 7725 6888 6977 7932 7564 7481 6843 7072 7421 7895 7578 6985 6688 7281 7021 6678 7032 6796 6984 7356 7586 6857 7128 7741 5637 4861 5506 4681 5278 4623 5405 4670 4741 5632 4765 5607 5133 9931 5304 7788 7773 8773 2471 4610 7998 3249 5501 
1000000 1000000 1000000 1000000 1000000 1000000 1000000 1000000 1000000 1000000 5765 9892 5541 8295 1054 11073 6668 9519 4206 1972 10971 10298 7591 10257 8892 5472 7603 9285 289 467 835 745 412 197 658 1107 248 939 803 289 0 990 909 980 377 706 6811 6545 6981 7003 6890 6790 6184 6347 6476 6853 6632 6067 6233 5947 6649 7151 7005 6808 6616 7703 7134 7982 6595 7228 7510 6818 7495 7546 6727 6796 7744 7402 7318 6944 7201 7544 8028 7687 7104 6827 7414 7150 6820 7137 6905 7128 7466 7695 6996 7264 7861 5459 4644 5334 4513 5073 4417 5230 4477 4583 5443 4553 5427 4940 9838 5073 7723 7548 8712 2513 4686 7797 3047 5566 
1000000 1000000 1000000 1000000 1000000 1000000 1000000 1000000 1000000 1000000 5628 9775 5567 8275 651 10501 6040 8700 3273 2168 10621 9972 6632 9497 8156 4539 6677 9343 800 560 909 1429 883 794 461 968 1206 862 1538 800 990 0 624 10 670 1509 6171 5946 6300 6343 6205 6146 5630 5820 5835 6121 6075 5401 5672 5283 6105 6528 6341 6829 6607 7636 7099 7929 6572 7173 7437 6820 7403 7527 6637 6794 7767 7313 7232 6071 6281 6634 7103 6799 6200 5893 6489 6230 5881 6257 6018 6187 6576 6806 6062 6334 6955 5457 4837 5306 4482 5201 4561 5219 4557 4510 5491 4723 5431 5013 9473 5335 7275 7753 8245 1809 3868 7879 3209 4768 
1000000 1000000 1000000 1000000 1000000 1000000 1000000 1000000 1000000 1000000 5092 9240 4984 7708 146 10196 5773 8615 3374 1544 10184 9522 6778 9348 7984 4631 6749 8758 907 747 326 983 564 766 325 351 1018 242 1100 907 909 624 0 622 815 1119 5914 5657 6077 6102 5985 5892 5307 5479 5578 5945 5755 5164 5354 5044 5776 6257 6103 6249 6034 7082 6535 7371 6004 6615 6884 6245 6857 6959 6088 6220 7188 6765 6683 6058 6343 6678 7172 6807 6234 5981 6559 6292 5981 6254 6025 6291 6588 6816 6151 6414 6991 4880 4223 4735 3909 4596 3952 4643 3959 3948 4902 4111 4852 4418 9042 4715 6887 7141 7870 1605 3787 7288 2593 4662 
1000000 1000000 1000000 1000000 1000000 1000000 1000000 1000000 1000000 1000000 5631 9779 5569 8277 651 10509 6048 8710 3283 2166 10626 9977 6642 9505 8165 4549 6687 9344 790 550 905 1422 875 784 454 967 1197 859 1530 790 980 10 622 0 660 1500 6179 5954 6308 6351 6213 6154 5637 5827 5843 6130 6082 5409 5679 5291 6112 6536 6349 6830 6609 7638 7101 7932 6574 7175 7439 6822 7406 7529 6640 6796 7768 7315 7234 6080 6290 6643 7113 6809 6210 5903 6499 6240 5891 6266 6028 6197 6586 6816 6072 6344 6965 5459 4837 5308 4484 5202 4561 5220 4558 4512 5492 4723 5433 5014 9478 5334 7281 7753 8252 1816 3877 7880 3209 4777 
1000000 1000000 1000000 1000000 1000000 1000000 1000000 1000000 1000000 1000000 5859 10002 5693 8437 941 11002 6567 9325 3937 2148 10993 10329 7302 10095 8742 5204 7341 9455 131 110 883 1048 551 215 496 1107 623 940 1128 131 377 670 815 660 0 1050 6705 6457 6856 6887 6762 6681 6114 6290 6369 6703 6562 5947 6160 5828 6585 7053 6887 6961 6759 7828 7269 8112 6733 7356 7632 6965 7611 7687 6842 6942 7900 7518 7435 6717 6943 7293 7766 7451 6857 6559 7153 6892 6548 6906 6669 6854 7229 7459 6728 6999 7613 5601 4848 5466 4640 5257 4604 5367 4643 4695 5602 4749 5571 5105 9853 5301 7701 7764 8684 2357 4488 7973 3229 5381 
1000000 1000000 1000000 1000000 1000000 1000000 1000000 1000000 1000000 1000000 5316 9401 5007 7763 1246 10878 6553 9573 4472 1473 10613 9928 7878 10241 8859 5719 7821 8712 989 1111 843 188 627 836 1060 1092 487 983 135 989 706 1509 1119 1500 1050 0 6704 6406 6910 6912 6823 6686 6012 6152 6374 6832 6457 5993 6066 5873 6463 7025 6917 6265 6089 7198 6617 7466 6075 6720 7009 6285 7004 7017 6241 6264 7193 6910 6825 7085 7411 7737 8241 7845 7289 7063 7631 7361 7067 7287 7065 7378 7628 7854 7233 7491 8044 4941 4044 4830 4025 4496 3843 4719 3932 4117 4899 3965 4906 4391 9495 4441 7452 6923 8448 2596 4789 7220 2497 5631 
1000000 1000000 1000000 1000000 1000000 1000000 1000000 1000000 1000000 1000000 3476 5696 4385 5229 5775 4363 171 3342 3764 5481 5166 4699 4187 3658 2270 3313 3467 6438 6811 6615 6000 6516 6418 6679 6214 5718 6863 5880 6598 6811 6811 6171 5914 6179 6705 6704 0 418 397 254 404 41 895 976 337 836 689 789 824 899 786 381 279 4725 4455 4560 4494 4821 4361 4406 4421 4603 4283 4811 3972 4569 5200 4256 4238 2434 3216 3182 3649 2896 2925 3353 3371 3204 3457 2583 2616 3592 2835 2910 3410 3413 3244 4216 5137 4064 4085 4870 4877 4147 4588 3885 4494 5010 4247 4567 4076 5582 1915 6317 2536 4364 2632 5629 5078 1895 
1000000 1000000 1000000 1000000 1000000 1000000 1000000 1000000 1000000 1000000 3064 5468 3969 4901 5521 4556 260 3758 3732 5146 5133 4622 4481 4040 2662 3422 3789 6123 6559 6371 5725 6219 6147 6421 5964 5445 6585 5609 6296 6559 6545 5946 5657 5954 6457 6406 418 0 806 670 791 431 482 567 346 1181 346 737 412 808 448 627 697 4336 4063 4219 4123 4488 3969 4041 4072 4217 3937 4453 3591 4182 4842 3905 3883 2731 3513 3511 3997 3248 3223 3609 3681 3496 3710 2897 2903 3869 3171 3262 3681 3708 3596 3800 4722 3647 3673 4452 4465 3729 4176 3474 4077 4596 3830 4150 4013 5164 1761 5929 2518 4139 2578 5264 4701 1953 
1000000 1000000 1000000 1000000 1000000 1000000 1000000 1000000 1000000 1000000 3869 6013 4774 5603 5936 4325 547 2980 3721 5731 5339 4911 3849 3373 1978 3142 3111 6805 6966 6763 6182 6722 6595 6842 6370 5900 7045 6058 6808 6966 6981 6300 6077 6308 6856 6910 397 806 0 197 100 376 1269 1369 601 503 1085 918 1199 1038 1180 568 162 5121 4852 4941 4886 5198 4757 4796 4806 4999 4666 5198 4367 4965 5587 4641 4625 2104 2881 2822 3275 2521 2591 3049 3024 2872 3156 2238 2293 3270 2472 2535 3094 3078 2869 4604 5504 4449 4444 5248 5237 4529 4949 4245 4881 5374 4634 4943 4281 5958 2211 6713 2722 4502 2627 6019 5381 1807 
1000000 1000000 1000000 1000000 1000000 1000000 1000000 1000000 1000000 1000000 3720 5816 4632 5412 5962 4231 422 3089 3839 5706 5169 4731 4046 3417 2026 3305 3307 6612 6995 6796 6196 6724 6613 6867 6399 5915 7060 6074 6807 6995 7003 6343 6102 6351 6887 6912 254 670 197 0 261 250 1148 1221 545 697 916 943 1077 1061 1007 375 37 4949 4683 4753 4707 5008 4588 4615 4619 4827 4479 5014 4193 4793 5403 4456 4441 2300 3078 3018 3468 2714 2788 3243 3221 3068 3350 2435 2489 3466 2667 2728 3290 3274 3061 4465 5390 4314 4338 5122 5130 4397 4841 4139 4742 5263 4495 4820 4102 5834 2015 6541 2546 4539 2727 5837 5320 1937 
1000000 1000000 1000000 1000000 1000000 1000000 1000000 1000000 1000000 1000000 3852 6067 4750 5631 5844 4425 533 3030 3621 5652 5425 4991 3800 3449 2055 3052 3071 6837 6873 6669 6092 6635 6505 6749 6277 5810 6955 5967 6721 6873 6890 6205 5985 6213 6762 6823 404 791 100 261 0 375 1239 1357 550 444 1090 831 1170 951 1189 636 230 5122 4850 4963 4896 5223 4757 4809 4825 5001 4686 5214 4372 4967 5603 4659 4642 2051 2830 2784 3247 2493 2540 2987 2979 2820 3093 2192 2237 3215 2436 2507 3036 3027 2841 4579 5463 4422 4400 5215 5192 4500 4905 4201 4855 5332 4608 4907 4361 5923 2270 6715 2805 4408 2527 6032 5315 1709 
1000000 1000000 1000000 1000000 1000000 1000000 1000000 1000000 1000000 1000000 3493 5734 4400 5261 5753 4393 175 3335 3728 5468 5205 4739 4151 3664 2274 3273 3433 6471 6788 6592 5979 6499 6397 6657 6192 5698 6842 5859 6580 6788 6790 6146 5892 6154 6681 6686 41 431 376 250 375 0 903 993 314 802 716 759 832 870 814 416 272 4749 4479 4591 4521 4853 4385 4434 4451 4628 4313 4840 3998 4594 5229 4286 4267 2398 3180 3148 3618 2865 2890 3315 3336 3167 3419 2548 2579 3555 2802 2879 3373 3377 3213 4231 5145 4078 4090 4881 4882 4159 4594 3891 4508 5017 4261 4577 4116 5592 1954 6342 2575 4339 2597 5657 5072 1856 
1000000 1000000 1000000 1000000 1000000 1000000 1000000 1000000 1000000 1000000 2623 5327 3513 4619 5174 4891 728 4237 3652 4719 5235 4679 4772 4515 3141 3510 4119 5855 6212 6032 5357 5825 5781 6067 5619 5079 6212 5245 5898 6212 6184 5630 5307 5637 6114 6012 895 482 1269 1148 1239 903 0 261 709 1581 449 859 71 864 477 1084 1173 3948 3669 3918 3770 4200 3576 3701 3759 3833 3630 4123 3220 3798 4511 3589 3559 3043 3815 3850 4357 3619 3529 3863 3997 3793 3959 3224 3200 4145 3522 3633 3951 4007 3963 3341 4243 3183 3192 3980 3983 3262 3694 2992 3617 4115 3370 3675 4093 4690 1797 5538 2677 3833 2500 4916 4237 2028 
1000000 1000000 1000000 1000000 1000000 1000000 1000000 1000000 1000000 1000000 2501 5071 3412 4393 5349 4731 825 4293 3908 4830 4991 4428 4988 4502 3148 3767 4319 5625 6385 6210 5517 5966 5942 6236 5794 5241 6367 5409 6036 6385 6347 5820 5479 5827 6290 6152 976 567 1369 1221 1357 993 261 0 870 1738 351 1098 279 1114 320 1074 1251 3775 3500 3698 3574 3976 3407 3499 3544 3657 3412 3916 3035 3622 4305 3375 3349 3249 4025 4045 4542 3798 3738 4090 4203 4005 4187 3424 3412 4365 3711 3812 4173 4219 4144 3245 4203 3097 3172 3913 3958 3183 3668 2972 3523 4081 3277 3617 3846 4628 1550 5368 2453 4031 2757 4718 4296 2284 
1000000 1000000 1000000 1000000 1000000 1000000 1000000 1000000 1000000 1000000 3331 5810 4218 5240 5439 4693 224 3578 3475 5162 5414 4922 4139 3957 2564 3101 3455 6465 6475 6279 5665 6186 6084 6344 5879 5384 6529 5545 6268 6475 6476 5835 5578 5843 6369 6374 337 346 601 545 550 314 709 870 0 875 691 471 644 573 794 702 556 4642 4365 4554 4444 4826 4272 4366 4405 4525 4271 4781 3904 4490 5171 4237 4213 2391 3172 3179 3672 2928 2883 3264 3343 3154 3365 2561 2561 3525 2842 2942 3337 3367 3274 4045 4915 3885 3850 4671 4643 3960 4356 3652 4320 4783 4073 4362 4307 5377 2082 6234 2787 4028 2331 5587 4786 1645 
1000000 1000000 1000000 1000000 1000000 1000000 1000000 1000000 1000000 1000000 4202 6511 5081 6062 5801 4668 937 2841 3371 5728 5817 5403 3356 3410 2040 2691 2631 7273 6818 6606 6074 6645 6478 6704 6226 5793 6934 5945 6736 6818 6853 6121 5945 6130 6703 6832 836 1181 503 697 444 802 1581 1738 875 0 1505 946 1518 1052 1606 1070 663 5513 5237 5389 5304 5653 5144 5221 5246 5395 5109 5631 4771 5360 6020 5080 5060 1607 2387 2347 2820 2069 2096 2547 2537 2376 2654 1749 1794 2771 2001 2083 2594 2584 2417 4906 5733 4742 4659 5514 5448 4812 5166 4463 5179 5597 4933 5199 4771 6213 2711 7105 3211 4348 2335 6444 5471 1456 
1000000 1000000 1000000 1000000 1000000 1000000 1000000 1000000 1000000 1000000 2814 5125 3735 4563 5622 4442 569 3961 4003 5154 4860 4329 4823 4151 2800 3748 4125 5782 6660 6480 5805 6270 6229 6515 6067 5527 6659 5693 6343 6660 6632 6075 5755 6082 6562 6457 689 346 1085 916 1090 716 449 351 691 1505 0 1051 404 1103 103 729 949 4037 3768 3885 3806 4152 3674 3720 3742 3915 3605 4127 3283 3881 4517 3576 3556 3072 3854 3845 4324 3573 3564 3954 4020 3838 4055 3234 3246 4213 3503 3588 4026 4050 3922 3571 4548 3428 3522 4251 4307 3517 4017 3321 3850 4428 3604 3958 3728 4966 1450 5629 2269 4275 2846 4943 4640 2271 
1000000 1000000 1000000 1000000 1000000 1000000 1000000 1000000 1000000 1000000 3374 6155 4215 5477 5024 5151 694 3781 3010 4829 5865 5359 3925 4273 2880 2699 3296 6713 6056 5855 5265 5806 5680 5929 5460 4984 6129 5142 5891 6056 6067 5401 5164 5409 5947 5993 789 737 918 943 831 759 859 1098 471 946 1051 0 821 121 1143 1167 941 4762 4477 4774 4609 5058 4386 4546 4613 4651 4485 4971 4050 4616 5357 4443 4411 2214 2975 3036 3559 2839 2693 3007 3165 2951 3101 2406 2362 3293 2721 2853 3099 3165 3177 4036 4807 3863 3729 4609 4516 3925 4235 3536 4304 4668 4060 4290 4749 5301 2494 6343 3244 3597 1863 5755 4531 1221 
1000000 1000000 1000000 1000000 1000000 1000000 1000000 1000000 1000000 1000000 2688 5349 3581 4662 5221 4843 658 4166 3656 4779 5222 4672 4724 4446 3071 3489 4066 5896 6259 6078 5407 5880 5831 6115 5666 5129 6263 5295 5953 6259 6233 5672 5354 5679 6160 6066 824 412 1199 1077 1170 832 71 279 644 1518 404 821 0 835 445 1017 1103 4006 3728 3963 3823 4244 3635 3752 3806 3891 3676 4173 3275 3856 4561 3637 3608 2991 3765 3796 4300 3560 3479 3820 3946 3744 3916 3171 3151 4098 3466 3574 3906 3958 3905 3409 4313 3252 3263 4050 4054 3331 3765 3063 3685 4186 3438 3746 4082 4760 1788 5597 2653 3872 2501 4968 4303 2006 
1000000 1000000 1000000 1000000 1000000 1000000 1000000 1000000 1000000 1000000 3321 6182 4150 5470 4904 5262 794 3891 2926 4711 5940 5426 3952 4392 2999 2660 3340 6709 5936 5736 5145 5685 5559 5809 5340 4863 6008 5021 5771 5936 5947 5283 5044 5291 5828 5873 899 808 1038 1061 951 870 864 1114 573 1052 1103 121 835 0 1191 1273 1060 4724 4438 4763 4583 5050 4347 4524 4599 4616 4473 4952 4021 4580 5337 4429 4394 2258 3009 3085 3613 2902 2731 3024 3204 2984 3116 2454 2398 3317 2777 2915 3121 3197 3236 3970 4720 3794 3641 4531 4425 3853 4146 3449 4235 4580 3993 4211 4819 5219 2553 6301 3324 3479 1774 5729 4421 1177 
1000000 1000000 1000000 1000000 1000000 1000000 1000000 1000000 1000000 1000000 2735 5026 3660 4461 5644 4425 671 4034 4078 5148 4789 4251 4926 4201 2858 3841 4228 5679 6682 6504 5820 6277 6244 6535 6090 5543 6673 5710 6348 6682 6649 6105 5776 6112 6585 6463 786 448 1180 1007 1189 814 477 320 794 1606 103 1143 445 1191 0 796 1041 3943 3676 3783 3708 4049 3581 3621 3641 3821 3504 4027 3188 3787 4417 3475 3455 3175 3957 3947 4425 3674 3667 4057 4123 3941 4158 3337 3349 4316 3605 3688 4128 4153 4022 3498 4489 3357 3471 4184 4253 3449 3963 3271 3777 4371 3531 3894 3654 4900 1368 5535 2210 4309 2921 4844 4615 2362 
1000000 1000000 1000000 1000000 1000000 1000000 1000000 1000000 1000000 1000000 3527 5449 4454 5088 6120 3991 489 3239 4144 5772 4810 4362 4411 3436 2074 3662 3663 6277 7157 6965 6334 6837 6755 7022 6561 6053 7196 6216 6915 7157 7151 6528 6257 6536 7053 7025 381 627 568 375 636 416 1084 1074 702 1070 729 1167 1017 1273 796 0 408 4691 4432 4441 4425 4688 4338 4326 4315 4566 4173 4716 3928 4533 5103 4154 4144 2669 3444 3373 3809 3055 3155 3617 3583 3436 3724 2799 2860 3836 3020 3069 3661 3641 3401 4293 5276 4153 4245 4978 5032 4244 4742 4045 4572 5155 4326 4686 3734 5694 1645 6277 2183 4720 3012 5545 5319 2265 
1000000 1000000 1000000 1000000 1000000 1000000 1000000 1000000 1000000 1000000 3750 5851 4662 5448 5963 4242 446 3064 3822 5716 5196 4761 4011 3402 2010 3279 3271 6648 6996 6796 6199 6729 6615 6868 6400 5918 7063 6077 6813 6996 7005 6341 6103 6349 6887 6917 279 697 162 37 230 272 1173 1251 556 663 949 941 1103 1060 1041 408 0 4983 4716 4789 4742 5044 4622 4650 4655 4861 4515 5049 4227 4827 5438 4491 4476 2265 3042 2982 3432 2678 2753 3209 3185 3033 3316 2400 2454 3432 2631 2692 3255 3239 3025 4494 5416 4342 4362 5149 5154 4425 4866 4163 4771 5288 4524 4846 4131 5860 2050 6575 2575 4538 2713 5872 5337 1918 
