NAME : P121212
TYPE : ATSP
DIMENSION : 220
EDGE_WEIGHT_TYPE : EXPLICIT
EDGE_WEIGHT_FORMAT : FULL_MATRIX
EDGE_WEIGHT_SECTION
1000000 1000000 1000000 1000000 1000000 1000000 1000000 1000000 1000000 1000000 7156 4523 2671 8572 3275 3702 4548 1266 5622 4546 4859 8067 6715 8268 3173 6916 3886 7619 5943 2678 4889 7193 6392 8529 6110 5445 4812 8504 5286 8089 745 3742 4903 5025 5372 6825 5076 4446 6879 3957 4059 2177 3664 6773 4349 5483 3334 1889 8805 492 3751 2065 2028 8782 2674 2115 6690 6427 5873 2534 4786 4578 7872 6027 2754 3197 7123 5415 3712 10200 8987 4295 4655 6134 4472 3311 5197 4463 1652 8966 1896 3785 621 3310 2746 4777 3676 5265 2864 7336 4662 4127 4397 3165 6159 6299 2806 5000 4833 5549 131 5795 4776 2788 7122 7768 7359 2288 5013 2041 7173 2359 5571 3813 5757 1819 5921 5851 8621 7175 1946 8132 2409 6736 7791 2901 8487 7508 1659 3771 4349 6846 2165 4648 5623 3041 4179 2415 1175 7475 8262 5806 8674 3466 5367 3729 3323 6020 4521 5657 3701 841 9892 5007 6225 5084 5096 2256 3971 3723 4734 2742 4580 3869 4565 1490 6400 3873 4619 7950 7455 3775 6687 8304 7351 1423 7174 7690 808 6729 3638 8404 2669 8082 5470 3694 1540 3897 3303 4037 6110 5520 3822 4658 5905 3043 3321 4898 7386 7251 0 1000000 1000000 1000000 1000000 1000000 1000000 1000000 1000000 1000000 
1000000 1000000 1000000 1000000 1000000 1000000 1000000 1000000 1000000 1000000 6370 3344 5033 7467 2192 6000 4691 2585 6756 3847 2635 8738 8164 7056 1272 5372 5159 8960 3731 4681 2524 7348 6700 9399 4153 3529 6652 8942 2955 7634 1918 2436 2886 5614 3052 5171 4469 3806 6342 2056 1792 4347 2459 7936 5509 3216 4527 815 7985 1960 1452 4020 1962 9589 4259 1604 6393 5130 4211 671 4711 4759 7162 6029 445 5559 7160 3693 1784 8918 7766 4851 3753 6707 2267 5613 2925 6532 3968 8442 4251 3223 2179 5641 4069 6381 4033 3082 813 7233 2452 5380 2031 1499 7001 7632 4258 2825 6194 5256 2371 3635 3122 4992 7855 6234 5622 369 2707 531 8093 4652 3216 2180 4880 2560 6827 7571 8002 6957 1990 8347 2520 5303 6688 3603 7187 8422 1111 5924 6599 5134 3789 3841 3779 3672 5622 3862 1627 6177 8474 4414 8267 1890 5819 6056 4109 4557 2156 3354 1920 3207 8682 2642 4210 4771 5130 1067 4506 4881 5955 2331 2341 6108 3845 2907 4555 3508 2912 8357 6644 1583 7799 8932 8431 1998 8537 7419 2337 5035 5994 9212 1471 7190 6718 3408 1889 1651 1197 5628 6132 4469 1925 6113 3650 5408 5683 6124 7740 7139 1000000 0 1000000 1000000 1000000 1000000 1000000 1000000 1000000 1000000 
1000000 1000000 1000000 1000000 1000000 1000000 1000000 1000000 1000000 1000000 9710 7770 1232 11326 6699 1309 6616 4103 5861 7433 8612 8550 5981 11154 6928 10194 4628 6923 9718 2771 8733 8611 7755 8594 9729 9066 3723 9296 9121 10162 4381 7191 8602 6365 9202 10196 7773 7307 9201 7654 7881 2451 7072 6628 5050 9291 4555 5686 11231 4266 7562 3052 5376 8920 3731 5644 8769 9538 9308 6339 7025 6593 10264 7873 6597 662 8712 8922 7436 13043 11833 5949 7681 7173 8267 1342 9009 2771 2374 11031 2013 6751 4165 1090 4194 4343 5834 9036 6641 9074 8412 4773 8240 6787 6759 5930 3988 8771 4921 7836 3851 9545 8290 2056 7677 10986 10768 6105 8811 5870 7393 1756 9399 7411 8582 4738 6478 4694 10833 9082 5278 9314 5427 9935 10603 5076 11445 7671 5373 2189 1817 10260 3671 7602 9193 5213 4422 3957 4839 10499 9430 9051 10623 7081 6792 1040 5143 9299 8365 9479 7372 3006 12675 8851 9878 7496 7128 5973 5788 4760 5146 5954 8386 1750 7465 4053 9934 6657 8174 8874 10001 7543 6661 8822 7238 4804 6521 9589 4118 10135 368 8597 6212 10652 5538 6469 4968 7716 7064 4034 7912 8528 7463 4627 9703 840 548 5228 8486 9014 1000000 1000000 0 1000000 1000000 1000000 1000000 1000000 1000000 1000000 
1000000 1000000 1000000 1000000 1000000 1000000 1000000 1000000 1000000 1000000 4298 4782 5967 5886 4944 5471 2262 7212 1085 3856 9013 2120 2524 5991 6107 6183 2243 2804 7796 4176 8164 2009 1280 2692 6990 6579 3386 2641 8017 3949 6561 5126 6648 1118 7989 6449 3552 3775 3560 6145 7043 4771 4985 1642 1760 7772 2651 5928 5297 6268 7886 4334 4764 2894 3481 5105 2896 5328 6066 6173 2536 2173 4451 2028 6699 6568 2239 6070 6168 7505 6470 1859 4227 534 7019 5405 7629 4295 5411 4697 5704 3925 5439 5665 3241 2568 2687 7314 7520 2683 8880 2039 7837 8184 350 1903 3262 7153 1870 2779 5819 7508 5759 4809 1180 6602 6972 6972 8868 6195 1415 6837 8988 5656 4145 4351 421 3149 4683 2881 4754 2577 4192 5803 5423 3180 6366 1730 6994 4602 5290 6624 3900 4043 6456 3078 2323 3590 5444 5782 2690 5374 4222 5597 1097 5741 2686 5611 7890 8063 5910 5866 7080 8195 7234 2919 2162 5659 2203 2282 1596 4431 7178 5086 3892 4461 6797 3563 5845 2155 4494 8155 1437 2358 1891 4960 2536 3275 5197 6515 6905 2514 7970 5034 1431 3555 4989 6912 7871 2708 1978 4521 8621 2162 7967 6189 6642 1526 1749 2660 1000000 1000000 1000000 0 1000000 1000000 1000000 1000000 1000000 1000000 
1000000 1000000 1000000 1000000 1000000 1000000 1000000 1000000 1000000 1000000 4778 4367 4652 6440 4191 4254 1931 5927 1084 3521 8130 3426 2660 6437 5269 6218 905 3325 7325 2850 7417 3126 2275 3864 6684 6179 2475 3983 7372 4824 5316 4479 6114 1002 7366 6411 3434 3409 4112 5463 6283 3433 4326 2258 439 7206 1339 4874 6057 5020 6963 2992 3719 4113 2141 4096 3538 5380 5847 5212 2360 1852 5129 2587 5735 5271 3251 5735 5432 8138 7010 1165 3899 1699 6345 4146 7023 3247 4068 5654 4364 3328 4195 4401 1931 1667 1875 6768 6488 3643 7981 719 7040 7115 1500 2046 1929 6573 976 2955 4543 7049 5307 3505 2478 6784 6976 5907 8038 5153 2509 5499 8250 4987 4188 3193 1252 2669 5539 3721 3691 3852 3183 5857 5854 2078 6791 2845 5833 3415 4172 6561 2574 3729 6116 2016 1107 2275 4285 6047 3973 5243 5213 4856 1400 4518 1572 5502 7110 7489 5195 4539 7728 7467 6916 2867 2176 4675 1384 956 556 3539 6507 3903 3560 3199 6592 2989 5345 3486 5028 7199 2121 3676 2763 3807 2929 4196 3950 6441 5627 3734 6844 5639 1134 2913 3862 6135 6869 1506 2593 4432 7604 1177 7461 4892 5351 650 3028 3594 1000000 1000000 1000000 1000000 0 1000000 1000000 1000000 1000000 1000000 
1000000 1000000 1000000 1000000 1000000 1000000 1000000 1000000 1000000 1000000 4729 1929 6952 5464 1810 7691 4319 4952 7002 2827 2873 8317 8612 4988 1275 3142 5780 9232 1560 6083 1699 6531 6115 9137 1756 1150 7666 8269 1439 6193 4206 1476 489 5481 1417 2875 3350 2872 4949 550 856 5967 1628 8094 5960 1271 5208 2564 6191 4161 2198 5477 2908 9250 5348 2570 5235 3131 1970 1945 4105 4407 5521 5229 1963 7565 6246 1452 744 6742 5662 4850 2523 6388 497 7328 1070 7833 5815 6881 6167 2663 4023 7422 4979 7160 4080 891 2684 6171 2827 5942 1563 3309 6920 7997 5231 647 6743 4291 4402 1366 1107 6591 7573 3973 3269 2720 2561 2466 7982 6805 2468 975 3360 3652 6832 8370 6382 5811 3001 7497 3128 3164 4731 4133 5049 8276 3508 7383 8168 2805 5021 2691 1427 4112 6331 4932 3346 4090 7611 2414 6824 1195 5512 7809 4535 2464 1547 1544 851 5233 6557 1690 1819 3894 4534 2212 4576 5450 6394 2595 636 7683 2800 4282 2178 3024 905 7698 4953 2558 7916 8451 8459 3403 8863 6174 4062 2720 8023 8898 3619 5381 7086 3060 3238 883 2658 6486 5337 2841 3239 6768 1603 7344 7691 6546 7084 6078 1000000 1000000 1000000 1000000 1000000 0 1000000 1000000 1000000 1000000 
1000000 1000000 1000000 1000000 1000000 1000000 1000000 1000000 1000000 1000000 2118 5126 10544 1515 6321 10474 4993 10351 6588 4749 9517 5315 7878 2050 7257 3873 7065 7771 6813 8823 8245 3583 4230 6218 5636 5790 8785 4542 7696 1558 9516 6032 6358 5355 7583 4275 4179 4833 2417 6661 7522 9220 6014 6828 6743 7197 7041 8043 491 9298 8844 8634 7271 6063 7871 7334 2837 3566 4837 7800 4616 5009 1379 3771 8168 11229 3283 5287 6883 2275 1833 5651 4745 4973 7148 10288 7265 9591 9615 1002 9998 5497 8628 10519 7423 7955 5831 6808 9086 2831 9492 6984 8228 9798 5721 7329 7612 6849 7227 3799 9132 6573 5596 9538 5393 3438 4361 8835 9153 8175 6043 11079 8827 6353 3599 7468 5919 8654 824 2644 7339 3676 6840 3664 2019 6650 2282 6086 9356 9695 10491 4461 8022 4694 5488 6499 7439 7701 8197 2790 3673 4268 1466 6595 4945 10720 6476 4251 8192 7429 6659 9634 1866 8185 5826 4211 4467 7573 5809 6871 6846 6565 7243 10176 4738 8016 5121 5376 5814 4339 1830 9203 6632 5208 6661 7836 7698 2237 8469 4454 11651 5932 9930 1301 6924 5555 7742 7505 9204 7831 3755 4003 9871 7485 7076 10869 11333 6855 4155 2847 1000000 1000000 1000000 1000000 1000000 1000000 0 1000000 1000000 1000000 
1000000 1000000 1000000 1000000 1000000 1000000 1000000 1000000 1000000 1000000 3677 3512 5399 5341 3607 5181 970 6143 1868 2606 7679 3333 3527 5332 4772 5171 1756 4012 6522 3608 6831 2376 1532 4005 5780 5326 3574 3642 6697 3826 5432 3799 5350 223 6674 5388 2412 2511 3024 4816 5708 4103 3655 2854 1451 6470 1843 4647 4999 5147 6558 3571 3491 4181 2727 3812 2480 4323 4894 4857 1334 881 4057 1542 5382 6058 2398 4842 4833 7045 5908 593 2986 1306 5693 5022 6317 4303 4641 4685 4984 2599 4324 5265 2356 2771 1379 6015 6221 2730 7548 1677 6501 6899 1668 2882 2471 5845 2075 1854 4751 6237 4483 4310 2447 5704 5942 5689 7531 4908 2751 6121 7656 4327 3125 3167 1575 3741 4521 2735 3492 3265 2913 4803 4749 1998 5686 3064 5772 4385 5181 5547 3028 2806 5228 1872 2145 2694 4238 4952 3394 4248 4272 4262 493 5434 1561 4500 6554 6759 4577 4938 6638 6863 6019 1811 1084 4353 937 1593 1658 3110 5853 4868 2644 3401 5637 2237 4554 3077 3930 6833 2667 3537 3201 3756 3679 3237 4093 5431 6449 3806 6716 4549 2071 2221 3764 5576 6561 2529 1569 3413 7314 2281 6682 5684 6150 1727 2506 2666 1000000 1000000 1000000 1000000 1000000 1000000 1000000 0 1000000 1000000 
1000000 1000000 1000000 1000000 1000000 1000000 1000000 1000000 1000000 1000000 8147 6341 832 9773 5357 742 5045 3695 4426 5931 7825 7134 4819 9616 5763 8738 3073 5782 8523 1197 7740 7063 6204 7272 8411 7759 2547 7835 8044 8587 3663 5842 7353 4801 8108 8768 6239 5803 7628 6422 6784 1005 5712 5311 3512 8146 2979 4612 9658 3461 6692 1566 4074 7586 2164 4395 7193 8049 7911 5251 5459 5021 8691 6298 5594 1335 7151 7559 6230 11493 10287 4373 6201 5646 7118 364 7876 1788 1326 9456 1185 5281 3090 515 2634 2991 4279 7845 5832 7507 7630 3232 7254 6130 5285 4649 2419 7585 3476 6267 2933 8324 6942 482 6231 9509 9347 5239 7956 4839 6009 1926 8472 6123 7055 3370 5004 3628 9257 7508 3978 7797 4026 8462 9059 3545 9915 6307 4630 1021 1381 8845 2161 6110 7857 3677 2919 2421 3721 8986 7915 7599 9052 5812 5227 849 3579 7854 7371 8361 6128 2196 11120 7847 8578 5937 5554 4812 4215 3189 3652 4574 7251 922 5965 2700 8570 5155 6848 7387 8436 6741 5314 7404 5931 3567 5352 8016 2971 8719 1678 7244 5607 9087 4127 4971 3730 6615 6273 2551 6338 7031 6793 3191 8538 958 1405 3750 6969 7445 1000000 1000000 1000000 1000000 1000000 1000000 1000000 1000000 0 1000000 
1000000 1000000 1000000 1000000 1000000 1000000 1000000 1000000 1000000 1000000 6060 3037 5062 7167 1883 5983 4410 2776 6535 3538 2763 8471 7971 6760 992 5095 4967 8751 3574 4598 2501 7056 6418 9145 3926 3290 6522 8660 2868 7324 2054 2128 2663 5355 2955 4904 4161 3498 6032 1797 1652 4303 2149 7713 5301 3083 4336 662 7677 2054 1567 3940 1740 9330 4119 1362 6087 4834 3941 361 4418 4480 6853 5734 354 5613 6863 3426 1525 8629 7471 4596 3443 6440 2098 5598 2794 6445 3971 8132 4274 2921 2153 5641 3901 6218 3773 2910 1079 6931 2590 5183 2013 1787 6753 7428 4101 2649 6002 4953 2406 3458 2843 4949 7595 5958 5367 677 2787 404 7847 4747 3239 1887 4571 2386 6585 7416 7691 6652 1779 8055 2280 5016 6386 3381 6896 8174 1349 5861 6560 4874 3665 3531 3529 3442 5444 3714 1544 5884 8182 4121 7957 1589 5549 6052 3884 4269 2131 3244 1639 3252 8388 2611 3995 4468 4840 797 4253 4681 5749 2053 2190 6068 3536 2792 4310 3211 2637 8075 6335 1755 7572 8661 8198 1858 8332 7113 2283 4772 6057 8953 1781 6882 6510 3115 1732 1497 1419 5470 5837 4162 2167 5933 3512 5444 5738 5918 7457 6837 1000000 1000000 1000000 1000000 1000000 1000000 1000000 1000000 1000000 0 
1000000 1000000 1000000 1000000 1000000 1000000 1000000 1000000 1000000 1000000 0 3041 8606 1668 4209 8666 3117 8240 5298 2635 7599 4932 6818 1695 5181 2456 5354 6961 5146 6953 6370 2862 3103 5887 4005 3988 7250 4451 5891 1534 7404 3939 4469 3785 5794 2845 2081 2722 750 4638 5543 7288 3912 5863 5119 5432 5212 5927 1655 7190 6834 6690 5163 5845 5983 5218 1430 1804 3076 5700 2689 3154 802 2283 6086 9298 2482 3436 4842 3384 2232 3871 2631 3805 5215 8442 5449 7952 7623 2152 8013 3387 6537 8657 5516 6444 3879 5002 7012 2131 7554 5322 6291 7731 4595 6200 5729 4995 5735 1897 7042 4875 3623 7666 4630 2512 3182 6736 7267 6064 5259 9065 7029 4292 1490 5398 4714 7334 1661 1727 5233 3516 4750 2115 1127 4669 2069 5414 7241 7945 8772 3051 6069 2576 3712 4523 5805 5763 6088 1636 3587 2385 2134 4513 3439 8897 4569 2453 6270 5694 4605 7578 2991 6328 4232 2217 2663 5459 3954 5110 5323 4454 5328 8411 2622 5976 3564 3288 3833 4013 301 7190 5653 4934 5885 5737 6774 1787 6387 2992 9735 5597 7837 949 5591 3471 5638 5506 7156 6175 2323 1934 7845 5955 5396 8949 9407 5373 3556 2072 7156 6370 9710 4298 4778 4729 2118 3677 8147 6060 
1000000 1000000 1000000 1000000 1000000 1000000 1000000 1000000 1000000 1000000 3041 0 6558 4164 1277 7005 2543 5438 5345 933 4730 6417 6997 3798 2141 2437 4412 7523 3015 5264 3623 4603 4209 7260 2327 1819 6423 6343 3325 4397 4600 911 1889 3729 3275 2429 1421 1008 3116 1671 2627 5354 916 6363 4471 3016 3942 2990 4642 4435 3843 4775 2518 7357 4362 2421 3331 1909 1599 2679 2253 2632 3841 3305 3046 7234 4319 1378 1837 5714 4518 3207 596 4537 2419 6690 2907 6795 5442 5156 5834 1128 3942 6844 3911 5790 2568 2551 3971 4258 4654 4523 3427 4691 5130 6360 4173 2420 5259 2363 4430 2729 978 5898 5709 3265 3007 3713 4461 3084 6159 6725 4395 1266 1564 3043 5077 6956 4692 3910 2610 5570 2345 2221 3377 2946 3985 6438 4279 6503 7340 2506 4197 771 1753 2863 4973 3995 3361 2966 5684 1299 5035 1472 3691 7179 3195 1535 3436 3308 1584 5130 5434 3618 2554 1980 2663 2511 3002 4081 4869 1843 2564 6888 900 3723 2315 1404 1084 5774 3308 4192 6173 6541 6672 3140 7185 4301 3862 2380 7698 7013 4804 3846 5486 1531 3000 2556 4125 5213 3413 1125 4830 5345 3187 6941 7357 5001 5161 4164 4523 3344 7770 4782 4367 1929 5126 3512 6341 3037 
1000000 1000000 1000000 1000000 1000000 1000000 1000000 1000000 1000000 1000000 8606 6558 0 10199 5471 1260 5551 3135 5206 6256 7502 7912 5651 10004 5705 8987 3754 6614 8494 1807 7552 7729 6868 8081 8498 7835 3379 8587 7919 9156 3269 5963 7372 5442 7997 8980 6627 6132 8135 6425 6672 1325 5846 6124 4218 8075 3561 4476 10163 3119 6417 1917 4146 8391 2690 4413 7745 8349 8085 5128 5940 5538 9195 6881 5407 693 7792 7694 6209 11908 10693 4942 6491 6349 7049 939 7795 2590 1143 10035 791 5559 2946 782 3124 3806 4732 7813 5514 8126 7304 3936 7060 5724 6038 5471 2950 7548 4257 6757 2663 8318 7061 1169 6997 9789 9550 4955 7676 4670 6802 1110 8241 6179 7425 3518 5758 4457 9805 8098 4048 8503 4213 8737 9462 3942 10285 7105 4263 1835 1989 9040 2538 6419 7963 4086 3670 2848 3618 9325 8624 7844 9648 5849 5864 1170 4069 8090 7183 8268 6142 1831 11549 7667 8646 6390 6083 4749 4743 3823 4400 4733 7171 1623 6287 2835 8705 5483 6944 8121 8901 6423 6120 8179 6745 3573 6183 8613 2891 8916 1147 8045 5169 9553 4918 5294 3737 6506 5946 3320 6930 7345 6398 3978 8484 393 809 4511 7679 8060 2671 5033 1232 5967 4652 6952 10544 5399 832 5062 
1000000 1000000 1000000 1000000 1000000 1000000 1000000 1000000 1000000 1000000 1668 4164 10199 0 5430 10310 4769 9576 6916 4039 8229 6202 8386 547 6212 2460 7019 8444 5406 8584 6936 4224 4641 7149 4237 4475 8914 5558 6347 2315 8735 5064 5091 5444 6226 2846 3582 4148 2346 5531 6320 8889 5079 7392 6786 5831 6861 7153 1145 8548 7660 8288 6547 7049 7611 6534 2991 2356 3531 6817 4331 4810 1491 3909 7124 10891 3859 4023 5776 1725 585 5534 3922 5373 5903 10076 5929 9618 9181 2289 9575 4796 7962 10285 7139 8105 5494 5473 8010 3431 8222 6989 6971 8699 6162 7783 7361 5546 7392 3556 8466 5185 4431 9293 6065 1933 2868 7836 7842 7244 6713 10596 7461 5295 2824 6881 6306 8970 1821 3095 6627 4627 6202 2322 788 6258 782 6825 8440 9602 10432 3018 7666 3925 4166 6117 7472 7370 7451 1394 4660 3085 2605 5579 5086 10537 6198 3002 6921 6046 5580 9066 1351 6864 4408 3838 4329 6674 5605 6771 6983 5832 5981 10064 4017 7497 3706 4771 4653 5231 1415 8020 7185 6150 7345 7151 8297 2907 7836 3028 11336 6856 8897 865 7222 4961 7034 6325 8076 7841 3935 3073 8699 7617 5671 10551 11004 7028 4891 3405 8572 7467 11326 5886 6440 5464 1515 5341 9773 7167 
1000000 1000000 1000000 1000000 1000000 1000000 1000000 1000000 1000000 1000000 4209 1277 5471 5430 0 6059 2735 4162 5257 1656 4091 6833 6840 5073 1198 3642 3973 7500 3313 4379 3239 5259 4691 7586 3055 2407 5863 6923 3192 5442 3324 492 2083 3827 3196 3566 2278 1620 4151 1286 2107 4353 390 6383 4168 3081 3398 1730 5846 3164 3022 3813 1331 7734 3581 1161 4214 3182 2633 1525 2645 2816 4993 3927 1982 6128 5040 2223 1243 6990 5793 3135 1579 4830 2161 5716 2869 6071 4334 6255 4716 1096 2715 5841 3189 5351 2327 2680 2913 5077 3972 4139 2894 3639 5272 6236 3446 2453 4946 3096 3190 3072 1592 4946 6015 4494 4116 2551 3926 1855 6358 5535 4069 842 2723 1987 5153 6562 5823 4784 1429 6257 1367 3466 4642 2324 5261 6669 3037 5668 6478 3602 3300 1652 2502 2303 4523 3173 2103 4241 6381 2536 6075 666 3931 6205 2731 2745 2950 3351 1007 3929 6709 3282 3227 2619 3082 1255 2833 3643 4608 811 2322 6003 1653 2664 3235 1435 1492 6338 4492 3333 6215 6999 6791 1940 7116 5236 2665 3481 6594 7368 3661 5065 5317 1399 1787 1970 3153 4678 4033 2364 3901 4962 3395 5861 6253 4763 5716 4982 3275 2192 6699 4944 4191 1810 6321 3607 5357 1883 
1000000 1000000 1000000 1000000 1000000 1000000 1000000 1000000 1000000 1000000 8666 7005 1260 10310 6059 0 5550 4347 4564 6548 8557 7245 4694 10180 6498 9380 3431 5644 9250 1760 8481 7378 6529 7286 9113 8465 2422 8001 8783 9007 4374 6541 8073 5173 8846 9426 6818 6419 8112 7147 7523 1725 6407 5319 3820 8880 3456 5353 10134 4182 7429 2248 4793 7612 2722 5122 7639 8669 8587 5991 5980 5516 9172 6719 6335 1411 7500 8249 6959 12034 10838 4830 6834 5919 7853 391 8611 1494 2050 9863 1856 5925 3831 482 3199 3037 4834 8574 6563 7879 8361 3551 7995 6844 5473 4623 2960 8315 3631 6773 3664 9048 7638 1115 6379 10134 10008 5974 8693 5580 6085 2335 9213 6837 7639 4076 5193 3425 9696 7914 4697 8048 4714 9093 9615 4147 10489 6363 5351 884 729 9510 2808 6733 8554 4269 3165 3033 4461 9581 8161 8247 9441 6531 5599 273 4119 8504 8112 9097 6851 2904 11652 8588 9285 6474 6033 5548 4713 3604 3878 5267 7987 452 6583 3415 9257 5776 7551 7590 8950 7473 5352 7517 5931 4298 5234 8411 3711 9384 1561 7288 6312 9596 4237 5596 4461 7353 7003 2769 6749 7646 7511 3336 9269 1129 1417 3949 7220 7823 3702 6000 1309 5471 4254 7691 10474 5181 742 5983 
1000000 1000000 1000000 1000000 1000000 1000000 1000000 1000000 1000000 1000000 3117 2543 5551 4769 2735 5550 0 5773 2824 1639 6826 4101 4483 4678 3925 4291 2288 4981 5555 3849 5921 2709 2010 4856 4815 4357 4281 4251 5757 3642 5001 2875 4391 1186 5728 4481 1505 1542 2587 3895 4810 4227 2738 3821 2156 5514 2095 3977 4618 4733 5739 3642 2872 5000 2886 3133 2219 3460 3941 4093 454 90 3650 1480 4608 6237 2591 3875 3933 6493 5309 811 2019 2097 4763 5332 5368 4889 4644 4528 5020 1676 3947 5552 2431 3531 884 5056 5488 2789 6705 2303 5613 6190 2605 3840 2628 4893 2892 1224 4420 5270 3516 4564 3285 4885 5046 4998 6652 4216 3664 6123 6740 3406 2281 2739 2537 4597 4262 2649 2896 3693 2304 3935 4101 1708 5011 3963 5192 4834 5667 4631 3034 1840 4260 1556 2793 2710 3721 4189 3823 3317 4184 3371 1203 5783 1483 3574 5658 5804 3670 4767 6105 5947 5053 975 557 3625 838 2015 2476 2361 4922 5297 1677 3149 4686 1316 3591 3666 3400 6032 3632 4273 4148 3262 4647 3170 3740 4512 6661 4634 6068 4048 2999 1339 3231 4686 5797 3130 1564 2501 6553 3047 5718 5878 6341 2581 3051 2705 4548 4691 6616 2262 1931 4319 4993 970 5045 4410 
1000000 1000000 1000000 1000000 1000000 1000000 1000000 1000000 1000000 1000000 8240 5438 3135 9576 4162 4347 5773 0 6859 5607 4596 9331 7880 9233 3721 7735 5124 8802 6314 3725 4963 8441 7648 9780 6695 6050 5862 9770 5486 9256 841 4580 5436 6290 5596 7591 6174 5519 8019 4541 4374 3131 4533 7997 5595 5789 4588 2499 9894 1058 3671 3185 3081 10037 3886 3043 7875 7341 6623 3028 5984 5808 8982 7251 3029 3448 8358 6128 4273 11151 9953 5555 5663 7400 4851 3973 5499 5375 2449 10125 2511 4855 1831 3891 3998 5924 4912 5667 2726 8556 4397 5365 4487 2721 7420 7496 4040 5409 6042 6722 1396 6219 5509 3649 8385 8599 8086 2335 4854 2511 8424 2367 5510 4523 6797 3035 7178 6935 9758 8377 3017 9387 3552 7600 8788 4155 9421 8758 1503 4630 5056 7582 3390 5683 6273 4292 5383 3660 2154 8401 9517 6674 9854 4181 6627 4299 4587 6862 4617 5908 4337 1596 10868 5094 6770 6245 6315 2965 5227 4976 5968 3786 4925 4616 5621 2756 7057 4993 5322 9214 8536 3573 7919 9569 8584 2546 8355 8888 2052 7473 3810 9660 2131 9146 6692 4825 2620 4236 3101 5206 7337 6503 3391 5850 6225 3432 3556 6129 8647 8469 1266 2585 4103 7212 5927 4952 10351 6143 3695 2776 
1000000 1000000 1000000 1000000 1000000 1000000 1000000 1000000 1000000 1000000 5298 5345 5206 6916 5257 4564 2824 6859 0 4459 9214 2709 1660 6990 6349 7015 1737 2245 8336 3482 8490 3086 2359 2950 7637 7163 2345 3438 8428 5031 6298 5526 7139 1671 8417 7246 4277 4358 4575 6521 7356 4119 5375 1185 1286 8243 2315 5947 6369 6003 8046 3780 4797 3235 2984 5177 3929 6163 6761 6295 3201 2736 5505 3016 6818 5758 3324 6694 6500 8559 7499 2157 4840 1617 7405 4546 8070 3289 4813 5781 5058 4353 5189 4810 2885 1557 2932 7799 7562 3767 9064 1495 8119 8179 951 1017 2820 7612 951 3634 5498 8056 6304 4037 1817 7505 7793 6976 9120 6227 1615 6161 9322 6041 4963 4247 693 2071 5765 3955 4766 3562 4265 6642 6414 3155 7360 1937 6869 3682 4307 7409 3470 4662 7079 3098 1563 3208 5329 6715 3665 6114 5305 5923 1898 4836 2652 6365 8187 8529 6259 5395 8137 8538 7874 3665 2914 5757 2429 1928 892 4620 7566 4153 4498 4187 7504 4003 6357 3046 5512 8281 1070 2978 1731 4857 1862 4358 4943 7293 6057 2871 7892 6074 355 3945 4921 7211 7947 1886 2983 5276 8679 1238 8483 5383 5819 738 2753 3743 5622 6756 5861 1085 1084 7002 6588 1868 4426 6535 
1000000 1000000 1000000 1000000 1000000 1000000 1000000 1000000 1000000 1000000 2635 933 6256 4039 1656 6548 1639 5607 4459 0 5549 5495 6118 3777 2781 2862 3676 6613 3941 4789 4503 3731 3289 6331 3178 2726 5707 5454 4244 3791 4770 1540 2819 2820 4198 2976 623 131 2502 2495 3454 4983 1453 5450 3671 3947 3280 3323 4289 4559 4579 4384 2535 6432 3838 2586 2571 2122 2328 3180 1323 1727 3391 2412 3627 6947 3471 2236 2608 5705 4485 2357 381 3604 3305 6264 3831 6171 5192 4615 5588 761 3931 6444 3365 5024 1834 3483 4561 3461 5457 3756 4266 5288 4205 5476 3618 3346 4447 1499 4436 3653 1909 5466 4777 3587 3558 4203 5310 3485 5227 6574 5293 2032 1215 2848 4160 6156 4200 3147 2609 4714 2164 2553 3267 2402 4038 5506 4638 5962 6808 3100 3772 210 2622 2287 4228 3518 3456 3070 4833 1776 4422 2126 2763 6746 2529 2041 4288 4239 2339 5029 5375 4508 3415 1071 1731 2867 2201 3355 4044 1822 3456 6380 40 3481 3073 777 2014 4879 2929 4912 5257 5626 5746 3123 6285 3586 3799 2976 7402 6085 5314 3543 4621 965 3015 3361 4779 4505 2520 1100 5515 4561 4118 6625 7064 4166 4261 3366 4546 3847 7433 3856 3521 2827 4749 2606 5931 3538 
1000000 1000000 1000000 1000000 1000000 1000000 1000000 1000000 1000000 1000000 7599 4730 7502 8229 4091 8557 6826 4596 9214 5549 0 10923 10701 7722 2907 5801 7705 11450 3045 7311 1304 9276 8765 11672 4083 3754 9280 10980 1962 9064 4238 4024 3160 7896 2101 5458 6127 5563 7812 3065 2104 6950 4137 10377 8014 2495 7077 3418 9029 4389 1196 6650 4467 11825 6880 4069 8060 5952 4701 2939 6715 6907 8389 7948 2436 7950 9019 4231 2944 9333 8353 7172 5301 8920 2385 8167 2330 9161 6508 9751 6747 5170 4785 8168 6660 8977 6344 2774 1995 8984 200 7915 1313 1893 9333 10139 6863 2683 8738 7046 4894 3170 3979 7590 10103 6544 5683 2591 452 3140 10425 6931 1161 3518 6224 5145 9193 10178 9249 8639 4519 10262 4959 5908 7532 6080 7724 10742 3243 8540 9185 5328 6419 5452 4063 6122 8196 6476 4261 6836 10381 5256 9696 3470 8020 8587 6571 5268 1330 2376 3213 5681 9208 1395 3982 6608 7154 3486 6845 7409 8464 4605 2278 8698 5530 5539 4620 5521 3775 10398 7819 1085 10223 11085 10826 4616 11041 9024 4960 5280 8352 11457 2488 8223 9216 5488 4494 2188 1558 8231 8056 5709 1269 8682 2809 7856 8068 8631 9776 8890 4859 2635 8612 9013 8130 2873 9517 7679 7825 2763 
1000000 1000000 1000000 1000000 1000000 1000000 1000000 1000000 1000000 1000000 4932 6417 7912 6202 6833 7245 4101 9331 2709 5495 10923 0 3070 6481 8025 7244 4298 2614 9355 6167 9973 2075 2210 956 8404 8108 4913 927 9738 3911 8679 6933 8303 3139 9691 7582 5032 5446 4216 7944 8882 6792 6806 2064 3808 9426 4758 7979 5294 8387 9838 6399 6823 952 5560 7143 3579 6432 7431 8169 4225 4022 4724 3151 8690 8465 2454 7557 8008 7560 6762 3910 5825 2032 8788 7247 9323 5891 7462 4334 7731 5756 7557 7512 5350 4210 4710 8959 9546 2815 10804 4074 9692 10229 1929 2773 5354 8836 3659 4105 7938 9063 7374 6743 949 7439 8022 9021 10736 8238 1186 8849 10777 7460 5381 6456 2193 4249 4560 3207 6822 1641 6245 6865 5990 5280 6857 994 9089 6362 6925 7778 6000 5646 7929 5169 4251 5697 7544 6565 1657 6687 3851 7458 2925 7517 4795 6883 9730 9718 7742 7965 7135 9987 8651 4438 3790 7677 4259 4380 3533 6422 8942 6822 5523 6581 8107 5403 7500 981 5013 10128 1959 273 1599 7059 2693 3297 7316 7688 8757 665 10045 5355 3015 5439 7079 8767 9876 4592 3049 5861 10631 3944 9557 8091 8525 3408 1384 2865 8067 8738 8550 2120 3426 8317 5315 3333 7134 8471 
1000000 1000000 1000000 1000000 1000000 1000000 1000000 1000000 1000000 1000000 6818 6997 5651 8386 6840 4694 4483 7880 1660 6118 10701 3070 0 8510 7885 8653 3006 964 9977 4208 10052 4296 3746 2761 9295 8815 2285 3983 10027 6334 7438 7138 8771 3326 10023 8894 5932 6014 6077 8117 8919 4854 6985 1071 2694 9865 3637 7349 7723 7149 9516 4695 6238 3101 4059 6633 5406 7798 8420 7763 4859 4396 6928 4551 8275 6062 4609 8351 8078 9970 8971 3796 6498 3017 8999 4813 9682 3211 5584 6986 5731 5984 6380 5066 4123 1959 4533 9426 8954 5062 10541 2788 9660 9525 2227 647 3977 9232 1970 5254 6603 9699 7951 4555 2547 9111 9434 8347 10638 7634 1953 6721 10884 7644 6601 5607 2115 1311 7061 5326 6193 4454 5747 8277 7944 4625 8886 2077 8131 3863 4205 9059 4573 6321 8735 4596 2572 4388 6641 8301 4523 7770 6494 7503 3516 4952 4148 8019 9736 10148 7846 6316 9541 10107 9532 5315 4559 7217 4042 3293 2245 6156 9160 4243 6156 5402 9163 5640 7997 3810 7008 9725 1253 3321 1483 6196 541 5652 6140 8945 6254 2851 9180 7527 1527 5570 6285 8768 9360 2680 4501 6929 10069 2078 10117 5719 6091 2083 3769 5060 6715 8164 5981 2524 2660 8612 7878 3527 4819 7971 
1000000 1000000 1000000 1000000 1000000 1000000 1000000 1000000 1000000 1000000 1695 3798 10004 547 5073 10180 4678 9233 6990 3777 7722 6481 8510 0 5791 1933 6957 8628 4872 8437 6425 4453 4783 7435 3706 3971 8898 5889 5827 2666 8393 4682 4599 5454 5703 2311 3381 3895 2434 5085 5844 8707 4710 7545 6759 5307 6752 6782 1650 8219 7186 8105 6241 7356 7465 6200 3109 1926 3035 6414 4230 4728 1771 3977 6699 10697 4078 3539 5336 1933 721 5467 3617 5495 5415 9930 5412 9561 8961 2764 9356 4522 7666 10130 6989 8102 5347 4958 7570 3675 7721 6946 6475 8250 6285 7894 7221 5041 7402 3498 8167 4655 3981 9140 6271 1390 2322 7422 7329 6857 6911 10350 6935 4877 2581 6623 6408 9020 2267 3307 6325 4949 5932 1827 584 6079 380 7045 8053 9501 10339 2479 7484 3642 3661 5943 7434 7200 7129 899 4994 2646 3034 5174 5122 10399 6062 2536 6422 5516 5152 8798 1637 6350 3872 3718 4282 6303 5504 6692 6987 5529 5487 9955 3751 7257 3172 4534 4202 5523 1513 7546 7336 6449 7541 6853 8455 3196 7553 2493 11147 7142 8469 1156 7281 4725 6729 5857 7618 7791 4017 2749 8227 7612 5137 10364 10812 7045 5137 3636 8268 7056 11154 5991 6437 4988 2050 5332 9616 6760 
1000000 1000000 1000000 1000000 1000000 1000000 1000000 1000000 1000000 1000000 5181 2141 5705 6212 1198 6498 3925 3721 6349 2781 2907 8025 7885 5791 0 4104 4934 8593 2790 4955 2185 6448 5888 8766 2982 2331 6691 8120 2317 6513 2949 1262 1740 4990 2365 3914 3396 2768 5222 821 1078 4777 1330 7498 5192 2384 4322 1289 6771 2891 1826 4323 1797 8921 4308 1412 5351 3866 2949 693 3842 4005 5981 5115 915 6306 6219 2436 555 7648 6499 4272 2617 6015 1356 6126 2114 6756 4574 7290 4917 2292 2764 6205 3994 6272 3447 2109 1831 6237 2781 5125 1776 2551 6429 7301 4230 1844 5947 4261 3130 2627 1852 5413 7197 4967 4383 1635 2774 1212 7520 5531 3010 917 3701 2551 6295 7488 6831 5927 1878 7445 2166 4032 5437 3272 5917 7836 2336 6252 7011 3887 3925 2732 2554 3290 5459 3888 2089 4909 7568 3147 7150 672 5116 6601 3738 3286 1854 2601 649 3965 7414 2255 3074 3794 4278 958 3952 4618 5641 1732 1491 6521 2770 3124 3339 2631 1645 7535 5446 2142 7338 8193 7931 2202 8195 6360 2821 3783 6762 8553 2687 5968 6377 2587 2041 911 2003 5555 5222 3257 2734 5926 2782 6095 6432 5803 6912 6142 3173 1272 6928 6107 5269 1275 7257 4772 5763 992 
1000000 1000000 1000000 1000000 1000000 1000000 1000000 1000000 1000000 1000000 2456 2437 8987 2460 3642 9380 4291 7735 7015 2862 5801 7244 8653 1933 4104 0 6502 8977 2950 7624 4501 5180 5190 8185 1777 2063 8532 6857 3895 3948 6913 3179 2717 5351 3771 409 2787 2992 3069 3330 3990 7763 3253 7823 6438 3374 6138 5237 3411 6781 5327 7175 4941 8183 6687 4802 3668 856 1177 4773 3859 4367 3065 4233 4979 9666 4808 1702 3597 3600 2554 5091 2549 5776 3535 9080 3483 9030 7877 4367 8269 3458 6353 9246 6218 7811 4686 3031 5798 4523 5807 6559 4575 6446 6521 8008 6474 3126 7183 3406 6831 2725 2253 8283 6792 866 791 5729 5402 5259 7372 9155 5003 3226 2053 5477 6563 8886 3837 4110 5035 5937 4777 384 1863 5249 1927 7581 6432 8819 9664 609 6579 2664 1754 5141 7042 6349 5743 1085 6016 1143 4489 3559 5139 9567 5390 903 4514 3586 3456 7555 3427 4422 1955 3361 4102 4771 5003 6191 6766 4279 3593 9230 2825 6155 1250 3616 2461 6379 2526 5684 7616 7281 7971 5562 8718 4239 6287 582 10129 7903 6721 2669 7241 3790 5416 4024 5799 7341 4314 1805 6366 7332 3214 9368 9788 6866 5862 4451 6916 5372 10194 6183 6218 3142 3873 5171 8738 5095 
1000000 1000000 1000000 1000000 1000000 1000000 1000000 1000000 1000000 1000000 5354 4412 3754 7019 3973 3431 2288 5124 1737 3676 7705 4298 3006 6957 4934 6502 0 3824 7240 1950 7116 3991 3131 4665 6732 6170 2033 4883 7153 5580 4567 4337 6007 1743 7164 6646 3741 3551 4744 5256 5991 2529 4182 2895 491 7050 632 4344 6743 4272 6517 2102 3239 4934 1266 3637 4230 5698 5975 4767 2741 2232 5792 3297 5275 4383 4084 5786 5181 8737 7572 1491 4035 2597 6123 3290 6841 2605 3172 6433 3461 3299 3464 3539 1158 1390 1852 6637 5950 4452 7543 242 6704 6532 2372 2489 1085 6419 1036 3467 3762 6978 5286 2617 3353 7147 7226 5346 7659 4628 3311 4595 7943 4807 4548 2603 2107 2591 6276 4485 3191 4749 2772 6164 6377 1666 7295 3643 5173 2631 3435 6775 1737 3884 6153 1670 563 1473 3654 6474 4871 5450 6011 4619 2170 3687 1250 5714 6786 7323 4970 3682 8339 7180 6950 3262 2691 4220 1502 334 850 3227 6282 3113 3715 2463 6712 3011 5286 4390 5623 6721 2802 4554 3466 3198 3391 4981 3218 6651 4750 4560 6210 6257 1604 2884 3282 5833 6354 845 3323 4698 7066 995 7347 4004 4466 1016 3928 4395 3886 5159 4628 2243 905 5780 7065 1756 3073 4967 
1000000 1000000 1000000 1000000 1000000 1000000 1000000 1000000 1000000 1000000 6961 7523 6614 8444 7500 5644 4981 8802 2245 6613 11450 2614 964 8628 8593 8977 3824 0 10533 5155 10735 4239 3862 2056 9774 9337 3245 3537 10663 6269 8333 7758 9352 3795 10649 9250 6349 6521 6211 8759 9601 5804 7608 1167 3451 10464 4448 8146 7675 8041 10276 5622 7011 2387 4949 7398 5531 8123 8862 8523 5309 4892 6959 4768 9042 7020 4591 8844 8743 9948 9025 4383 6990 3207 9643 5772 10298 4155 6533 6828 6689 6574 7257 6024 4970 2901 5173 10014 9759 5031 11297 3592 10363 10354 2460 1336 4846 9835 2807 5578 7503 10249 8494 5517 2391 9358 9767 9162 11362 8429 1738 7684 11567 8277 6946 6419 2458 2231 6973 5350 6974 4176 6493 8595 8082 5375 9008 1698 8990 4822 5132 9426 5462 6808 9231 5328 3445 5255 7477 8517 4220 8176 6335 8166 3888 5899 4879 8415 10431 10752 8500 7251 9518 10781 10016 5718 4957 7981 4669 4082 3006 6863 9804 5192 6650 6267 9596 6219 8561 3501 7116 10502 1369 2825 1111 7020 448 5600 7014 9318 7203 2221 10032 7580 2242 6172 7098 9455 10155 3597 4699 7324 10877 2961 10689 6678 7046 2836 3619 5048 7619 8960 6923 2804 3325 9232 7771 4012 5782 8751 
1000000 1000000 1000000 1000000 1000000 1000000 1000000 1000000 1000000 1000000 5146 3015 8494 5406 3313 9250 5555 6314 8336 3941 3045 9355 9977 4872 2790 2950 7240 10533 0 7639 1784 7427 7153 10230 1177 1249 9171 9180 1093 6679 5627 2906 1235 6741 950 2562 4329 4022 5563 2107 1940 7526 3060 9375 7377 586 6692 4055 6341 5618 2979 7035 4467 10304 6885 4129 5997 3351 2073 3410 5263 5645 5872 6207 3289 9095 7100 1811 2294 6344 5443 6183 3576 7536 1477 8886 849 9374 7360 7225 7706 3998 5554 8977 6501 8628 5467 682 3764 6937 3103 7386 2067 4225 8144 9347 6758 947 8167 5251 5908 293 2040 8150 8696 3589 2681 3992 2606 3916 9165 8297 2091 2475 4054 5209 8091 9828 6699 6541 4560 8334 4663 3155 4795 5622 4813 9439 4821 8938 9726 2398 6572 3760 1463 5585 7798 6473 4879 4032 8435 2800 7274 2741 6703 9367 5990 2695 1959 677 2406 6749 6254 1668 1002 4943 5662 3745 5942 6907 7798 4118 1390 9242 3906 5841 1701 4338 1981 8635 5301 3282 9186 9457 9686 4959 10187 6813 5606 2379 9551 9973 4675 5570 8455 4415 4794 2082 3574 7977 6310 3536 3918 8216 265 8885 9222 7942 8044 6849 5943 3731 9718 7796 7325 1560 6813 6522 8523 3574 
1000000 1000000 1000000 1000000 1000000 1000000 1000000 1000000 1000000 1000000 6953 5264 1807 8584 4379 1760 3849 3725 3482 4789 7311 6167 4208 8437 4955 7624 1950 5155 7639 0 7048 5924 5063 6413 7420 6782 2144 6807 7271 7398 3422 4849 6434 3642 7320 7677 5067 4660 6432 5534 6017 653 4709 4496 2419 7312 1787 3940 8461 3159 6132 662 3181 6709 974 3546 6000 6910 6853 4535 4265 3824 7495 5112 4949 2451 5994 6535 5371 10306 9103 3181 5077 4546 6296 1494 7055 1851 1379 8271 1580 4172 2545 1705 1449 2255 3093 6973 5358 6337 7124 2138 6576 5779 4266 3903 1224 6721 2552 5071 2589 7420 5936 716 5237 8375 8260 4738 7380 4200 5095 2682 7824 5186 5886 2432 3990 3211 8065 6326 3091 6699 3016 7335 7876 2388 8741 5412 4281 1300 2100 7766 1081 4974 6852 2512 1921 1276 3059 7825 6821 6494 7873 4899 4066 1964 2386 6752 6684 7547 5234 2134 9930 7142 7601 4747 4358 4040 3018 2022 2636 3573 6439 1630 4824 1836 7536 4017 5863 6329 7242 6240 4462 6431 5112 2779 4710 6837 2354 7640 2844 6350 5323 7892 3227 3838 2931 5847 5798 1620 5155 5887 6407 2299 7681 2076 2542 2761 5877 6273 2678 4681 2771 4176 2850 6083 8823 3608 1197 4598 
1000000 1000000 1000000 1000000 1000000 1000000 1000000 1000000 1000000 1000000 6370 3623 7552 6936 3239 8481 5921 4963 8490 4503 1304 9973 10052 6425 2185 4501 7116 10735 1784 7048 0 8222 7780 10770 2781 2463 8861 9955 694 7860 4408 3048 1903 7052 837 4155 5043 4537 6633 2030 1135 6792 3184 9621 7363 1212 6506 3133 7759 4478 1335 6397 3957 10897 6466 3558 6933 4682 3415 2514 5748 6006 7152 6913 2150 8082 7942 2962 2000 8031 7051 6373 4214 8012 1205 8098 1028 8878 6471 8517 6767 4245 4653 8141 6171 8455 5564 1471 2252 7869 1332 7304 493 2555 8498 9459 6402 1396 8125 5981 4890 1880 2781 7437 9200 5241 4385 2664 908 2902 9576 7159 833 2518 5045 4699 8387 9671 8008 7508 4030 9192 4350 4617 6249 5452 6422 9881 3474 8329 9048 4025 6057 4378 2771 5464 7643 6048 4028 5542 9307 4002 8486 2575 7123 8552 5910 3996 370 1146 2254 5730 7905 137 2687 5573 6183 3018 6070 6798 7810 3899 1065 8556 4479 5215 3317 4607 2594 9381 6578 1571 9453 10116 10024 4270 10346 7864 4775 3977 8516 10539 3074 6957 8537 4610 4121 1286 1950 7737 7021 4520 2161 8109 1571 7930 8206 7970 8763 7776 4889 2524 8733 8164 7417 1699 8245 6831 7740 2501 
1000000 1000000 1000000 1000000 1000000 1000000 1000000 1000000 1000000 1000000 2862 4603 7729 4224 5259 7378 2709 8441 3086 3731 9276 2075 4296 4453 6448 5180 3991 4239 7427 5924 8222 0 862 3027 6419 6181 5391 1754 7912 2044 7689 5254 6451 2297 7851 5526 3183 3713 2141 6225 7185 6455 5148 3248 3563 7555 4202 6666 3445 7415 8271 5939 5579 3005 5087 5825 1512 4380 5440 6721 2638 2659 2733 1334 7218 8370 381 5617 6333 5712 4799 2927 4010 1495 7020 7270 7483 6281 7013 2712 7351 4166 6611 7523 4730 4567 3534 7090 8128 795 9179 3839 7996 8843 2170 3753 4836 6995 3853 2242 7063 7137 5515 6606 1849 5366 5954 7671 9040 6894 2501 8489 8997 5760 3388 5413 2396 5122 2766 1149 5604 1000 5012 4804 3940 4294 4832 2602 7898 6530 7257 5724 5403 3845 5977 4152 4217 5069 6426 4492 1126 4689 2228 5823 1887 7643 3910 4868 8018 7843 6063 7303 5283 8220 6665 2669 2222 6289 3230 3909 3529 5033 7166 7018 3752 5737 6089 3850 5667 1217 2960 8589 3051 2102 3132 5961 4130 1366 6391 5639 8741 2739 8756 3361 3437 3941 5936 7089 8404 4616 1227 3895 9155 4138 7644 7992 8455 3493 694 821 7193 7348 8611 2009 3126 6531 3583 2376 7063 7056 
1000000 1000000 1000000 1000000 1000000 1000000 1000000 1000000 1000000 1000000 3103 4209 6868 4641 4691 6529 2010 7648 2359 3289 8765 2210 3746 4783 5888 5190 3131 3862 7153 5063 7780 862 0 3082 6226 5907 4601 2243 7531 2673 6915 4753 6094 1439 7483 5497 2826 3245 2354 5756 6703 5595 4632 2763 2710 7217 3344 5984 4019 6635 7712 5082 4864 3154 4229 5139 1675 4349 5261 6096 2050 1945 3186 971 6607 7509 991 5360 5833 6237 5225 2102 3616 748 6589 6414 7115 5466 6159 3442 6494 3599 5821 6666 3880 3771 2771 6750 7495 1417 8654 2984 7515 8199 1525 3151 3979 6628 3048 1909 6262 6861 5165 5746 1604 5510 5980 7008 8561 6225 2189 7633 8578 5275 3231 4638 1696 4427 3407 1603 4880 1741 4289 4807 4227 3493 5161 2391 7180 5687 6427 5685 4554 3438 5736 3356 3374 4221 5677 4660 1871 4527 2979 5295 1040 6792 3085 4738 7548 7509 5565 6470 5810 7791 6473 2229 1612 5635 2422 3047 2702 4370 6742 6175 3317 4922 5957 3258 5292 1658 3273 8016 2554 2337 2804 5204 3673 2004 5596 5587 7881 2821 8074 3782 2697 3319 5192 6593 7797 3774 881 3686 8552 3325 7352 7131 7595 2681 1041 1387 6392 6700 7755 1280 2275 6115 4230 1532 6204 6418 
1000000 1000000 1000000 1000000 1000000 1000000 1000000 1000000 1000000 1000000 5887 7260 8081 7149 7586 7286 4856 9780 2950 6331 11672 956 2761 7435 8766 8185 4665 2056 10230 6413 10770 3027 3082 0 9305 8985 4880 1697 10567 4849 9179 7722 9149 3794 10526 8517 5901 6272 5168 8740 9664 7057 7589 1969 4187 10276 5196 8618 6221 8884 10561 6730 7454 341 5926 7796 4525 7366 8337 8859 5032 4772 5674 4045 9384 8583 3408 8441 8787 8477 7705 4549 6674 2760 9598 7339 10161 5855 7759 5226 7992 6530 8058 7602 5784 4284 5373 9810 10211 3771 11545 4427 10468 10875 2411 2667 5748 9676 3861 4990 8403 9938 8228 6923 1572 8393 8966 9663 11507 8887 1357 9077 11583 8253 6294 7018 2621 4048 5481 4163 7443 2551 6883 7805 6946 5855 7810 1023 9665 6415 6881 8712 6400 6493 8817 5760 4505 6121 8113 7519 2546 7598 4753 8227 3655 7554 5354 7800 10513 10568 8524 8341 8054 10791 9552 5291 4605 8349 4894 4807 3837 7114 9755 6845 6361 7063 9024 6171 8343 1919 5968 10837 1961 1011 1357 7630 2278 4246 7813 8620 8833 293 10653 6305 3186 6188 7667 9541 10560 4796 3947 6763 11311 4120 10425 8218 8630 3688 2334 3820 8529 9399 8594 2692 3864 9137 6218 4005 7272 9145 
1000000 1000000 1000000 1000000 1000000 1000000 1000000 1000000 1000000 1000000 4005 2327 8498 4237 3055 9113 4815 6695 7637 3178 4083 8404 9295 3706 2982 1777 6732 9774 1177 7420 2781 6419 6226 9305 0 667 8731 8163 2141 5539 5930 2574 1267 5991 2011 1399 3446 3282 4468 2167 2499 7407 2711 8608 6798 1611 6241 4257 5165 5864 3769 6867 4357 9356 6577 4091 4949 2203 980 3671 4466 4903 4714 5261 3718 9140 6076 951 2427 5250 4297 5521 2797 6678 1997 8771 1754 9051 7356 6060 7728 3434 5632 8894 6150 8114 4893 1325 4397 5878 4109 6848 2931 4970 7339 8654 6413 1486 7585 4319 6051 949 1487 8000 7805 2463 1613 4474 3667 4193 8315 8455 3231 2323 3033 5042 7317 9282 5533 5474 4455 7290 4406 1980 3618 5209 3666 8570 5262 8697 9518 1250 6339 2976 580 5143 7294 6184 4964 2858 7386 1732 6125 2661 5895 9260 5502 1579 2850 1811 2409 6859 5132 2690 247 4078 4829 3855 5328 6400 7193 3850 2005 9048 3139 5715 541 3730 1564 7635 4146 4110 8411 8487 8867 4928 9456 5711 5633 1216 9604 9038 5335 4396 7795 3848 4766 2583 4307 7521 5360 2544 4783 7671 1440 8890 9266 7323 7061 5794 6110 4153 9729 6990 6684 1756 5636 5780 8411 3926 
