NAME : P123112
TYPE : ATSP
DIMENSION : 220
EDGE_WEIGHT_TYPE : EXPLICIT
EDGE_WEIGHT_FORMAT : FULL_MATRIX
EDGE_WEIGHT_SECTION
1000000 1000000 1000000 1000000 1000000 1000000 1000000 1000000 1000000 1000000 5586 3406 6926 6738 2949 2811 6678 3293 5393 4697 6823 3135 1935 7556 6674 2187 3309 4073 7902 9476 6933 4201 5429 1704 2153 2153 6895 4879 5923 6125 7354 5655 2773 2539 8002 2083 4986 6231 1616 2309 4558 8672 5841 3850 2904 2471 1826 2692 2745 1552 2848 2642 2052 1738 2043 2163 2050 2651 1749 1729 2473 2412 1972 1772 2107 2063 1959 2102 1821 1783 2027 1792 2492 1744 2782 2817 6991 7313 7879 6793 6813 7024 7626 7301 6990 7651 6981 7662 7800 7601 6762 7965 7196 7285 7961 7945 7892 7655 7401 7556 6923 7394 7321 6721 7822 7464 7712 7185 6553 5694 5878 6055 5029 5815 5792 6117 5126 5767 5566 5966 6366 5911 6159 6216 5864 6279 5545 6118 5418 5669 5955 6202 5190 5657 6162 5514 5683 4929 7708 7975 8643 8193 8339 8221 7895 7666 8573 8571 7850 8438 7833 8863 8721 7500 8078 7387 7535 7682 8236 9023 7956 8879 8459 8288 8811 8159 8331 9042 7486 6831 7811 7318 7681 7997 8056 7279 7047 6964 7248 7143 8185 7767 7939 7220 6804 7498 7877 7210 7280 7876 6854 7087 7427 6859 7175 7352 6770 8056 7889 7147 0 1000000 1000000 1000000 1000000 1000000 1000000 1000000 1000000 1000000 
1000000 1000000 1000000 1000000 1000000 1000000 1000000 1000000 1000000 1000000 9015 7714 2962 4880 10870 7480 2697 9175 6385 4696 6290 7743 9492 5276 5573 9497 9027 5321 1722 1823 5526 7348 9162 6957 6682 10043 2442 6543 3701 4392 3411 6796 10851 9226 4873 9794 6601 8768 9900 10323 5235 171 4768 5232 7224 6548 7035 6859 6622 7426 6848 6835 6870 7352 7433 6735 7384 6541 7665 7617 7544 6686 7020 7852 7524 7567 6885 7780 7186 7153 7765 7164 7349 7734 6543 6252 5784 5341 5547 5096 4854 5671 4952 4631 5572 4654 4601 4805 5352 5884 4800 5899 4942 5111 4738 5426 5489 4914 4552 5853 5085 5101 5661 4656 5857 5452 5553 4912 3468 4264 3255 4003 4317 3672 3624 4269 4337 3801 3458 3836 3805 4345 3527 3272 3275 3296 3620 3192 4352 4448 3172 3281 4292 4334 3181 4191 3561 4423 2060 2222 2032 2682 2386 2985 2179 2568 1688 1886 1839 2058 2388 2549 2049 2463 2811 2509 2303 2590 2161 2300 2033 2200 2242 1930 1917 2771 3062 2244 2097 2277 1080 1490 1422 1098 1331 1449 1706 1881 1535 1659 1052 2172 1153 1745 2070 1255 1872 1671 1739 1671 2057 1879 1878 2179 1623 1839 2447 1161 1812 1673 1000000 0 1000000 1000000 1000000 1000000 1000000 1000000 1000000 1000000 
1000000 1000000 1000000 1000000 1000000 1000000 1000000 1000000 1000000 1000000 5517 3218 6305 6228 3407 2565 6037 3412 5011 4109 6422 2954 2316 6983 6216 2411 3262 3443 7248 8819 6469 3822 5390 1020 1571 2561 6249 4513 5315 5502 6760 5205 3269 2749 7406 2525 4517 6098 2135 2766 4023 7990 5311 3195 2480 1852 1203 2173 2182 1011 2343 2113 1433 1215 1604 1530 1596 2058 1358 1315 2103 1815 1382 1458 1705 1671 1321 1782 1252 1191 1698 1207 2073 1381 2207 2191 6451 6745 7316 6214 6220 6476 7036 6697 6437 7047 6375 7065 7229 7061 6166 7420 6608 6705 7359 7376 7327 7063 6794 7015 6343 6813 6770 6117 7277 6900 7152 6595 5950 5119 5237 5473 4425 5200 5173 5555 4530 5159 4922 5369 5779 5349 5548 5591 5224 5659 4912 5484 4839 5108 5313 5577 4594 5086 5529 4926 5054 4329 7063 7337 7999 7571 7707 7610 7255 7038 7920 7923 7199 7796 7200 8234 8077 6866 7461 6753 6896 7055 7597 8385 7312 8239 7822 7642 8164 7541 7723 8402 6807 6149 7126 6634 6997 7312 7373 6596 6363 6279 6563 6459 7501 7091 7254 6537 6120 6814 7198 6525 6597 7194 6170 6404 6745 6176 6491 6670 6090 7372 7209 6463 1000000 1000000 0 1000000 1000000 1000000 1000000 1000000 1000000 1000000 
1000000 1000000 1000000 1000000 1000000 1000000 1000000 1000000 1000000 1000000 2468 3292 4194 2288 9547 3809 4545 4330 1395 3538 935 3552 5770 10141 1597 8703 9383 7164 5469 6542 1710 9064 2721 5957 4948 8765 4768 1813 3700 8408 3810 9792 9348 4991 10171 5997 9155 1845 8203 8914 3054 7293 2539 6721 7911 6692 6513 7363 7151 6757 7511 7284 6585 6888 7309 6524 7264 6932 7259 7190 7805 6820 6714 7456 7460 7459 6452 7682 6759 6653 7604 6685 7653 7323 7098 6739 10086 10018 10529 9480 9324 10035 9973 9528 9946 9791 9271 9899 10353 10564 9246 10808 9667 9844 10055 10495 10501 9967 9546 10514 9568 9914 10233 9110 10690 10194 10425 9639 3713 3168 4342 3279 3670 3809 3889 2966 3537 3678 4371 3512 3394 2963 3780 4061 4325 3999 4129 4227 3257 2974 4393 4057 3533 3110 4211 3377 4073 3636 5122 5066 5603 4798 5122 4571 5072 4658 5819 5665 5353 5444 4870 5382 5650 4712 4629 4652 4866 4643 5243 5711 5219 5662 5313 5456 5822 4707 4581 5771 7751 7143 7143 6862 7339 7403 7668 6691 6659 6806 6792 6792 7561 8080 7388 7061 6805 6830 7940 6940 7145 7775 6880 7025 7485 7059 6795 7355 7259 7523 7902 6824 1000000 1000000 1000000 0 1000000 1000000 1000000 1000000 1000000 1000000 
1000000 1000000 1000000 1000000 1000000 1000000 1000000 1000000 1000000 1000000 8057 5924 4395 5735 6849 5374 3873 7040 5991 3768 6821 5802 6643 2921 6206 5457 4802 1195 4468 5746 6344 3101 8078 3579 3890 6080 3898 5790 4006 1165 5134 2871 6878 6727 3128 6911 2473 8219 6085 6370 4286 4205 4952 1349 3068 2751 3377 2819 2630 3705 2757 2819 3158 3565 3489 3040 3449 2632 3774 3745 3454 2843 3266 3918 3540 3589 3241 3760 3432 3443 3767 3441 3279 3830 2564 2405 2782 2759 3310 2200 2078 2732 2831 2409 2646 2736 2102 2803 3155 3277 2003 3550 2457 2616 3044 3306 3293 2840 2470 3227 2301 2703 2944 1889 3423 2937 3183 2432 4451 4345 3413 4447 3667 3847 3763 4747 3814 3935 3204 4194 4565 4630 4093 3893 3419 3995 3416 3679 4156 4503 3418 3887 3834 4379 3725 4084 3538 3685 4501 4861 5298 5331 5267 5542 4761 4812 5050 5159 4493 5152 4842 5752 5365 4581 5321 4504 4501 4842 5047 5722 4722 5566 5276 4953 5359 5361 5672 5704 2488 2005 3201 2769 2929 3286 3225 2836 2581 2381 2730 2605 3439 2702 3222 2525 2193 3009 2885 2587 2547 2953 2201 2386 2539 2090 2641 2516 1864 3297 2915 2588 1000000 1000000 1000000 1000000 0 1000000 1000000 1000000 1000000 1000000 
1000000 1000000 1000000 1000000 1000000 1000000 1000000 1000000 1000000 1000000 3515 1395 5950 5253 4911 977 5851 1432 3609 3685 5037 1132 1322 8469 5031 4263 5289 4836 7138 8685 5296 5760 3369 2407 1822 4182 6103 3084 4918 6818 6198 7023 4694 1030 8795 1621 6322 4156 3572 4293 3313 8309 4471 4463 4411 3472 2927 3997 3917 2928 4175 3923 3124 3126 3565 3157 3543 3733 3363 3310 4090 3509 3157 3489 3687 3661 2971 3803 3092 2997 3718 3024 4024 3397 3912 3735 8054 8255 8833 7694 7651 8058 8459 8070 8002 8412 7750 8458 8716 8650 7586 8991 8046 8173 8725 8868 8833 8477 8148 8602 7818 8275 8337 7506 8849 8423 8679 8028 5483 4528 5099 4903 4071 4858 4864 4863 4113 4769 4836 4896 5220 4668 5156 5298 5081 5333 4728 5268 4293 4440 5184 5284 4174 4473 5301 4428 4832 3960 6876 7074 7762 7169 7380 7126 7011 6702 7772 7724 7061 7554 6901 7869 7836 6583 7027 6472 6659 6711 7334 8090 7104 7963 7531 7439 7958 7115 7217 8122 7571 6865 7607 7137 7576 7835 7969 7049 6859 6846 7059 6979 8030 7895 7786 7131 6724 7263 7928 7081 7206 7871 6789 7018 7435 6856 7004 7333 6862 7920 7924 6993 1000000 1000000 1000000 1000000 1000000 0 1000000 1000000 1000000 1000000 
1000000 1000000 1000000 1000000 1000000 1000000 1000000 1000000 1000000 1000000 10315 8211 5911 7577 8325 7661 5381 9314 8135 5892 8803 8089 8821 821 8135 6980 5937 3184 5481 6306 8231 3946 10347 5723 6150 7670 5304 7986 5837 1145 6647 2745 8417 8968 840 9074 2921 10436 7827 7957 6451 4384 6916 3509 4614 4761 5411 4594 4491 5674 4470 4625 5181 5499 5294 5083 5268 4572 5603 5595 5076 4811 5251 5692 5296 5347 5294 5449 5403 5441 5484 5431 4951 5642 4446 4423 1301 833 1180 713 521 1182 588 145 1090 450 253 522 988 1399 529 1508 432 603 762 1119 1140 581 185 1362 641 612 1151 512 1425 962 1121 402 6130 6282 5185 6293 5718 5693 5607 6615 5850 5807 5069 6035 6330 6540 5855 5604 5197 5698 5307 5394 6146 6462 5161 5602 5856 6329 5430 6043 5395 5759 5648 5987 6202 6512 6343 6781 5895 6090 5881 6045 5550 6120 6041 6724 6251 5872 6557 5829 5746 6121 6094 6583 5806 6444 6285 5928 6182 6569 6901 6544 2438 2611 3514 3343 3142 3421 3183 3508 3347 3109 3362 3271 3463 2345 3372 3020 2992 3552 2645 3153 2974 2841 2939 2948 2703 2730 3295 2789 2429 3351 2704 3237 1000000 1000000 1000000 1000000 1000000 1000000 0 1000000 1000000 1000000 
1000000 1000000 1000000 1000000 1000000 1000000 1000000 1000000 1000000 1000000 9223 8464 3355 4781 12585 8402 3457 9956 6639 5607 6053 8561 10600 7502 5425 11253 10959 7264 2196 623 5278 9407 9420 8481 7991 11733 3219 6953 4376 6586 3316 8978 12531 10181 7077 10903 8733 8787 11500 11999 6009 2361 5098 7094 9116 8279 8674 8691 8438 9071 8708 8654 8543 9034 9189 8410 9137 8322 9383 9328 9381 8429 8704 9587 9299 9336 8528 9567 8860 8808 9539 8825 9181 9457 8357 8023 8015 7571 7763 7326 7084 7903 7174 6861 7804 6875 6833 7026 7570 8111 7029 8115 7173 7341 6944 7638 7704 7135 6781 8081 7316 7331 7892 6883 8078 7681 7775 7144 3858 4823 4244 4464 5223 4432 4428 4604 5177 4523 4545 4419 4166 4762 4141 3993 4260 3957 4600 4038 5024 4953 4163 4006 5116 4886 4001 4878 4480 5334 2420 2224 1539 2259 1974 2434 2280 2619 1531 1566 2254 1745 2407 1610 1469 2712 2426 2821 2631 2616 1968 1295 2186 1380 1798 1851 1334 2339 2410 1242 4326 4422 3276 3598 3637 3328 3561 3496 3741 3961 3619 3741 3281 4401 3381 3897 4144 3355 4101 3796 3909 3902 4152 4017 4094 4311 3707 4040 4604 3393 4041 3764 1000000 1000000 1000000 1000000 1000000 1000000 1000000 0 1000000 1000000 
1000000 1000000 1000000 1000000 1000000 1000000 1000000 1000000 1000000 1000000 8161 5792 6517 7313 4282 5116 6061 6387 6839 5008 8036 5572 5387 4207 7583 2921 2077 1674 6939 8347 7788 844 8091 2589 3499 3610 6168 6457 5805 3147 7189 2134 4361 5799 4741 5579 1465 8579 3800 3897 5293 6920 6390 1917 624 1593 2035 969 1113 2074 793 1047 1853 1868 1486 1851 1487 1330 1775 1797 1086 1501 1803 1781 1418 1463 2009 1478 1873 1965 1536 1939 1032 1784 1152 1495 3551 3951 4486 3495 3578 3601 4345 4103 3585 4439 3808 4414 4439 4153 3546 4522 3923 3971 4729 4574 4509 4382 4222 4112 3623 4081 3901 3552 4382 4081 4315 3919 6393 5919 5387 6161 5121 5647 5580 6387 5273 5682 5090 5952 6383 6212 5975 5869 5385 5966 5223 5680 5655 6011 5428 5858 5321 5923 5731 5656 5375 5079 6895 7243 7776 7648 7655 7803 7144 7095 7573 7653 6939 7606 7178 8173 7850 6874 7599 6777 6832 7122 7464 8202 7138 8044 7701 7414 7872 7656 7932 8195 5191 4729 5921 5474 5655 6012 5948 5523 5265 5082 5428 5304 6165 5369 5948 5245 4894 5709 5581 5299 5270 5665 4910 5105 5262 4811 5340 5242 4590 6023 5615 5290 1000000 1000000 1000000 1000000 1000000 1000000 1000000 1000000 0 1000000 
1000000 1000000 1000000 1000000 1000000 1000000 1000000 1000000 1000000 1000000 3551 1354 4172 3628 6069 946 4079 2675 2331 1911 3729 1278 3095 7483 3541 5093 5720 3999 5367 6909 3799 5559 3537 2300 1288 5241 4334 1854 3140 5743 4442 6521 5905 2701 7704 3396 5837 3879 4749 5426 1549 6612 2772 3561 4320 3128 2866 3788 3605 3095 3950 3708 2961 3231 3660 2916 3617 3387 3597 3529 4168 3238 3078 3793 3810 3806 2819 4025 3109 3002 3945 3033 4028 3660 3564 3246 7210 7300 7867 6732 6641 7189 7411 6988 7118 7311 6682 7382 7723 7770 6568 8078 7028 7178 7615 7875 7855 7420 7046 7720 6845 7271 7441 6463 7943 7477 7729 7005 3710 2763 3341 3138 2299 3081 3089 3122 2336 2991 3093 3121 3456 2922 3379 3522 3323 3556 2968 3498 2520 2688 3427 3508 2396 2711 3529 2653 3065 2187 5101 5296 5984 5396 5604 5363 5234 4925 5996 5946 5288 5776 5123 6095 6058 4805 5258 4694 4881 4934 5556 6313 5327 6186 5753 5662 6180 5345 5457 6345 6074 5365 5977 5526 5988 6218 6380 5420 5252 5272 5447 5379 6411 6410 6173 5561 5171 5628 6404 5495 5641 6321 5241 5461 5903 5337 5401 5791 5392 6311 6392 5398 1000000 1000000 1000000 1000000 1000000 1000000 1000000 1000000 1000000 0 
1000000 1000000 1000000 1000000 1000000 1000000 1000000 1000000 1000000 1000000 0 2373 6111 4446 8303 3055 6319 2500 2641 4595 3335 2608 4154 10977 3837 7772 8779 7549 7451 8723 4029 8999 273 5597 4666 7640 6575 2501 5326 9220 5926 10056 8062 3314 11146 4292 9365 833 6999 7718 3998 9136 4261 7109 7692 6574 6175 7201 7053 6286 7373 7121 6325 6465 6915 6313 6883 6842 6764 6703 7447 6660 6406 6918 7053 7035 6171 7212 6388 6282 7126 6313 7345 6810 7025 6742 10745 10806 11364 10241 10133 10719 10879 10445 10644 10753 10150 10837 11211 11294 10059 11592 10513 10671 11048 11362 11349 10884 10491 11244 10348 10759 10963 9944 11459 10984 11233 10488 5581 4757 5859 5017 4896 5376 5436 4771 4820 5242 5761 5181 5241 4675 5489 5750 5839 5721 5542 5853 4704 4570 5932 5741 4847 4687 5856 4860 5551 4814 7113 7140 7753 6974 7280 6791 7123 6718 7914 7787 7342 7571 6940 7618 7810 6716 6804 6633 6853 6711 7354 7929 7260 7857 7467 7543 7974 6889 6825 7984 9153 8472 8773 8403 8890 9034 9259 8255 8157 8248 8325 8293 9212 9495 9004 8530 8197 8432 9419 8431 8615 9290 8272 8461 8928 8415 8305 8803 8545 9145 9394 8320 5586 9015 5517 2468 8057 3515 10315 9223 8161 3551 
1000000 1000000 1000000 1000000 1000000 1000000 1000000 1000000 1000000 1000000 2373 0 5117 4090 6294 683 5130 1494 2297 3019 3694 271 2534 8815 3771 5569 6464 5279 6401 7884 4033 6629 2302 3224 2306 5545 5393 1787 4127 7083 5228 7720 6083 1849 9050 2792 7024 2885 4952 5671 2499 7803 3429 4852 5319 4209 3803 4830 4687 3925 5003 4750 3953 4100 4549 3942 4516 4477 4410 4348 5080 4291 4034 4573 4689 4673 3799 4857 4018 3912 4772 3943 4974 4459 4661 4392 8513 8626 9197 8058 7974 8498 8752 8332 8430 8658 8024 8726 9057 9083 7903 9399 8364 8511 8963 9209 9187 8762 8392 9034 8173 8605 8756 7801 9262 8802 9056 8342 4606 3643 4464 4000 3399 4108 4137 3887 3391 3995 4260 4056 4303 3713 4350 4546 4445 4557 4096 4568 3461 3512 4548 4533 3442 3579 4590 3615 4165 3292 6103 6245 6925 6255 6503 6166 6197 5845 6988 6911 6310 6721 6058 6954 6995 5763 6100 5659 5863 5848 6497 7210 6309 7098 6670 6634 7135 6190 6242 7250 7396 6689 7235 6801 7271 7482 7661 6682 6531 6567 6721 6661 7673 7734 7441 6858 6477 6885 7715 6783 6939 7622 6549 6763 7213 6655 6681 7098 6724 7581 7700 6682 3406 7714 3218 3292 5924 1395 8211 8464 5792 1354 
1000000 1000000 1000000 1000000 1000000 1000000 1000000 1000000 1000000 1000000 6111 5117 0 1946 9608 5050 535 6610 3471 2286 3354 5207 7266 6728 2631 8355 8352 4924 1343 2768 2614 7177 6275 5419 4778 8744 637 3697 1035 5206 747 7260 9515 6828 6577 7568 6800 5818 8423 8990 2655 3101 1853 4605 6518 5470 5725 6011 5748 6111 6078 5956 5642 6119 6367 5519 6313 5585 6501 6437 6673 5628 5808 6717 6498 6526 5591 6771 5944 5872 6725 5895 6474 6577 5670 5291 6924 6679 7090 6229 6020 6840 6481 6055 6739 6238 5873 6372 6895 7261 5945 7417 6279 6467 6446 7016 7047 6462 6034 7217 6280 6508 6957 5791 7326 6839 7027 6248 534 1475 1145 1133 1917 1118 1135 1341 1848 1187 1462 1065 872 1459 795 716 1152 647 1407 858 1669 1621 1094 730 1786 1541 808 1525 1258 2025 1012 1132 1818 1267 1436 1329 1081 755 1876 1796 1236 1611 952 1945 1891 647 1160 545 758 766 1388 2143 1196 2014 1582 1518 2022 1238 1451 2173 3813 3349 3024 2837 3277 3276 3559 2654 2699 2901 2780 2816 3417 4109 3271 3099 2967 2748 3914 2964 3176 3724 3033 3107 3522 3239 2808 3395 3512 3398 3867 2852 6926 2962 6305 4194 4395 5950 5911 3355 6517 4172 
1000000 1000000 1000000 1000000 1000000 1000000 1000000 1000000 1000000 1000000 4446 4090 1946 0 9634 4277 2364 5511 1933 2320 1412 4265 6546 8373 694 8540 8867 5926 3185 4298 679 8080 4650 5557 4669 8785 2556 2351 1748 6723 1527 8485 9489 5933 8305 6827 7927 4022 8340 8993 2215 5026 946 5523 7151 5964 6011 6600 6351 6348 6712 6531 6003 6418 6766 5903 6714 6151 6814 6745 7181 6116 6159 7031 6913 6928 5906 7173 6257 6164 7109 6192 6997 6888 6282 5892 8451 8288 8751 7789 7603 8382 8161 7721 8286 7944 7500 8067 8563 8860 7526 9059 7907 8092 8180 8695 8715 8148 7718 8813 7859 8147 8539 7378 8954 8457 8668 7877 1523 1420 2393 1295 2200 1901 1987 989 2046 1803 2543 1553 1259 1124 1725 1988 2381 1903 2322 2191 1664 1304 2417 1989 2003 1403 2160 1689 2208 2236 2838 2781 3341 2544 2861 2347 2785 2371 3540 3393 3069 3172 2584 3173 3392 2428 2374 2373 2584 2357 2965 3488 2932 3423 3051 3174 3561 2456 2379 3544 5675 5134 4957 4731 5190 5213 5490 4552 4559 4736 4667 4686 5358 5988 5204 4965 4769 4666 5815 4836 5046 5634 4841 4952 5393 5036 4683 5264 5276 5334 5772 4720 6738 4880 6228 2288 5735 5253 7577 4781 7313 3628 
1000000 1000000 1000000 1000000 1000000 1000000 1000000 1000000 1000000 1000000 8303 6294 9608 9634 0 5739 9286 5839 8341 7484 9771 6025 4194 8377 9607 1393 2523 5663 10425 11967 9863 4456 8110 4192 4972 865 9473 7826 8654 7424 10114 5962 285 5015 8957 4134 5495 9019 1345 643 7428 10861 8717 5660 3803 4329 3917 4047 4267 3521 4094 4060 4043 3552 3438 4176 3487 4331 3213 3264 3396 4187 3883 3020 3352 3308 4061 3107 3725 3779 3113 3761 3573 3141 4342 4619 7641 8117 8603 7720 7828 7716 8558 8357 7721 8683 8073 8643 8592 8202 7803 8567 8150 8173 8959 8713 8637 8599 8479 8169 7843 8281 8007 7820 8436 8223 8434 8150 9294 8502 8497 8847 7778 8528 8492 8947 7894 8501 8175 8726 9146 8742 8881 8893 8486 8969 8202 8764 8219 8501 8566 8879 7956 8473 8811 8297 8351 7688 10280 10582 11217 10864 10970 10931 10494 10318 11097 11125 10391 11021 10462 11502 11295 10130 10767 10019 10141 10338 10835 11621 10533 11470 11067 10852 11363 10843 11048 11631 9332 8779 9906 9425 9697 10044 10032 9432 9179 9040 9366 9248 10215 9550 9981 9253 8859 9639 9730 9278 9295 9785 8892 9112 9353 8839 9283 9310 8669 10076 9758 9243 2949 10870 3407 9547 6849 4911 8325 12585 4282 6069 
1000000 1000000 1000000 1000000 1000000 1000000 1000000 1000000 1000000 1000000 3055 683 5050 4277 5739 0 4992 1741 2658 2827 4092 461 2278 8239 4060 4943 5795 4664 6279 7806 4324 5951 2976 2543 1645 4962 5250 2132 4027 6524 5258 7064 5541 1780 8500 2568 6366 3558 4395 5106 2396 7557 3508 4247 4638 3538 3121 4152 4014 3243 4326 4072 3273 3418 3867 3265 3834 3806 3731 3668 4398 3616 3352 3896 4007 3992 3119 4178 3335 3229 4093 3260 4292 3781 3990 3731 7906 8042 8616 7474 7401 7896 8190 7778 7831 8109 7465 8172 8482 8484 7331 8807 7794 7936 8418 8634 8609 8203 7844 8435 7592 8032 8160 7236 8669 8216 8471 7773 4566 3603 4271 3975 3217 3981 3996 3916 3240 3883 4031 3988 4290 3725 4262 4424 4252 4450 3897 4414 3382 3503 4356 4410 3297 3545 4443 3526 3987 3105 6002 6180 6867 6247 6471 6191 6123 5797 6897 6838 6196 6660 6002 6948 6940 5690 6101 5582 5775 5804 6438 7181 6222 7060 6627 6555 7069 6190 6278 7216 6995 6284 6920 6467 6926 7160 7318 6363 6192 6207 6388 6319 7353 7328 7115 6496 6102 6572 7331 6432 6575 7252 6171 6393 6831 6261 6341 6721 6304 7252 7321 6337 2811 7480 2565 3809 5374 977 7661 8402 5116 946 
1000000 1000000 1000000 1000000 1000000 1000000 1000000 1000000 1000000 1000000 6319 5130 535 2364 9286 4992 0 6616 3691 2169 3749 5194 7154 6197 3026 8006 7936 4445 1288 2843 3042 6700 6466 5115 4550 8424 265 3851 1019 4671 1281 6741 9206 6770 6055 7457 6293 6088 8134 8678 2632 2819 2081 4144 6091 5083 5380 5597 5335 5772 5655 5546 5282 5766 5989 5155 5935 5181 6140 6079 6270 5240 5447 6353 6115 6146 5242 6389 5591 5525 6347 5545 6069 6216 5256 4884 6389 6146 6561 5694 5485 6305 5953 5525 6205 5713 5340 5845 6366 6728 5410 6886 5747 5935 5925 6488 6519 5934 5506 6683 5745 5976 6423 5257 6794 6306 6496 5716 844 1571 800 1311 1781 1023 998 1595 1754 1138 1117 1141 1152 1653 831 589 814 600 1145 584 1686 1752 725 601 1698 1641 551 1526 1024 1892 1039 1301 1966 1607 1684 1742 1219 1050 1928 1902 1211 1761 1177 2217 2044 846 1542 738 860 1074 1560 2349 1282 2203 1787 1617 2142 1604 1872 2366 3326 2833 2604 2369 2827 2863 3134 2189 2208 2399 2306 2331 3017 3632 2850 2612 2454 2304 3453 2480 2692 3271 2522 2610 3039 2726 2326 2910 2992 2983 3409 2366 6678 2697 6037 4545 3873 5851 5381 3457 6061 4079 
1000000 1000000 1000000 1000000 1000000 1000000 1000000 1000000 1000000 1000000 2500 1494 6610 5511 5839 1741 6616 0 3630 4485 4922 1432 1658 9851 5121 5436 6593 6227 7891 9377 5375 7182 2286 3837 3174 5222 6879 3163 5618 8171 6709 8454 5589 824 10151 1794 7753 3278 4564 5274 3985 9258 4905 5839 5832 4901 4357 5427 5348 4343 5605 5353 4555 4544 4976 4588 4958 5163 4759 4710 5496 4940 4587 4869 5093 5064 4402 5192 4517 4424 5107 4450 5440 4788 5343 5158 9460 9642 10220 9078 9024 9460 9826 9426 9402 9764 9109 9817 10097 10052 8957 10388 9419 9551 10075 10249 10217 9842 9498 10004 9200 9651 9736 8871 10248 9813 10069 9399 6099 5136 5935 5493 4871 5595 5621 5372 4871 5484 5717 5549 5793 5202 5842 6034 5916 6048 5565 6050 4953 5003 6020 6021 4924 5072 6074 5106 5640 4761 7595 7738 8418 7742 7994 7646 7691 7337 8481 8404 7801 8214 7551 8440 8488 7256 7586 7152 7356 7341 7989 8699 7802 8589 8162 8127 8627 7676 7719 8740 8734 8024 8649 8201 8662 8891 9054 8093 7927 7945 8121 8054 9084 9067 8847 8235 7841 8300 9071 8169 8314 8992 7911 8132 8570 8001 8076 8461 8041 8986 9061 8073 3293 9175 3412 4330 7040 1432 9314 9956 6387 2675 
1000000 1000000 1000000 1000000 1000000 1000000 1000000 1000000 1000000 1000000 2641 2297 3471 1933 8341 2658 3691 3630 0 2244 1437 2517 4826 8866 1493 7418 8028 5787 4812 6116 1749 7670 2808 4599 3597 7533 3943 526 2718 7117 3324 8413 8159 4135 8938 5088 7770 2426 7004 7701 1706 6509 1622 5342 6524 5303 5145 5974 5759 5405 6120 5895 5208 5527 5940 5142 5895 5541 5905 5835 6430 5433 5341 6106 6092 6093 5078 6321 5393 5288 6244 5319 6273 5971 5705 5345 8768 8730 9256 8182 8038 8722 8717 8273 8636 8551 8003 8653 9085 9264 7960 9522 8392 8566 8827 9230 9231 8715 8300 9214 8275 8641 8931 7829 9400 8907 9144 8365 2941 2147 3296 2383 2448 2786 2854 2131 2337 2650 3250 2560 2601 2040 2865 3133 3277 3096 3015 3253 2140 1954 3362 3125 2349 2079 3251 2287 2997 2391 4474 4513 5142 4381 4676 4224 4492 4091 5287 5167 4703 4954 4313 5049 5202 4079 4213 3995 4215 4085 4734 5346 4627 5262 4860 4916 5362 4301 4273 5397 6679 6029 6200 5861 6347 6462 6703 5702 5630 5747 5785 5766 6635 7017 6437 6019 5719 5866 6910 5910 6104 6764 5795 5964 6432 5958 5774 6304 6126 6577 6879 5795 5393 6385 5011 1395 5991 3609 8135 6639 6839 2331 
1000000 1000000 1000000 1000000 1000000 1000000 1000000 1000000 1000000 1000000 4595 3019 2286 2320 7484 2827 2169 4485 2244 0 3114 3054 4993 6624 2589 6313 6556 3711 3457 5001 2783 5792 4685 3319 2547 6623 2425 2134 1254 4880 2658 6326 7367 4603 6697 5296 5724 4588 6243 6852 598 4785 1384 3284 4831 3646 3729 4280 4031 4084 4393 4211 3703 4136 4464 3598 4412 3831 4532 4464 4866 3799 3863 4750 4609 4627 3615 4873 3970 3882 4813 3909 4680 4607 3962 3573 6549 6492 7015 5948 5799 6498 6474 6030 6410 6309 5761 6410 6843 7032 5722 7284 6151 6325 6587 6987 6989 6472 6057 6982 6039 6399 6700 5589 7163 6669 6904 6123 1865 1020 1451 1365 390 1177 1180 1479 439 1099 1245 1273 1671 1279 1495 1615 1432 1655 1080 1589 736 1048 1536 1601 503 997 1619 819 1162 279 3192 3397 4084 3536 3721 3538 3332 3040 4088 4042 3378 3876 3231 4227 4160 2907 3409 2795 2977 3052 3659 4426 3421 4295 3863 3756 4277 3494 3643 4455 4560 3878 4257 3849 4332 4511 4713 3715 3591 3664 3770 3726 4698 4902 4475 3950 3605 3908 4835 3859 4035 4715 3681 3874 4339 3821 3741 4216 3954 4616 4812 3750 4697 4696 4109 3538 3768 3685 5892 5607 5008 1911 
1000000 1000000 1000000 1000000 1000000 1000000 1000000 1000000 1000000 1000000 3335 3694 3354 1412 9771 4092 3749 4922 1437 3114 0 3929 6227 9579 725 8821 9362 6822 4590 5616 786 8847 3574 5944 4961 8957 3954 1961 2998 7879 2912 9440 9592 5501 9562 6478 8834 2769 8436 9130 2745 6437 1888 6391 7778 6557 6468 7222 6992 6754 7357 7146 6508 6862 7258 6430 7210 6778 7248 7178 7727 6697 6650 7455 7409 7415 6388 7650 6718 6615 7576 6646 7560 7316 6932 6555 9587 9474 9964 8953 8782 9527 9390 8945 9435 9190 8705 9306 9781 10034 8704 10258 9108 9290 9441 9919 9932 9380 8953 9986 9032 9353 9707 8562 10146 9648 9870 9078 2906 2521 3655 2551 3155 3127 3212 2226 3007 3006 3736 2801 2608 2271 3037 3315 3640 3241 3496 3499 2673 2342 3695 3313 2988 2475 3477 2764 3416 3146 4244 4166 4684 3877 4204 3644 4178 3765 4910 4751 4473 4529 3973 4451 4728 3835 3709 3783 3992 3748 4333 4781 4325 4735 4394 4550 4901 3785 3651 4841 7025 6451 6351 6103 6571 6609 6882 5927 5917 6081 6036 6047 6758 7347 6598 6323 6098 6051 7187 6197 6405 7012 6171 6299 6750 6360 6047 6620 6581 6730 7146 6080 6823 6290 6422 935 6821 5037 8803 6053 8036 3729 
1000000 1000000 1000000 1000000 1000000 1000000 1000000 1000000 1000000 1000000 2608 271 5207 4265 6025 461 5194 1432 2517 3054 3929 0 2311 8678 3976 5299 6205 5115 6473 7975 4239 6406 2521 2995 2105 5274 5456 1999 4203 6956 5354 7524 5815 1672 8929 2579 6826 3145 4682 5401 2565 7827 3567 4695 5089 3997 3571 4607 4473 3679 4782 4528 3727 3858 4307 3722 4276 4265 4161 4099 4839 4073 3803 4321 4446 4429 3572 4609 3781 3676 4523 3706 4738 4209 4449 4191 8356 8484 9057 7916 7839 8344 8623 8208 8278 8537 7897 8602 8920 8931 7768 9252 8230 8374 8844 9073 9049 8635 8272 8882 8033 8470 8606 7670 9114 8659 8914 8209 4706 3739 4505 4103 3440 4173 4197 4009 3444 4066 4286 4144 4411 3828 4431 4614 4485 4632 4133 4624 3542 3619 4590 4601 3498 3677 4649 3693 4211 3331 6183 6339 7022 6369 6609 6291 6287 5944 7073 7002 6385 6816 6154 7070 7093 5853 6217 5747 5948 5949 6593 7317 6394 7202 6772 6722 7229 6307 6371 7356 7351 6642 7229 6786 7252 7473 7643 6674 6514 6541 6706 6643 7666 7687 7431 6831 6443 6879 7678 6761 6911 7592 6514 6732 7177 6613 6664 7064 6669 7570 7666 6662 3135 7743 2954 3552 5802 1132 8089 8561 5572 1278 
1000000 1000000 1000000 1000000 1000000 1000000 1000000 1000000 1000000 1000000 4154 2534 7266 6546 4194 2278 7154 1658 4826 4993 6227 2311 0 9245 6285 3914 5195 5639 8439 9993 6549 6107 3944 3099 2876 3619 7403 4309 6233 7687 7519 7518 3939 841 9634 305 6833 4914 2951 3647 4634 9548 5785 5325 4781 4109 3477 4488 4482 3326 4658 4426 3704 3531 3905 3780 3901 4340 3633 3601 4375 4098 3679 3686 3991 3951 3571 4019 3562 3492 3940 3511 4370 3641 4501 4427 8746 9014 9590 8471 8459 8766 9276 8915 8722 9263 8593 9293 9493 9354 8400 9709 8852 8960 9577 9642 9597 9300 9004 9307 8599 9066 9057 8339 9566 9175 9428 8837 6803 5849 6392 6224 5378 6169 6173 6183 5425 6083 6119 6215 6541 5989 6472 6608 6374 6646 6023 6571 5613 5761 6476 6594 5486 5795 6605 5747 6132 5267 8184 8388 9075 8489 8698 8447 8324 8019 9079 9035 8365 8867 8217 9189 9150 7897 8348 7786 7970 8029 8649 9407 8414 9280 8847 8749 9270 8436 8538 9439 8684 7988 8804 8325 8746 9023 9137 8248 8046 8014 8248 8161 9217 8996 8971 8293 7880 8466 9055 8254 8365 9014 7941 8173 8571 7990 8188 8477 7966 9101 9056 8172 1935 9492 2316 5770 6643 1322 8821 10600 5387 3095 
1000000 1000000 1000000 1000000 1000000 1000000 1000000 1000000 1000000 1000000 10977 8815 6728 8373 8377 8239 6197 9851 8866 6624 9579 8678 9245 0 8920 7077 5910 3635 6297 7084 9023 3925 10996 6155 6678 7782 6123 8693 6629 1761 7465 2517 8494 9454 651 9485 2883 11133 8006 8063 7170 5142 7692 4013 4803 5141 5785 4875 4813 6007 4732 4918 5554 5819 5561 5470 5542 4925 5871 5872 5273 5168 5603 5932 5541 5591 5681 5660 5743 5794 5706 5781 5174 5901 4780 4819 805 260 391 777 844 699 343 681 667 642 875 498 248 611 919 690 474 306 723 399 373 389 732 585 652 227 481 1039 605 211 300 503 6938 7060 5980 7085 6471 6483 6397 7405 6607 6593 5852 6827 7131 7324 6655 6408 5992 6502 6088 6197 6914 7237 5959 6405 6616 7105 6233 6816 6181 6506 6468 6806 7010 7331 7159 7601 6714 6910 6686 6852 6367 6932 6861 7534 7057 6693 7377 6650 6567 6942 6910 7386 6623 7249 7098 6741 6984 7388 7720 7346 3229 3431 4305 4155 3934 4197 3945 4322 4165 3928 4176 4088 4224 3105 4151 3833 3813 4360 3404 3968 3784 3608 3760 3765 3503 3550 4111 3594 3250 4119 3465 4053 7556 5276 6983 10141 2921 8469 821 7502 4207 7483 
1000000 1000000 1000000 1000000 1000000 1000000 1000000 1000000 1000000 1000000 3837 3771 2631 694 9607 4060 3026 5121 1493 2589 725 3976 6285 8920 0 8582 9021 6288 3879 4961 265 8376 4055 5639 4695 8773 3230 1985 2306 7238 2214 8886 9445 5617 8883 6555 8300 3363 8289 8964 2323 5718 1257 5867 7369 6158 6133 6814 6573 6446 6938 6740 6151 6536 6911 6062 6860 6365 6928 6858 7356 6305 6301 7141 7060 7071 6041 7311 6383 6284 7242 6314 7180 7000 6509 6124 8956 8823 9302 8310 8133 8892 8721 8278 8798 8514 8045 8634 9117 9388 8055 9602 8450 8633 8760 9252 9268 8710 8282 9340 8386 8693 9063 7911 9493 8995 9212 8420 2182 1867 2963 1853 2566 2444 2529 1528 2413 2328 3068 2108 1890 1597 2328 2604 2950 2527 2833 2794 2054 1704 2999 2602 2384 1829 2769 2124 2741 2574 3532 3470 4013 3211 3533 2995 3476 3062 4223 4072 3762 3850 3274 3816 4061 3122 3041 3067 3278 3047 3647 4139 3623 4082 3723 3859 4232 3121 3015 4197 6313 5748 5627 5384 5850 5885 6159 5207 5201 5369 5317 5330 6034 6631 5874 5607 5391 5329 6468 5480 5690 6292 5464 5587 6035 5655 5330 5905 5882 6006 6427 5364 6674 5573 6216 1597 6206 5031 8135 5425 7583 3541 
1000000 1000000 1000000 1000000 1000000 1000000 1000000 1000000 1000000 1000000 7772 5569 8355 8540 1393 4943 8006 5436 7418 6313 8821 5299 3914 7077 8582 0 1477 4271 9109 10637 8831 3194 7612 2995 3889 712 8181 6922 7434 6050 8898 4737 1442 4644 7638 3957 4211 8414 1163 987 6326 9484 7605 4276 2416 2976 2630 2657 2882 2247 2701 2672 2726 2241 2070 2855 2121 2957 1873 1931 2003 2828 2561 1667 1973 1932 2766 1721 2415 2483 1733 2462 2181 1798 2958 3250 6366 6818 7325 6395 6491 6434 7240 7018 6432 7350 6727 7318 7300 6945 6461 7314 6825 6859 7634 7426 7355 7280 7138 6909 6521 6969 6729 6471 7178 6933 7154 6823 8073 7331 7227 7662 6578 7300 7257 7789 6703 7284 6905 7521 7950 7587 7653 7643 7218 7724 6950 7502 7047 7350 7292 7630 6764 7309 7551 7111 7102 6495 8981 9292 9914 9599 9687 9683 9202 9047 9779 9816 9081 9721 9182 10221 9991 8852 9510 8742 8853 9068 9542 10324 9233 10170 9776 9547 10052 9583 9803 10331 7939 7390 8523 8045 8309 8657 8642 8055 7801 7658 7986 7867 8828 8158 8594 7867 7476 8261 8338 7894 7908 8393 7508 7726 7963 7451 7902 7920 7278 8688 8365 7861 2187 9497 2411 8703 5457 4263 6980 11253 2921 5093 
1000000 1000000 1000000 1000000 1000000 1000000 1000000 1000000 1000000 1000000 8779 6464 8352 8867 2523 5795 7936 6593 8028 6556 9362 6205 5195 5910 9021 1477 0 3711 8908 10360 9252 1996 8650 3430 4436 2140 8072 7571 7535 5147 8974 3452 2691 5847 6511 5283 3038 9348 2636 2370 6701 8989 7922 3869 1854 2920 2895 2341 2604 2626 2283 2398 2871 2503 2111 2965 2161 2773 2125 2194 1695 2764 2721 1928 1961 1951 2981 1713 2645 2748 1787 2717 1889 2060 2683 3062 5153 5651 6115 5293 5425 5234 6114 5953 5247 6263 5688 6210 6116 5700 5409 6062 5720 5726 6525 6231 6152 6158 6078 5669 5411 5831 5520 5446 5933 5746 5947 5723 8155 7544 7207 7834 6751 7385 7328 8015 6893 7396 6893 7655 8092 7823 7731 7667 7201 7758 6988 7497 7264 7600 7259 7655 6949 7535 7547 7297 7143 6687 8834 9170 9739 9540 9579 9668 9074 8983 9558 9624 8898 9560 9088 10106 9814 8771 9475 8668 8745 9008 9404 10162 9082 10005 9641 9373 9850 9539 9795 10159 7263 6804 7992 7541 7730 8087 8024 7583 7325 7149 7493 7369 8241 7434 8023 7317 6961 7773 7651 7369 7344 7740 6979 7177 7338 6885 7405 7318 6666 8099 7687 7357 3309 9027 3262 9383 4802 5289 5937 10959 2077 5720 
1000000 1000000 1000000 1000000 1000000 1000000 1000000 1000000 1000000 1000000 7549 5279 4924 5926 5663 4664 4445 6227 5787 3711 6822 5115 5639 3635 6288 4271 3711 0 5272 6674 6465 2256 7533 2541 3060 4887 4533 5493 4305 2061 5622 2629 5686 5819 3996 5891 2014 7823 4893 5177 4117 5287 5046 449 1911 1603 2249 1625 1437 2548 1571 1625 2021 2394 2296 1914 2257 1454 2584 2558 2271 1677 2111 2724 2345 2394 2123 2567 2273 2296 2573 2291 2091 2638 1373 1257 3245 3419 3998 2860 2827 3238 3642 3276 3177 3625 2954 3655 3883 3829 2766 4162 3222 3341 3939 4034 3998 3664 3367 3780 2984 3445 3510 2700 4021 3588 3844 3206 4853 4507 3821 4699 3735 4143 4068 4958 3891 4198 3544 4470 4887 4803 4449 4311 3821 4411 3706 4111 4267 4629 3852 4301 3928 4524 4161 4238 3852 3716 5240 5591 6110 6012 6003 6181 5492 5464 5902 5985 5276 5943 5536 6517 6183 5239 5971 5146 5188 5492 5807 6537 5480 6379 6043 5750 6203 6024 6311 6528 3669 3134 4300 3838 4060 4413 4380 3875 3617 3446 3788 3664 4576 3894 4349 3630 3259 4067 4068 3672 3664 4124 3282 3489 3697 3204 3700 3661 3014 4435 4095 3654 4073 5321 3443 7164 1195 4836 3184 7264 1674 3999 
1000000 1000000 1000000 1000000 1000000 1000000 1000000 1000000 1000000 1000000 7451 6401 1343 3185 10425 6279 1288 7891 4812 3457 4590 6473 8439 6297 3879 9109 8908 5272 0 1575 3817 7491 7617 6295 5797 9567 1036 5036 2274 5013 1692 7292 10361 8058 6026 8743 6940 7141 9317 9830 3909 1880 3195 5045 7055 6145 6509 6599 6341 6905 6633 6556 6388 6878 7058 6257 7005 6210 7237 7180 7285 6299 6551 7445 7175 7210 6365 7445 6703 6647 7412 6665 7084 7312 6260 5910 6641 6299 6625 5931 5700 6542 6009 5619 6440 5734 5500 5879 6426 6877 5632 6971 5889 6074 5891 6528 6575 5980 5571 6838 5955 6093 6603 5477 6901 6441 6593 5858 1876 2786 2056 2465 3069 2301 2283 2684 3039 2408 2351 2358 2214 2798 2055 1859 2072 1844 2420 1870 2942 2947 1973 1872 2983 2854 1839 2787 2308 3180 348 543 839 1064 862 1360 474 846 674 716 118 685 677 1291 911 758 1153 824 606 869 614 1266 345 1108 821 486 946 1138 1463 1256 3125 2887 2125 2148 2463 2335 2635 1977 2141 2381 2123 2211 2424 3352 2351 2467 2521 1965 3098 2331 2522 2886 2562 2533 2831 2766 2187 2725 3076 2451 3042 2245 7902 1722 7248 5469 4468 7138 5481 2196 6939 5367 
1000000 1000000 1000000 1000000 1000000 1000000 1000000 1000000 1000000 1000000 8723 7884 2768 4298 11967 7806 2843 9377 6116 5001 5616 7975 9993 7084 4961 10637 10360 6674 1575 0 4833 8835 8912 7859 7372 11113 2603 6409 3780 6079 2798 8455 11911 9586 6693 10296 8186 8318 10878 11379 5416 1973 4549 6493 8514 7664 8054 8083 7829 8451 8104 8045 7925 8415 8575 7792 8523 7711 8767 8711 8773 7815 8086 8971 8686 8723 7908 8954 8242 8189 8925 8206 8573 8841 7748 7411 7561 7138 7363 6863 6622 7450 6764 6430 7351 6468 6381 6619 7168 7690 6563 7716 6735 6908 6559 7244 7306 6727 6356 7658 6861 6904 7457 6415 7670 7256 7365 6704 3282 4242 3627 3890 4616 3829 3821 4047 4574 3924 3925 3831 3599 4197 3547 3388 3643 3356 3985 3426 4434 4380 3545 3402 4514 4307 3390 4285 3867 4727 1810 1640 976 1754 1443 1973 1688 2050 916 974 1637 1171 1832 1192 915 2123 1924 2229 2031 2050 1395 852 1584 881 1257 1253 757 1842 1974 787 3871 3902 2801 3077 3170 2888 3145 2960 3197 3425 3090 3209 2869 3982 2935 3387 3603 2837 3685 3277 3408 3477 3617 3499 3621 3787 3176 3556 4088 2967 3624 3235 9476 1823 8819 6542 5746 8685 6306 623 8347 6909 
1000000 1000000 1000000 1000000 1000000 1000000 1000000 1000000 1000000 1000000 4029 4033 2614 679 9863 4324 3042 5375 1749 2783 786 4239 6549 9023 265 8831 9252 6465 3817 4833 0 8575 4254 5880 4942 9028 3230 2247 2395 7357 2133 9053 9702 5877 8968 6817 8475 3519 8547 9220 2551 5675 1420 6050 7586 6380 6368 7031 6789 6685 7153 6958 6381 6772 7142 6291 7092 6582 7165 7095 7582 6527 6532 7379 7292 7303 6273 7544 6617 6519 7476 6549 7404 7237 6723 6337 9081 8932 9403 8426 8245 9014 8817 8375 8919 8603 8149 8725 9216 9501 8167 9707 8555 8739 8843 9349 9368 8804 8375 9453 8499 8797 9178 8021 9600 9103 9317 8525 2201 2000 3048 1939 2733 2541 2627 1619 2578 2433 3176 2197 1932 1716 2391 2659 3035 2576 2946 2858 2208 1851 3077 2659 2545 1969 2829 2264 2844 2749 3473 3385 3899 3092 3418 2861 3399 2987 4125 3966 3701 3744 3192 3672 3944 3065 2924 3018 3224 2969 3548 4001 3547 3952 3609 3766 4116 3000 2871 4061 6353 5807 5631 5409 5867 5886 6165 5229 5237 5413 5345 5364 6030 6666 5878 5643 5444 5342 6493 5514 5724 6312 5516 5629 6071 5711 5361 5941 5947 6008 6450 5398 6933 5526 6469 1710 6344 5296 8231 5278 7788 3799 
1000000 1000000 1000000 1000000 1000000 1000000 1000000 1000000 1000000 1000000 8999 6629 7177 8080 4456 5951 6700 7182 7670 5792 8847 6406 6107 3925 8376 3194 1996 2256 7491 8835 8575 0 8926 3415 4340 3905 6785 7294 6524 3218 7870 1551 4584 6566 4519 6279 1045 9423 4218 4177 6102 7288 7167 2591 1351 2436 2851 1800 1956 2843 1627 1879 2681 2640 2220 2687 2233 2174 2475 2512 1732 2341 2617 2429 2120 2158 2836 2099 2669 2766 2174 2739 1751 2467 1995 2331 3186 3666 4148 3298 3432 3260 4121 3959 3267 4268 3698 4215 4138 3756 3418 4123 3725 3733 4531 4257 4182 4164 4085 3721 3416 3839 3552 3460 3989 3768 3978 3728 7091 6674 6067 6897 5881 6363 6292 7137 6035 6408 5782 6679 7105 6969 6681 6555 6066 6654 5931 6358 6417 6776 6101 6544 6079 6682 6408 6408 6081 5846 7478 7832 8329 8262 8244 8435 7732 7716 8104 8198 7502 8169 7783 8752 8400 7491 8225 7399 7436 7744 8042 8756 7714 8598 8276 7973 8409 8276 8565 8744 5449 5076 6280 5864 5983 6340 6239 5936 5682 5479 5828 5702 6477 5582 6277 5606 5291 6105 5822 5678 5619 5933 5296 5470 5561 5171 5738 5560 4917 6335 5863 5685 4201 7348 3822 9064 3101 5760 3946 9407 844 5559 
1000000 1000000 1000000 1000000 1000000 1000000 1000000 1000000 1000000 1000000 273 2302 6275 4650 8110 2976 6466 2286 2808 4685 3574 2521 3944 10996 4055 7612 8650 7533 7617 8912 4254 8926 0 5515 4607 7461 6724 2625 5464 9243 6115 10015 7865 3106 11181 4071 9320 1101 6814 7531 4088 9279 4423 7097 7609 6510 6091 7127 6988 6185 7301 7048 6247 6369 6818 6241 6788 6779 6657 6598 7351 6591 6323 6806 6954 6934 6093 7105 6298 6193 7019 6223 7254 6701 6962 6690 10744 10820 11382 10253 10152 10722 10906 10475 10649 10787 10176 10867 11232 11300 10078 11603 10534 10690 11084 11383 11368 10912 10524 11250 10363 10779 10970 9967 11469 10997 11248 10510 5743 4899 5981 5171 4999 5508 5565 4934 4929 5375 5870 5326 5404 4831 5635 5892 5961 5866 5656 5987 4832 4715 6056 5882 4959 4829 5992 4990 5672 4912 7281 7319 7940 7167 7470 6990 7299 6897 8093 7970 7509 7755 7119 7818 7998 6887 6998 6802 7022 6890 7537 8126 7435 8050 7656 7722 8161 7083 7028 8179 9243 8557 8891 8512 8999 9151 9371 8367 8262 8346 8434 8398 9332 9586 9120 8630 8290 8548 9518 8535 8715 9393 8365 8557 9023 8503 8411 8899 8624 9262 9493 8424 5429 9162 5390 2721 8078 3369 10347 9420 8091 3537 
1000000 1000000 1000000 1000000 1000000 1000000 1000000 1000000 1000000 1000000 5597 3224 5419 5557 4192 2543 5115 3837 4599 3319 5944 2995 3099 6155 5639 2995 3430 2541 6295 7859 5880 3415 5515 0 1012 3327 5314 4145 4464 4592 5926 4619 4097 3328 6536 3352 3917 6064 3024 3572 3348 6977 4617 2241 2095 1066 582 1620 1515 811 1797 1542 736 932 1363 753 1323 1327 1307 1237 1882 1107 810 1512 1512 1507 581 1726 814 706 1648 738 1759 1374 1507 1348 5687 5928 6505 5379 5362 5699 6179 5816 5650 6165 5494 6195 6402 6290 5302 6640 5755 5867 6479 6552 6510 6202 5906 6243 5506 5972 5985 5240 6497 6091 6346 5740 5104 4338 4319 4673 3594 4337 4301 4795 3715 4312 3999 4541 4966 4592 4690 4704 4307 4778 4014 4580 4054 4355 4391 4690 3777 4314 4627 4121 4162 3508 6126 6415 7065 6679 6795 6740 6329 6136 6968 6981 6252 6864 6287 7326 7143 5954 6579 5842 5973 6155 6671 7460 6377 7311 6901 6703 7221 6655 6857 7473 5794 5132 6108 5615 5978 6293 6354 5578 5345 5260 5545 5440 6481 6082 6235 5517 5100 5797 6183 5506 5577 6177 5151 5384 5728 5157 5472 5651 5076 6352 6194 5444 1704 6957 1020 5957 3579 2407 5723 8481 2589 2300 
1000000 1000000 1000000 1000000 1000000 1000000 1000000 1000000 1000000 1000000 4666 2306 4778 4669 4972 1645 4550 3174 3597 2547 4961 2105 2876 6678 4695 3889 4436 3060 5797 7372 4942 4340 4607 1012 0 4119 4776 3136 3771 5005 5204 5420 4839 2844 6984 3169 4722 5089 3704 4333 2458 6726 3746 2666 3061 1909 1582 2547 2389 1811 2716 2466 1691 1943 2373 1661 2331 2176 2312 2243 2886 2000 1798 2511 2523 2519 1544 2737 1822 1715 2658 1747 2751 2376 2359 2087 6302 6470 7048 5906 5851 6298 6655 6259 6237 6599 5940 6649 6924 6889 5784 7221 6246 6378 6911 7076 7044 6671 6334 6840 6027 6478 6569 5700 7081 6641 6898 6227 4401 3552 3753 3909 2877 3665 3644 3985 2974 3615 3448 3815 4217 3779 4008 4071 3738 4132 3409 3982 3273 3538 3832 4057 3038 3518 4024 3365 3543 2777 5586 5841 6515 6044 6198 6069 5764 5522 6462 6449 5738 6309 5694 6719 6593 5361 5928 5248 5403 5537 6103 6888 5831 6746 6322 6165 6690 6009 6179 6909 5812 5113 5946 5462 5876 6159 6266 5393 5184 5144 5386 5296 6352 6127 6106 5421 5006 5612 6180 5385 5492 6139 5067 5300 5696 5115 5324 5602 5095 6234 6181 5306 2153 6682 1571 4948 3890 1822 6150 7991 3499 1288 
