NAME : P131112
TYPE : ATSP
DIMENSION : 170
EDGE_WEIGHT_TYPE : EXPLICIT
EDGE_WEIGHT_FORMAT : FULL_MATRIX
EDGE_WEIGHT_SECTION
1000000 1000000 1000000 1000000 1000000 1000000 1000000 1000000 1000000 1000000 1855 3512 6877 9529 8319 2977 9612 11700 1694 7881 7070 8645 5880 8308 6754 2427 9517 9126 8610 5527 8564 7531 3652 8185 8040 9526 5454 5547 4350 5027 5601 6647 6208 1157 2562 4268 6110 1968 7757 9327 10667 624 4171 6612 7199 7579 6352 7421 9789 9283 5904 2631 8693 3632 9209 4420 11252 6756 8692 8600 4025 9326 8211 2493 5282 1638 7494 3583 7017 5815 6983 8708 8342 7580 7827 3705 9547 10653 5290 9505 7944 6265 8587 9481 4132 6191 1389 7159 2363 7770 182 7036 5271 2981 4515 9597 3088 7601 3336 6591 7055 6764 3931 5207 9075 5716 7831 1014 6910 7837 4885 7323 3109 8786 9658 4333 7192 8565 6309 3810 10732 505 1434 1963 8665 10265 5960 3948 4692 10319 8221 8089 11047 2120 3876 1318 9761 6482 7500 8907 3985 6333 7589 3775 8548 7108 8186 7779 8420 3990 0 1000000 1000000 1000000 1000000 1000000 1000000 1000000 1000000 1000000 
1000000 1000000 1000000 1000000 1000000 1000000 1000000 1000000 1000000 1000000 2732 3223 3130 9345 6613 5564 6435 8238 3352 4511 4713 4476 1583 7218 4879 2933 8987 6624 7032 2823 5014 3384 1414 6525 6241 5611 5338 3607 981 2477 4874 3533 7591 3258 4450 4086 1735 4062 4315 7634 8216 4133 6243 2384 6105 6279 4446 6854 7481 8837 2072 6088 7307 2293 5079 714 7830 2715 5803 4226 5698 5233 3835 1989 1003 3847 3171 4627 5525 2292 7694 5745 5188 7046 3505 5915 7756 7084 2403 5872 8812 6598 7201 6560 4912 6452 4591 2821 4819 7337 4248 7317 3345 4495 6661 5949 5215 3449 1089 5718 8177 2356 1375 6392 8328 4325 7708 3401 7379 3555 1632 3349 1767 9069 6969 1527 3237 4248 2362 836 7792 3909 5599 2722 6729 7767 6435 2667 3912 7645 4300 8418 8214 5327 3513 3922 5917 2614 3171 7386 6335 3689 4600 3210 4451 2734 4175 4839 9150 6406 1000000 0 1000000 1000000 1000000 1000000 1000000 1000000 1000000 1000000 
1000000 1000000 1000000 1000000 1000000 1000000 1000000 1000000 1000000 1000000 5564 6266 4527 12001 8858 8570 7638 8880 6253 5904 6882 4561 1648 9684 7278 5944 11545 8381 9296 5276 6068 887 4465 8803 8483 5972 8245 6221 2621 5128 7687 5461 10612 5807 7469 7079 2614 7027 5679 9781 9827 6817 9295 3274 8673 8748 6907 9534 9271 11432 1040 8989 9636 5326 5100 3623 8568 476 7383 3546 8752 5308 2164 4478 3006 6760 1468 7681 8003 1138 10629 7269 6644 9723 3413 8957 9838 7731 4902 6632 11740 9512 9540 7990 7951 9361 7439 1443 7804 10025 6741 10186 6023 7540 9714 6671 8248 3953 3977 8401 11159 2011 2991 9421 10845 7013 10463 5992 10283 3611 4258 439 4801 11867 8538 2595 4259 3892 694 3238 9043 6431 8276 5601 8838 9389 9381 5657 6824 9143 4985 11251 9516 8237 6530 6773 6341 454 1497 9644 9377 5918 6338 6231 4725 2775 4727 6564 12044 9445 1000000 1000000 0 1000000 1000000 1000000 1000000 1000000 1000000 1000000 
1000000 1000000 1000000 1000000 1000000 1000000 1000000 1000000 1000000 1000000 2085 675 3421 6929 4788 3411 5838 7944 2103 4174 3310 5373 4058 5077 3090 1359 6673 5385 5145 1813 4887 5841 1266 4668 4462 5984 2758 1793 3436 1356 2433 2935 4960 2994 2341 1450 3569 2306 4079 5836 6959 3218 3794 3661 3913 4202 2656 4479 6101 6490 4705 4249 5321 376 5858 2033 7493 5270 4910 5720 3200 5932 5933 2705 2800 2360 5446 2118 3516 4927 5072 4927 4579 4669 4872 3549 6022 6932 1690 5827 6190 3995 5211 5700 2308 3855 3124 5101 2833 4937 3698 4740 1503 2193 4194 5923 2952 4403 2129 3401 5539 4434 3526 3768 6077 2162 5230 2981 4777 4800 1694 5902 1269 6533 5896 3881 3847 5530 4965 2885 6954 3418 4365 1926 5061 6541 3812 167 1384 6566 4753 5859 7279 3544 877 2625 6170 5226 5437 5478 3961 2556 3819 579 5206 4383 4790 4002 6546 4046 1000000 1000000 1000000 0 1000000 1000000 1000000 1000000 1000000 1000000 
1000000 1000000 1000000 1000000 1000000 1000000 1000000 1000000 1000000 1000000 3639 2201 1923 6603 3735 4900 4194 6276 3770 2491 1898 3899 3767 4364 1998 3027 6180 3939 4151 182 3208 5332 2118 3645 3366 4346 3045 821 3858 459 2371 1255 5645 4537 3917 2321 2880 3972 2402 4765 5546 4882 5009 2601 3290 3420 1570 4130 4741 6051 4647 5836 4427 1795 4321 2178 5827 4953 3319 4484 4388 4369 5063 3903 2422 4043 4770 3402 2664 4993 5391 3315 2918 4319 3648 4874 4899 5252 508 4147 6469 4267 4321 4115 3351 4111 4801 4465 4425 4620 5328 4863 686 3678 5361 4243 4402 3039 3011 2998 6016 3721 4166 4568 5498 1622 5065 4557 5002 3524 1256 5538 2510 6478 4387 4395 2411 4204 4779 3512 5381 5029 6045 3499 3878 5108 4206 1525 1803 5070 3176 5884 5740 5166 2093 4306 4511 5047 4753 4505 5254 948 2170 1957 3693 3388 3259 2371 6723 5348 1000000 1000000 1000000 1000000 0 1000000 1000000 1000000 1000000 1000000 
1000000 1000000 1000000 1000000 1000000 1000000 1000000 1000000 1000000 1000000 1041 2899 6054 9224 7739 3067 8861 10928 1103 7095 6378 7804 5066 7822 6115 1756 9149 8450 8054 4759 7768 6748 2821 7609 7441 8703 5041 4858 3571 4253 5088 5869 6146 369 2353 3761 5267 1696 6965 8766 10014 675 4191 5768 6686 7043 5696 7001 9146 8926 5143 3022 8168 2877 8371 3575 10483 5981 7964 7755 3924 8490 7389 1701 4438 1297 6682 3274 6438 5087 6796 7972 7583 7171 6982 3734 8975 9866 4499 8707 7815 5976 8060 8758 3815 5885 1506 6343 2327 7383 699 6763 4571 2722 4576 8798 3035 6760 2496 6094 6960 5930 3189 5057 8662 5106 7502 181 6671 6992 4061 6563 2284 8556 8964 3607 6359 7719 5541 3006 10016 368 2105 1171 8058 9602 5688 3235 4115 9634 7394 7853 10347 2363 3296 1043 8945 5726 6687 8365 4075 5592 6837 3148 7711 6264 7353 7034 8273 4100 1000000 1000000 1000000 1000000 1000000 0 1000000 1000000 1000000 1000000 
1000000 1000000 1000000 1000000 1000000 1000000 1000000 1000000 1000000 1000000 5122 3081 4294 3823 1993 4500 4530 6599 4837 3877 2069 6016 6571 1892 1350 4228 3481 3311 2201 2949 4516 8129 4371 1850 1826 5858 1224 1993 6456 3105 850 3208 3497 5978 4055 2183 5679 4516 3962 2917 4557 5824 3911 5299 752 1150 1473 1332 3670 3318 7426 5606 2248 3577 6237 4817 6164 7764 3503 6916 3411 6200 7753 5916 5218 4810 7539 3044 874 7747 2841 3620 3716 1524 6150 4053 3158 5938 3312 5235 3817 1831 2142 4074 2575 1692 5304 7248 4483 1820 6425 2190 2206 3637 4083 5328 4019 5436 5299 193 3570 6499 6650 2821 2862 1210 2256 5905 2402 5980 3993 8347 4484 3675 3925 6957 4790 6544 7580 5988 5082 6227 6441 4952 2435 4239 1944 3098 1873 4449 5121 3110 5233 5206 2663 5131 5851 7848 7520 2472 4269 2542 3145 2872 5745 6073 5322 3131 3998 4364 1000000 1000000 1000000 1000000 1000000 1000000 0 1000000 1000000 1000000 
1000000 1000000 1000000 1000000 1000000 1000000 1000000 1000000 1000000 1000000 3858 3782 2062 9183 6108 6400 5411 7085 4395 3509 4134 3191 1196 6883 4477 3845 8734 5833 6544 2457 3910 2793 2193 6043 5731 4370 5500 3406 1996 2336 4901 2765 7976 4487 5281 4443 497 5007 3294 7072 7376 5291 6903 1107 5856 5943 4094 6716 6717 8617 2139 7061 6866 2862 3797 1263 6695 2366 4915 2973 6314 3956 2840 3265 356 4860 2335 5230 5194 2542 7885 4831 4232 6904 2222 6636 7155 5919 2087 4711 8985 6761 6767 5623 5400 6607 5641 1995 5711 7206 5470 7407 3219 5236 7307 4781 5990 2175 2299 5585 8456 1324 2517 6814 8038 4202 7650 4613 7521 2265 1506 2957 2705 9059 6096 2506 2048 2966 2211 2103 6806 5130 6731 3813 6135 6927 6654 3071 4105 6751 3082 8454 7251 6305 3955 4988 4691 2476 2325 6895 7053 3136 3759 3678 3179 1482 2930 3997 9268 7134 1000000 1000000 1000000 1000000 1000000 1000000 1000000 0 1000000 1000000 
1000000 1000000 1000000 1000000 1000000 1000000 1000000 1000000 1000000 1000000 7505 5789 8150 2308 4731 5144 7864 9648 6927 7661 5858 9855 10169 3626 5165 6646 2869 6343 4529 6690 8237 11839 7537 4641 4881 9561 3568 5724 9706 6719 4162 7067 1901 8123 5567 4828 9396 6223 7772 4891 6872 7495 3953 9104 3802 4054 5332 2845 6200 2630 10927 5971 4194 6640 10037 8232 9272 11388 6954 10775 4027 9982 11570 8624 8818 6623 11298 4710 4496 11182 1202 7101 7367 2734 10005 4402 5142 9281 6996 8828 111 2301 4179 7281 4223 2452 6663 10988 5688 2501 8115 1678 5857 5206 3711 8912 4963 9295 8347 3711 1030 10248 9753 2863 3101 4928 1921 7973 1533 9837 7564 12000 7425 1205 6889 10132 8648 10402 11143 9137 7899 8068 7326 7354 5186 6770 2461 6228 4995 7145 8950 1005 7844 6068 5426 6888 9497 11411 11281 4474 4235 6397 6915 5728 9579 9887 9164 6855 393 4272 1000000 1000000 1000000 1000000 1000000 1000000 1000000 1000000 0 1000000 
1000000 1000000 1000000 1000000 1000000 1000000 1000000 1000000 1000000 1000000 5311 5630 3380 10998 7761 8136 6449 7719 5947 4730 5795 3409 1021 8633 6238 5515 10509 7218 8200 4308 4880 883 3910 7714 7389 4815 7410 5274 2572 4239 6799 4360 9881 5732 7016 6343 1577 6655 4505 8659 8647 6676 8735 2129 7664 7707 5891 8558 8106 10410 1318 8685 8551 4691 3969 2984 7398 742 6210 2491 8161 4173 1398 4392 2187 6444 621 7076 6974 1728 9793 6094 5467 8744 2246 8439 8705 6564 3968 5451 10891 8668 8458 6807 7281 8514 7182 348 7404 9047 6711 9304 5108 7022 9146 5492 7762 2765 3661 7439 10367 840 3078 8712 9801 6076 9512 5896 9425 2436 3417 1137 4343 10929 7359 2788 3085 2783 994 3075 7855 6381 8149 5312 7716 8211 8565 4950 6016 7960 3798 10337 8328 7924 5837 6511 5181 1112 632 8543 8859 4865 5191 5551 3557 1587 3542 5412 11165 8935 1000000 1000000 1000000 1000000 1000000 1000000 1000000 1000000 1000000 0 
1000000 1000000 1000000 1000000 1000000 1000000 1000000 1000000 1000000 1000000 0 2041 5023 8596 6837 3117 7831 9891 716 6056 5387 6803 4291 7013 5168 911 8454 7465 7174 3725 6728 6047 1801 6712 6524 7672 4351 3876 2950 3219 4281 4831 5849 911 2124 2998 4351 1543 5925 7877 9043 1438 4070 4794 5858 6190 4738 6270 8185 8244 4525 3425 7317 1858 7361 2614 9446 5314 6947 6817 3668 7475 6565 1231 3505 1215 5897 2798 5546 4552 6336 6950 6550 6449 6023 3652 8075 8827 3460 7667 7407 5411 7208 7742 3290 5301 1881 5550 2326 6684 1729 6202 3583 2370 4485 7758 2912 5762 1651 5291 6605 5071 2695 4685 7921 4196 6866 919 6151 6020 3031 5926 1255 8021 7966 3130 5340 6754 4898 2326 9003 1408 2878 171 7131 8624 5149 2248 3257 8640 6367 7319 9343 2676 2461 1211 7910 5111 5899 7496 4047 4571 5808 2260 6700 5336 6333 6009 7837 4095 1855 2732 5564 2085 3639 1041 5122 3858 7505 5311 
1000000 1000000 1000000 1000000 1000000 1000000 1000000 1000000 1000000 1000000 2041 0 4033 6632 4840 2757 6230 8364 1828 4669 3591 6001 4693 4973 3243 1155 6444 5624 5159 2354 5395 6487 1813 4711 4545 6545 2386 2084 3946 1950 2241 3446 4375 2907 1722 1007 4241 1806 4595 5869 7156 2909 3122 4331 3819 4158 2845 4250 6277 6243 5295 3642 5286 944 6470 2662 7911 5896 5259 6385 2534 6534 6606 2929 3461 1953 6110 1450 3539 5488 4589 5293 5005 4433 5536 2874 6076 7394 2302 6327 5701 3557 5177 6034 1690 3428 2653 5763 2227 4680 3457 4330 1839 1532 3525 6424 2288 5050 2560 3251 5001 5104 3965 3173 5892 2212 4908 2848 4331 5459 2368 6530 1637 6146 6169 4349 4477 6186 5574 3357 7267 3217 3899 1871 5165 6756 3340 763 1222 6822 5346 5457 7561 2966 423 2253 6711 5832 6101 5474 3286 2979 4239 271 5823 5057 5401 4401 6083 3371 3512 3223 6266 675 2201 2899 3081 3782 5789 5630 
1000000 1000000 1000000 1000000 1000000 1000000 1000000 1000000 1000000 1000000 5023 4033 0 7816 4423 6780 3351 5112 5343 1451 2504 1980 3113 5375 3069 4637 7264 3862 4860 1745 1885 4165 3237 4389 4059 2650 4837 2554 4003 2084 4102 1099 7473 5838 5751 4244 1989 5709 1233 5287 5356 6409 6931 1254 4531 4489 2825 5490 4752 7193 4092 7666 5227 3386 2439 2671 4702 4052 2891 2641 6310 2514 3525 4855 2186 5704 3473 5315 3807 4530 7079 2795 2183 5661 1857 6790 5327 3967 1734 2758 8102 5981 5140 3571 5272 5826 6494 3253 6249 5962 6749 6474 2556 5552 7282 2839 6292 1159 3835 4454 7758 2541 4485 6445 6544 3280 6485 5911 6659 1690 1994 4514 3771 7905 4068 4536 507 2313 4054 3956 4744 6422 7710 4919 4345 4911 5972 3289 3712 4709 1352 7389 5191 6963 3989 5925 2900 4291 3449 5196 7174 1754 1813 3816 1791 1905 1370 2037 8291 7267 6877 3130 4527 3421 1923 6054 4294 2062 8150 3380 
1000000 1000000 1000000 1000000 1000000 1000000 1000000 1000000 1000000 1000000 8596 6632 7816 0 3597 6849 6602 8068 8145 6951 5320 9207 10369 2480 4774 7688 761 5026 3233 6727 7374 11856 8145 3572 3892 8602 4253 5798 10265 6924 4508 6728 3910 9355 6967 5628 9427 7582 7115 3282 5091 8926 5753 8953 3335 3328 5107 2493 4608 675 11242 7822 2828 7302 9252 8638 7749 11544 5878 10293 5624 9152 11341 9558 9024 7956 11225 5963 4032 11569 2756 6039 6466 2300 9621 6144 3472 7935 7110 7755 2391 3264 2873 5972 5416 3343 8191 10956 7222 2009 9558 2501 6026 6552 5622 7824 6541 8874 9053 3631 3149 10208 10432 4451 1390 5031 1731 9238 2672 9426 7811 12110 8188 1104 5456 10756 8270 9867 11382 9775 6283 9443 9059 8431 3921 5105 3571 6834 5545 5528 8294 1596 6121 7754 6215 8258 8455 11649 11203 3017 6092 6148 6234 6483 8916 9696 8549 6100 2006 6151 9529 9345 12001 6929 6603 9224 3823 9183 2308 10998 
1000000 1000000 1000000 1000000 1000000 1000000 1000000 1000000 1000000 1000000 6837 4840 4423 3597 0 6492 3141 4966 6659 3386 1977 5632 7297 1160 1756 5989 2941 1618 440 3792 3778 8576 5734 143 377 5016 3206 3102 7590 4164 2771 3402 5063 7731 6015 4071 6244 6434 3566 1051 2584 7701 5854 5642 1335 899 2205 1977 1717 2929 8244 7598 814 5098 5657 5911 4569 8385 2303 6757 5384 5556 7909 7447 6036 6697 7895 5023 1303 8630 4085 2461 2870 2033 6139 6028 1238 4552 4211 4196 4733 3418 741 2550 4566 3328 7246 7664 6459 2232 8279 3352 3401 5604 5984 4271 6011 5390 6669 1919 4848 6934 7895 4663 2225 2642 2811 7684 3652 5933 4981 8896 5988 4026 2192 8130 4828 6317 8304 7236 3288 8053 8409 6670 493 2305 3648 4639 3631 2581 4725 3755 3352 7190 4451 7015 4890 8561 7870 788 6219 2978 2702 4594 5340 6327 4989 2540 4704 6312 8319 6613 8858 4788 3735 7739 1993 6108 4731 7761 
1000000 1000000 1000000 1000000 1000000 1000000 1000000 1000000 1000000 1000000 3117 2757 6780 6849 6492 0 8621 10772 2402 7278 5889 8754 7139 6133 5331 2633 6970 7697 6669 5067 8012 8946 4235 6350 6310 9228 3294 4562 6003 4698 3784 6103 3264 3367 1122 2739 6883 1576 7236 7370 9049 2500 1204 7061 5194 5626 5058 5090 8157 6717 7541 1107 6634 3571 9210 5175 10319 8268 7593 9127 1237 9265 9238 4342 6056 1921 8670 1584 5287 7619 4161 7662 7495 5211 8280 744 7625 9902 5054 8918 5035 3668 6540 8306 1939 3641 1609 8318 791 5330 3073 4364 4401 1228 1539 9017 517 7806 4596 4581 4127 7717 5802 2400 6654 4295 5245 3178 4177 8210 5087 8898 3799 5991 8297 6235 7231 8940 7885 5367 9450 3107 2214 3033 6930 8712 3346 3518 3333 8882 8073 5316 9661 925 2809 2058 9364 8118 8666 6898 1016 5544 6744 2965 8570 7761 8143 6863 5525 1035 2977 5564 8570 3411 4900 3067 4500 6400 5144 8136 
1000000 1000000 1000000 1000000 1000000 1000000 1000000 1000000 1000000 1000000 7831 6230 3351 6602 3141 8621 0 2153 7940 1924 2732 3355 6402 4287 3341 7196 5877 1577 3411 4108 1571 7081 6206 3224 2992 2222 5654 4153 7343 4616 4960 3033 7987 8723 7831 5891 5286 8034 2127 3357 2343 9055 8310 4481 4194 3851 3565 5055 2169 5929 7371 9677 3802 5987 3100 5887 1699 7179 1043 4608 7741 2931 6059 7966 5529 8166 6339 7038 3664 7821 7135 960 1289 5141 4311 8353 3225 1428 4411 1295 7861 6300 3780 636 6740 6179 8882 6228 8336 5363 9519 6405 4392 7498 8542 1331 8105 3688 6982 4570 7901 5638 7806 7339 5216 4331 5946 8749 6688 4095 5033 7524 6665 7150 1231 7881 3441 4139 7271 7240 1411 9222 10127 7692 2720 1973 6460 5673 5305 1609 2676 6895 1880 9102 5977 8449 1968 7482 6309 3587 8642 3282 2025 5961 3097 4863 2953 1837 7845 8740 9612 6435 7638 5838 4194 8861 4530 5411 7864 6449 
1000000 1000000 1000000 1000000 1000000 1000000 1000000 1000000 1000000 1000000 9891 8364 5112 8068 4966 10772 2153 0 10043 3846 4883 4320 7907 6024 5473 9299 7309 3362 5121 6173 3236 8182 8203 5078 4915 2908 7760 6296 9076 6676 7087 5061 9986 10769 9980 8043 6853 10170 4000 4821 3037 11157 10436 6035 6174 5788 5714 6942 3480 7422 8824 11829 5459 8068 3811 7769 455 8459 3182 5446 9875 3601 6979 9920 7270 10289 7456 9189 5725 9283 9050 3111 3367 6996 5473 10493 4604 1172 6437 2374 9660 8308 5469 2526 8884 8198 11016 7437 10486 7177 11598 8317 6526 9649 10653 2306 10256 5051 8912 6617 9813 6989 9578 9419 6743 6479 7739 10808 8614 5286 6985 8676 8691 8792 2776 9590 5038 5031 8645 9067 1785 11293 12263 9759 4486 2963 8495 7781 7457 2543 4033 8650 2009 11251 8122 10566 2539 8817 7426 5189 10773 5396 4130 8097 4163 6197 4241 3965 9573 10871 11700 8238 8880 7944 6276 10928 6599 7085 9648 7719 
1000000 1000000 1000000 1000000 1000000 1000000 1000000 1000000 1000000 1000000 716 1828 5343 8145 6659 2402 7940 10043 0 6249 5377 7202 4929 6721 5067 745 8055 7433 6966 3884 6948 6707 2234 6528 6370 7975 3943 3855 3648 3394 3987 5009 5218 1213 1440 2659 4891 831 6139 7680 8978 1116 3381 5259 5587 5949 4660 5901 8102 7834 5215 2746 7073 1994 7738 3133 9593 5988 7007 7315 3011 7838 7163 1942 4040 507 6521 2230 5357 5256 5779 7027 6679 6071 6500 2953 7893 9018 3683 7890 6827 4913 6965 7794 2756 4815 1248 6171 1611 6287 1630 5703 3581 1733 3791 7985 2215 6176 2299 4993 5999 5653 3410 4079 7561 4038 6420 1095 5627 6478 3386 6606 1696 7509 7965 3844 5704 7217 5580 3018 9042 1395 2383 653 6992 8574 4633 2268 3029 8626 6695 6806 9354 1988 2209 598 8189 5800 6521 7273 3341 4658 5921 2087 7076 5854 6689 6104 7271 3387 1694 3352 6253 2103 3770 1103 4837 4395 6927 5947 
1000000 1000000 1000000 1000000 1000000 1000000 1000000 1000000 1000000 1000000 6056 4669 1451 6951 3386 7278 1924 3846 6249 0 1813 2257 4553 4472 2528 5509 6323 2502 3799 2366 735 5453 4358 3391 3064 2025 4741 2723 5421 2857 3983 1240 7323 6927 6361 4564 3429 6458 226 4100 3929 7356 7190 2654 3871 3700 2502 4850 3384 6294 5531 8268 4196 4258 2377 3974 3409 5433 1481 3376 6581 2326 4613 6089 3611 6533 4727 5716 3165 5973 6712 1366 742 4994 2814 7141 4094 2773 2597 1659 7632 5696 4127 2122 5534 5550 7291 4557 6872 5277 7773 6032 2881 6083 7488 1756 6766 2083 5090 3992 7446 3895 5882 6449 5603 3195 5845 6971 6267 2599 3149 5848 4847 7219 2638 5961 1646 2931 5472 5319 3300 7461 8535 5928 3191 3488 5765 4016 3973 3266 1343 6795 3743 7625 4497 6794 2101 5700 4700 4103 7483 1735 747 4412 1968 3169 1603 852 7739 7581 7881 4511 5904 4174 2491 7095 3877 3509 7661 4730 
1000000 1000000 1000000 1000000 1000000 1000000 1000000 1000000 1000000 1000000 5387 3591 2504 5320 1977 5889 2732 4883 5377 1813 0 4006 5321 2872 721 4646 4761 2080 2415 1911 2451 6622 4005 1922 1602 3792 3021 1524 5692 2355 2285 1439 5543 6297 5123 3163 4269 5372 1914 2947 3674 6483 5611 3689 2094 1995 834 3074 2848 4691 6272 6949 2757 3540 4184 4030 4430 6410 1707 5004 5029 4139 6026 5782 4075 5543 5955 4306 1371 6664 4900 1773 1696 3230 4305 5632 3050 4051 2323 3213 5826 3896 2663 2455 4015 3753 6221 5711 5623 3522 6996 4221 1807 4776 5868 3309 5374 3561 4908 2180 5637 4974 6037 4737 4041 1601 4075 6290 4455 4113 3089 6929 4355 5475 2589 6239 2951 4598 6327 5392 3677 6724 7457 5232 2023 3245 3982 3145 2582 3256 3095 5014 3978 6388 3295 5841 3800 6585 5932 2765 5934 1026 1076 3321 3726 4400 3319 1078 5949 6032 7070 4713 6882 3310 1898 6378 2069 4134 5858 5795 
1000000 1000000 1000000 1000000 1000000 1000000 1000000 1000000 1000000 1000000 6803 6001 1980 9207 5632 8754 3355 4320 7202 2257 4006 0 3727 6728 4691 6527 8571 4546 6035 3722 1937 3873 5006 5642 5317 1413 6716 4475 5125 4056 5963 2882 9350 7548 7712 6216 2815 7633 2107 6274 5691 8226 8906 2094 6096 5949 4563 7077 5363 8548 4576 9620 6437 5302 611 4251 4021 4146 3511 1253 8284 792 2736 6414 3481 7597 3141 7295 5377 5032 8853 3357 2803 7228 1172 8770 6232 3181 3700 2162 9819 7790 6371 3861 7243 7639 8393 3119 8205 7516 8503 8201 4512 7526 9251 2180 8269 1047 5409 6152 9564 2726 5669 8369 7854 5138 8077 7648 8417 1013 3818 4361 5555 9464 4477 5579 1527 784 4359 5293 4684 8167 9584 6719 5400 5297 7817 5249 5673 4960 918 9019 5165 8906 5968 7795 1782 4515 3111 6324 9152 3566 2989 5790 293 1961 694 3108 9954 9246 8645 4476 4561 5373 3899 7804 6016 3191 9855 3409 
1000000 1000000 1000000 1000000 1000000 1000000 1000000 1000000 1000000 1000000 4291 4693 3113 10369 7297 7139 6402 7907 4929 4553 5321 3727 0 8078 5673 4511 9928 6957 7734 3644 4852 1811 2932 7234 6920 5064 6603 4580 1625 3481 6039 3931 9003 4725 6021 5463 1125 5645 4330 8252 8468 5659 7774 1922 7046 7138 5288 7895 7845 9808 981 7669 8059 3750 4330 2032 7547 1223 6003 3092 7211 4518 2341 3391 1358 5427 1617 6130 6388 1421 8989 5906 5291 8084 2580 7464 8327 6736 3261 5559 10098 7870 7961 6674 6365 7718 6162 1279 6399 8386 5708 8540 4377 6045 8189 5615 6777 2858 2640 6760 9530 1063 2162 7820 9233 5368 8818 4886 8639 2715 2610 1848 3340 10221 7180 1947 2963 3261 1016 2074 7811 5376 7132 4292 7312 8022 7744 4048 5186 7818 3880 9603 8271 6908 4930 5492 5415 1282 1621 8085 7885 4330 4885 4636 3802 1767 3668 5119 10398 7958 5880 1583 1648 4058 3767 5066 6571 1196 10169 1021 
1000000 1000000 1000000 1000000 1000000 1000000 1000000 1000000 1000000 1000000 7013 4973 5375 2480 1160 6133 4287 6024 6721 4472 2872 6728 8078 0 2407 6119 1889 2734 904 4459 4912 9475 6173 1109 1418 6169 2898 3613 8179 4743 2739 4302 4201 7869 5851 4063 7079 6358 4636 1382 3355 7684 5323 6548 1165 944 2800 1111 2602 1829 8993 7227 604 5426 6785 6506 5647 9217 3461 7817 4941 6692 8896 7782 6764 6670 8820 4814 1701 9352 3117 3619 4005 1074 7158 5573 1654 5685 4867 5355 3637 2681 564 3683 4296 2634 7115 8567 6241 1177 8294 2407 3884 5424 5379 5430 5695 6409 7112 1729 3858 7824 8422 4032 1171 2952 1719 7794 2716 6959 5614 9760 6335 2868 3265 8700 5815 7388 9093 7757 4286 8105 8199 6843 1574 3188 2966 4948 3761 3539 5814 2633 4267 6923 4555 6990 6048 9357 8797 904 5695 3771 3755 4761 6438 7271 6069 3621 3571 5781 8308 7218 9684 5077 4364 7822 1892 6883 3626 8633 
1000000 1000000 1000000 1000000 1000000 1000000 1000000 1000000 1000000 1000000 5168 3243 3069 4774 1756 5331 3341 5473 5067 2528 721 4691 5673 2407 0 4361 4273 2411 2161 2073 3171 7089 3981 1657 1400 4512 2332 1351 5853 2415 1620 1971 4824 6073 4646 2656 4677 4962 2618 2802 3914 6150 4969 4180 1463 1471 450 2426 3035 4173 6593 6412 2430 3377 4892 4172 5025 6812 2299 5642 4403 4852 6584 5709 4366 5174 6452 3761 743 6959 4186 2392 2398 2594 4910 5021 2963 4706 2489 3919 5130 3175 2325 2979 3418 3032 5804 6186 5132 2894 6697 3516 1652 4273 5206 4014 4820 4176 4915 1468 4919 5439 6144 4041 3568 1069 3425 6044 3743 4727 3252 7361 4252 4841 2989 6388 3545 5252 6688 5484 4130 6446 7021 5005 1975 3518 3264 2933 2113 3613 3787 4347 4374 5893 2896 5483 4517 6951 6430 2513 5302 1376 1796 2981 4415 4927 3999 1793 5271 5401 6754 4879 7278 3090 1998 6115 1350 4477 5165 6238 
1000000 1000000 1000000 1000000 1000000 1000000 1000000 1000000 1000000 1000000 911 1155 4637 7688 5989 2633 7196 9299 745 5509 4646 6527 4511 6119 4361 0 7543 6709 6312 3143 6212 6316 1652 5861 5687 7257 3441 3122 3410 2657 3383 4269 5049 1753 1526 2088 4339 1163 5402 7020 8264 1860 3407 4636 4969 5312 3945 5361 7394 7333 4920 3216 6440 1263 7050 2591 8849 5637 6266 6706 2931 7143 6662 1984 3493 1071 6062 1967 4690 5023 5466 6285 5935 5539 5877 3033 7226 8276 2956 7154 6551 4516 6331 7054 2424 4403 1867 5710 1890 5773 2351 5305 2844 1643 3828 7249 2310 5512 1982 4393 5773 5141 3281 3863 7014 3352 5958 1696 5265 5841 2712 6267 1173 7126 7234 3703 5016 6581 5256 2776 8305 2087 3073 744 6304 7855 4261 1525 2376 7898 5988 6426 8622 2461 1566 1293 7464 5493 6059 6628 3449 3915 5176 1395 6389 5271 5993 5361 6969 3512 2427 2933 5944 1359 3027 1756 4228 3845 6646 5515 
1000000 1000000 1000000 1000000 1000000 1000000 1000000 1000000 1000000 1000000 8454 6444 7264 761 2941 6970 5877 7309 8055 6323 4761 8571 9928 1889 4273 7543 0 4304 2551 6290 6710 11356 7851 2933 3261 7912 4114 5395 9929 6531 4243 6190 4251 9252 6966 5458 8949 7553 6496 2537 4331 8903 5939 8434 2892 2803 4641 2198 3856 265 10826 7991 2144 7041 8589 8275 6994 11081 5189 9685 5733 8482 10784 9349 8598 7911 10706 5935 3543 11170 3053 5350 5803 2013 9040 6297 2720 7194 6688 7051 2935 3307 2203 5244 5386 3354 8216 10450 7266 1771 9532 2625 5645 6541 5860 7117 6618 8291 8776 3291 3577 9705 10130 4606 723 4665 1725 9149 2861 8839 7414 11633 7941 1709 4716 10435 7702 9250 10943 9468 5525 9391 9160 8285 3225 4347 3629 6565 5298 4771 7663 1990 5361 7851 6022 8221 7753 11209 10683 2305 6295 5645 5622 6271 8280 9159 7925 5473 2621 6363 9517 8987 11545 6673 6180 9149 3481 8734 2869 10509 
1000000 1000000 1000000 1000000 1000000 1000000 1000000 1000000 1000000 1000000 7465 5624 3862 5026 1618 7697 1577 3362 7433 2502 2080 4546 6957 2734 2411 6709 4304 0 1844 3921 2610 7954 6057 1722 1556 3662 4517 3593 7591 4398 3919 3102 6629 8375 7054 5063 5840 7369 2724 1805 1609 8530 7213 5111 2821 2427 2781 3586 891 4353 7935 8790 2229 5620 4434 5979 2956 7908 1046 5765 6689 4297 7092 7842 5856 7569 7229 6146 2450 8362 5692 1193 1793 3650 5292 7325 1711 2953 4310 2768 6348 4956 2211 954 5763 4851 8212 7055 7537 3849 9058 4958 3883 6676 7393 2828 7193 4576 6938 3303 6457 6379 7984 6116 3639 3479 4424 8365 5253 5074 5047 8342 6428 5586 615 8141 4138 5300 7914 7358 1773 8793 9431 7309 1161 1170 5156 5220 4523 1203 3708 5361 1968 8295 5295 7874 3469 8153 7202 2010 7566 3005 2075 5357 4260 5668 3993 1839 6304 7662 9126 6624 8381 5385 3939 8450 3311 5833 6343 7218 
1000000 1000000 1000000 1000000 1000000 1000000 1000000 1000000 1000000 1000000 7174 5159 4860 3233 440 6669 3411 5121 6966 3799 2415 6035 7734 904 2161 6312 2551 1844 0 4214 4160 9015 6125 507 814 5369 3376 3495 8009 4575 3022 3841 5023 8060 6254 4346 6683 6701 3984 719 2528 7989 5964 6081 1476 1052 2605 1901 1724 2560 8679 7773 408 5464 6039 6328 4743 8823 2646 7173 5526 5932 8340 7821 6468 6980 8332 5243 1630 9063 3983 2806 3254 1915 6566 6168 959 4796 4633 4525 4540 3427 369 2796 4763 3355 7499 8102 6683 2065 8577 3259 3791 5837 6065 4596 6201 5818 7063 2095 4735 7373 8304 4728 1848 2986 2620 8006 3566 6359 5402 9335 6361 3743 2362 8546 5261 6730 8741 7644 3389 8361 8641 7006 694 2317 3683 4999 3940 2649 5133 3536 3391 7400 4759 7299 5224 8999 8308 355 6333 3412 3127 4920 5743 6763 5400 2957 4471 6424 8610 7032 9296 5145 4151 8054 2201 6544 4529 8200 
1000000 1000000 1000000 1000000 1000000 1000000 1000000 1000000 1000000 1000000 3725 2354 1745 6727 3792 5067 4108 6173 3884 2366 1911 3722 3644 4459 2073 3143 6290 3921 4214 0 3075 5183 2148 3707 3419 4192 3218 971 3802 508 2536 1127 5823 4616 4074 2501 2732 4112 2267 4813 5529 4993 5188 2429 3404 3516 1660 4261 4738 6166 4538 5994 4501 1897 4149 2128 5726 4821 3260 4303 4566 4200 4894 3935 2309 4171 4613 3576 2760 4893 5557 3247 2825 4449 3468 5049 4938 5135 420 4016 6631 4435 4397 4055 3531 4278 4936 4311 4581 4751 5425 5022 861 3843 5541 4111 4570 2858 3017 3134 6187 3565 4130 4749 5602 1773 5205 4643 5165 3343 1191 5400 2568 6621 4350 4344 2231 4023 4658 3482 5321 5122 6177 3589 3913 5088 4378 1659 1984 5034 3007 6034 5690 5318 2261 4428 4364 4925 4595 4568 5430 916 2089 2116 3519 3216 3086 2299 6879 5524 5527 2823 5276 1813 182 4759 2949 2457 6690 4308 
1000000 1000000 1000000 1000000 1000000 1000000 1000000 1000000 1000000 1000000 6728 5395 1885 7374 3778 8012 1571 3236 6948 735 2451 1937 4852 4912 3171 6212 6710 2610 4160 3075 0 5524 4997 3806 3495 1342 5435 3456 5880 3555 4680 1954 7991 7586 7092 5297 3745 7179 810 4351 3826 8050 7915 2931 4436 4216 3193 5402 3434 6706 5814 9000 4566 4954 1880 4534 2819 5608 1577 3163 7309 1781 4547 6691 4064 7245 4782 6450 3756 6267 7331 1422 909 5533 2769 7872 4300 2113 3275 943 8214 6345 4509 1973 6263 6203 8008 4662 7603 5804 8451 6636 3614 6816 8208 1038 7500 2121 5679 4618 8076 4068 6368 7149 6000 3907 6383 7638 6883 2550 3765 5959 5502 7724 2572 6407 1892 2695 5704 5840 2979 8135 9251 6605 3502 3411 6431 4731 4706 3112 1134 7341 3450 8355 5229 7500 1376 5913 4753 4431 8211 2469 1382 5140 1651 3293 1419 1391 8292 8309 8564 5014 6068 4887 3208 7768 4516 3910 8237 4880 
1000000 1000000 1000000 1000000 1000000 1000000 1000000 1000000 1000000 1000000 6047 6487 4165 11856 8576 8946 7081 8182 6707 5453 6622 3873 1811 9475 7089 6316 11356 7954 9015 5183 5524 0 4741 8535 8207 5281 8292 6151 3182 5121 7680 5184 10757 6392 7830 7218 2452 7441 5231 9451 9334 7371 9581 2935 8523 8555 6752 9426 8836 11262 1668 9452 9373 5545 4375 3830 7893 795 6929 2768 9013 4585 1306 5048 3062 7209 744 7930 7827 1925 10676 6804 6179 9611 2779 9274 9485 7053 4848 6001 11773 9550 9282 7482 8147 9396 7927 913 8202 9915 7354 10185 5988 7855 9994 6031 8587 3410 4409 8311 11248 1651 3629 9586 10644 6953 10384 6567 10307 2992 4298 523 5148 11803 8055 3275 3821 3155 1253 3751 8471 7033 8842 6062 8509 8905 9447 5819 6897 8631 4406 11215 8949 8693 6705 7256 5651 1164 773 9354 9694 5714 5963 6416 4068 2287 4133 6177 12046 9769 7531 3384 887 5841 5332 6748 8129 2793 11839 883 
1000000 1000000 1000000 1000000 1000000 1000000 1000000 1000000 1000000 1000000 1801 1813 3237 8145 5734 4235 6206 8203 2234 4358 4005 5006 2932 6173 3981 1652 7851 6057 6125 2148 4997 4741 0 5628 5381 5885 4017 2632 2171 1659 3638 3173 6186 2603 3113 2711 2687 2815 4207 6782 7664 3221 4845 3027 5021 5260 3531 5672 6853 7680 3484 4868 6349 899 5561 943 7766 4111 5401 5082 4291 5675 5015 1788 1841 2679 4436 3216 4530 3679 6336 5380 4917 5863 4267 4533 6941 7107 1799 5926 7454 5259 6239 6194 3502 5119 3469 4084 3526 6142 3519 6001 2335 3115 5261 6015 3852 3968 941 4561 6791 3493 2287 4985 7226 3222 6464 2675 6042 4248 1245 4746 551 7786 6497 2624 3540 4987 3772 1633 7459 3188 4607 1714 5936 7226 5077 1327 2616 7181 4573 7117 7835 4112 2122 2832 6133 4027 4431 6471 4954 3058 4212 1818 4900 3629 4534 4432 7811 5028 3652 1414 4465 1266 2118 2821 4371 2193 7537 3910 
1000000 1000000 1000000 1000000 1000000 1000000 1000000 1000000 1000000 1000000 6712 4711 4389 3572 143 6350 3224 5078 6528 3391 1922 5642 7234 1109 1657 5861 2933 1722 507 3707 3806 8535 5628 0 333 5060 3064 2997 7502 4069 2631 3354 4938 7604 5875 3934 6190 6297 3564 1168 2725 7567 5713 5600 1195 761 2103 1866 1855 2908 8177 7455 839 4981 5682 5822 4677 8331 2358 6754 5242 5586 7887 7334 5964 6562 7859 4882 1172 8559 3973 2514 2898 1930 6124 5886 1366 4641 4126 4253 4641 3288 752 2643 4424 3196 7107 7623 6319 2141 8147 3239 3294 5464 5845 4330 5869 5375 6565 1777 4737 6890 7800 4526 2213 2518 2722 7556 3537 5920 4895 8849 5874 3964 2305 8040 4803 6318 8243 7140 3412 7922 8269 6545 623 2442 3515 4520 3499 2711 4732 3673 3485 7049 4319 6880 4943 8502 7835 862 6078 2909 2693 4466 5351 6293 4993 2541 4624 6171 8185 6525 8803 4668 3645 7609 1850 6043 4641 7714 
1000000 1000000 1000000 1000000 1000000 1000000 1000000 1000000 1000000 1000000 6524 4545 4059 3892 377 6310 2992 4915 6370 3064 1602 5317 6920 1418 1400 5687 3261 1556 814 3419 3495 8207 5381 333 0 4763 3050 2751 7220 3798 2548 3029 5073 7422 5782 3816 5869 6177 3235 1404 2739 7425 5731 5273 1268 874 1850 2064 1848 3232 7867 7414 1169 4764 5367 5541 4502 8010 2082 6424 5236 5275 7555 7105 5659 6427 7529 4810 1042 8253 4156 2234 2589 2151 5792 5879 1565 4417 3839 3973 4875 3401 1084 2436 4374 3298 6998 7295 6238 2385 7995 3423 3052 5379 5885 4052 5820 5042 6314 1787 4922 6563 7529 4586 2541 2336 2970 7381 3713 5588 4609 8524 5647 4249 2162 7760 4471 5989 7927 6871 3301 7761 8178 6358 632 2413 3606 4310 3349 2635 4406 3928 3418 6979 4165 6743 4657 8185 7505 1165 6091 2601 2362 4293 5026 5963 4665 2213 4882 6186 8040 6241 8483 4462 3366 7441 1826 5731 4881 7389 
1000000 1000000 1000000 1000000 1000000 1000000 1000000 1000000 1000000 1000000 7672 6545 2650 8602 5016 9228 2222 2908 7975 2025 3792 1413 5064 6169 4512 7257 7912 3662 5369 4192 1342 5281 5885 5060 4763 0 6763 4711 6358 4629 6006 3126 9331 8484 8263 6547 4066 8290 2014 5463 4541 9051 9199 3273 5762 5523 4522 6720 4371 7929 5951 10181 5776 5996 950 5262 2614 5554 2725 2582 8586 751 4109 7458 4610 8315 4551 7688 5091 6409 8669 2564 2196 6845 2570 9132 5369 1773 4307 927 9541 7686 5730 2819 7536 7544 9097 4530 8771 7110 9399 7971 4836 8015 9504 900 8722 2224 6437 5958 9416 4104 6886 8473 7216 5219 7691 8560 8221 2389 4643 5772 6420 9010 3439 6843 2391 2143 5753 6445 3413 9071 10326 7566 4687 4191 7771 5838 5964 3807 1324 8652 3887 9509 6424 8549 370 5917 4521 5610 9484 3723 2721 6303 1269 3319 1441 2730 9605 9581 9526 5611 5972 5984 4346 8703 5858 4370 9561 4815 
1000000 1000000 1000000 1000000 1000000 1000000 1000000 1000000 1000000 1000000 4351 2386 4837 4253 3206 3294 5654 7760 3943 4741 3021 6716 6603 2898 2332 3441 4114 4517 3376 3218 5435 8292 4017 3064 3050 6763 0 2291 6185 3177 760 3835 2638 5139 2958 1379 5863 3489 4781 4081 5779 4833 2697 5645 1900 2333 2242 1968 4894 3898 7361 4399 3359 3133 7020 4668 7318 7824 4613 7470 2187 7012 8105 5314 5256 3826 7778 1917 2067 7625 2387 4715 4717 2132 6655 2829 4333 7034 3478 6233 3495 1268 3261 5238 1402 1118 4224 7459 3345 2345 5454 1985 2359 2529 2894 6329 2827 5994 4879 1289 2975 6727 6281 1717 3627 1579 2525 5037 2044 6511 4003 8439 3981 3779 5129 6638 5344 7147 7575 5642 6289 5294 5304 4184 3657 5463 1163 2693 1429 5668 5866 3102 6452 4039 1977 4142 6803 7843 7763 3614 3051 3151 4057 2259 6466 6432 6029 4095 3814 3147 5454 5338 8245 2758 3045 5041 1224 5500 3568 7410 
1000000 1000000 1000000 1000000 1000000 1000000 1000000 1000000 1000000 1000000 3876 2084 2554 5798 3102 4562 4153 6296 3855 2723 1524 4475 4580 3613 1351 3122 5395 3593 3495 971 3456 6151 2632 2997 2751 4711 2291 0 4567 1136 1580 1618 4922 4786 3693 1842 3699 3883 2700 4151 5168 4962 4494 3384 2505 2676 901 3317 4315 5257 5445 5574 3733 2048 4830 2894 5841 5771 3175 5181 3878 4848 5852 4361 3229 4033 5583 2994 1927 5779 4599 3211 2956 3507 4365 4423 4313 5362 1319 4357 5665 3480 3625 3952 2827 3324 4732 5281 4202 3807 5473 4053 303 3384 4813 4455 4048 3708 3569 2181 5244 4535 4826 3898 4725 803 4245 4773 4201 4222 2020 6358 2907 5658 4112 5091 3060 4866 5589 4162 5191 5202 5976 3718 3319 4749 3440 1629 1253 4778 3668 5065 5500 4965 1828 4327 4820 5857 5565 3844 4774 990 2194 1814 4241 4171 3801 2335 5909 4871 5547 3607 6221 1793 821 4858 1993 3406 5724 5274 
1000000 1000000 1000000 1000000 1000000 1000000 1000000 1000000 1000000 1000000 2950 3946 4003 10265 7590 6003 7343 9076 3648 5421 5692 5125 1625 8179 5853 3410 9929 7591 8009 3802 5880 3182 2171 7502 7220 6358 6185 4567 0 3444 5771 4493 8311 3213 4925 4879 2312 4440 5217 8614 9178 4205 6811 3085 7055 7242 5417 7778 8452 9772 1583 6373 8279 3067 5735 1681 8681 2411 6751 4662 6307 5906 3948 1871 1818 4155 3191 5271 6490 1617 8505 6686 6116 7970 4051 6443 8736 7911 3382 6702 9622 7430 8173 7497 5619 7289 4819 2875 5224 8257 4173 8169 4297 5044 7233 6773 5716 4144 1435 6648 8946 2649 552 7107 9278 5265 8607 3391 8212 4144 2611 2999 2343 9946 7923 550 4040 4774 1973 636 8716 3851 5671 2996 7709 8728 7246 3493 4774 8595 5077 9282 9147 5625 4284 4155 6683 2170 3201 8362 6857 4668 5554 3981 5143 3233 4918 5793 9982 6919 4350 981 2621 3436 3858 3571 6456 1996 9706 2572 
1000000 1000000 1000000 1000000 1000000 1000000 1000000 1000000 1000000 1000000 3219 1950 2084 6924 4164 4698 4616 6676 3394 2857 2355 4056 3481 4743 2415 2657 6531 4398 4575 508 3555 5121 1659 4069 3798 4629 3177 1136 3444 0 2566 1621 5717 4108 3669 2264 2687 3661 2746 5201 6005 4499 4913 2537 3641 3803 1975 4436 5199 6391 4321 5586 4837 1401 4521 1765 6230 4689 3763 4520 4295 4587 4960 3446 2124 3699 4602 3264 3049 4647 5557 3753 3332 4627 3673 4738 5341 5629 361 4497 6653 4431 4730 4559 3286 4276 4473 4282 4170 4925 4923 5071 901 3470 5284 4592 4214 3128 2554 3296 6146 3552 3731 4596 5861 1897 5341 4137 5187 3572 888 5291 2062 6740 4842 3976 2536 4282 4482 3073 5825 4617 5709 3083 4323 5567 4338 1214 1824 5525 3402 6124 6190 4893 1925 3947 4819 4751 4587 4927 5132 1401 2597 1734 3874 3313 3452 2806 6933 5224 5027 2477 5128 1356 459 4253 3105 2336 6719 4239 
1000000 1000000 1000000 1000000 1000000 1000000 1000000 1000000 1000000 1000000 4281 2241 4102 4508 2771 3784 4960 7087 3987 3983 2285 5963 6039 2739 1620 3383 4243 3919 3022 2536 4680 7680 3638 2631 2548 6006 760 1580 5771 2566 0 3083 3388 5131 3245 1335 5235 3680 4022 3740 5281 4979 3350 4961 1601 1980 1488 2047 4388 4058 6845 4882 3093 2802 6261 4179 6641 7252 3918 6741 2792 6252 7428 5111 4682 3966 7137 2263 1511 7137 3022 4011 3979 2236 5934 3418 3973 6322 2835 5490 4100 1901 2986 4579 1846 1745 4480 6827 3693 2508 5577 2506 1695 2835 3588 5587 3285 5260 4548 1011 3666 6086 5925 2469 3662 826 2837 5056 2633 5784 3430 7856 3700 4202 4523 6253 4609 6408 7031 5269 5681 5377 5639 4111 3176 4934 1870 2330 1056 5099 5109 3567 5879 4432 1821 4286 6051 7300 7120 3308 3687 2398 3305 2043 5711 5748 5275 3353 4368 3785 5601 4874 7687 2433 2371 5088 850 4901 4162 6799 
1000000 1000000 1000000 1000000 1000000 1000000 1000000 1000000 1000000 1000000 4831 3446 1099 6728 3402 6103 3033 5061 5009 1240 1439 2882 3931 4302 1971 4269 6190 3102 3841 1127 1954 5184 3173 3354 3029 3126 3835 1618 4493 1621 3083 0 6470 5711 5153 3433 2852 5226 1150 4326 4685 6117 6106 2250 3433 3402 1736 4391 3974 6110 4898 7067 4191 3020 3214 2917 4617 4987 2282 3709 5489 3231 4617 4937 2760 5295 4519 4566 2710 5307 6016 2238 1745 4562 2949 6018 4397 4010 1382 2893 7023 4932 4100 3058 4438 4778 6055 4273 5663 4863 6541 5395 1713 4893 6430 2989 5597 2228 3965 3364 6709 3537 4903 5495 5473 2258 5387 5748 5589 2774 2018 5495 3639 6807 3438 5043 1585 3346 4925 4295 4314 6233 7299 4699 3384 4235 4943 2779 2858 4116 2052 6294 4714 6410 3302 5554 3270 5178 4496 4186 6379 687 1073 3195 2636 2971 2197 1309 7201 6475 6647 3533 5461 2935 1255 5869 3208 2765 7067 4360 
1000000 1000000 1000000 1000000 1000000 1000000 1000000 1000000 1000000 1000000 5849 4375 7473 3910 5063 3264 7987 9986 5218 7323 5543 9350 9003 4201 4824 5049 4251 6629 5023 5823 7991 10757 6186 4938 5073 9331 2638 4922 8311 5717 3388 6470 0 6381 3803 3542 8378 4460 7382 5583 7544 5676 2064 8235 3814 4204 4828 3123 6740 3987 9661 4071 4803 5299 9639 6990 9568 10221 6978 10102 2223 9622 10676 7027 7696 4862 10296 3084 4336 9863 1203 7103 7211 3129 9281 2521 5854 9408 6044 8731 1791 1687 4746 7484 2693 1812 4820 9964 3858 3065 6285 1811 4963 3487 1811 8824 3132 8628 6898 3429 872 9251 8281 1205 4193 4213 2681 6217 1506 9142 6472 10851 5973 2899 7230 8685 7979 9784 9925 7706 8349 6264 5429 5711 5555 7335 1561 4957 3894 7640 8492 2316 8403 4184 4084 5105 9340 10186 10283 5103 2335 5785 6611 4384 9097 9019 8661 6616 2291 2371 6208 7591 10612 4960 5645 6146 3497 7976 1901 9881 
1000000 1000000 1000000 1000000 1000000 1000000 1000000 1000000 1000000 1000000 911 2907 5838 9355 7731 3367 8723 10769 1213 6927 6297 7548 4725 7869 6073 1753 9252 8375 8060 4616 7586 6392 2603 7604 7422 8484 5139 4786 3213 4108 5131 5711 6381 0 2578 3821 4966 1922 6788 8767 9953 1041 4463 5494 6721 7065 5645 7085 9094 9034 4781 3377 8192 2764 8122 3302 10327 5623 7850 7459 4160 8247 7054 1345 4146 1520 6340 3439 6435 4720 6984 7850 7439 7259 6697 4011 8968 9692 4333 8520 8021 6126 8083 8645 3969 6027 1842 6004 2607 7482 990 6916 4493 2918 4856 8610 3296 6502 2190 6142 7180 5608 2823 5266 8743 5090 7628 202 6838 6715 3847 6201 2084 8721 8875 3239 6123 7437 5181 2658 9908 653 2470 1069 8033 9534 5846 3157 4129 9549 7168 8018 10251 2702 3318 1313 8735 5363 6346 8378 4366 5473 6703 3141 7465 5966 7116 6907 8471 4396 1157 3258 5807 2994 4537 369 5978 4487 8123 5732 
1000000 1000000 1000000 1000000 1000000 1000000 1000000 1000000 1000000 1000000 2124 1722 5751 6967 6015 1122 7831 9980 1440 6361 5123 7712 6021 5851 4646 1526 6966 7054 6254 4074 7092 7830 3113 5875 5782 8263 2958 3693 4925 3669 3245 5153 3803 2578 0 1992 5766 658 6299 6972 8499 1964 1947 5965 4796 5205 4314 4905 7606 6729 6444 1921 6286 2469 8188 4054 9526 7159 6826 8037 1583 8255 8118 3350 4937 1061 7549 1044 4741 6540 4456 6878 6648 5056 7192 1535 7210 9052 4018 8017 5463 3704 6184 7574 1586 3631 1267 7197 512 5231 2596 4476 3490 430 2362 8114 797 6743 3504 4175 4608 6597 4759 2705 6547 3579 5271 2416 4358 7130 3993 7790 2683 6239 7634 5188 6186 7864 6781 4289 8768 2511 2396 2014 6413 8131 3399 2463 2546 8254 7068 5539 9020 1273 1870 1323 8422 7018 7544 6524 1940 4644 5885 1960 7540 6654 7119 6027 5924 1997 2562 4450 7469 2341 3917 2353 4055 5281 5567 7016 
