NAME : P131212
TYPE : ATSP
DIMENSION : 170
EDGE_WEIGHT_TYPE : EXPLICIT
EDGE_WEIGHT_FORMAT : FULL_MATRIX
EDGE_WEIGHT_SECTION
1000000 1000000 1000000 1000000 1000000 1000000 1000000 1000000 1000000 1000000 2786 3686 2673 2818 4115 2661 3632 4843 5416 2669 6879 3959 5365 3302 2937 4513 3599 3086 2791 5353 5712 5131 2805 6167 4808 4093 3716 2946 3798 2738 3678 4810 1788 3444 2819 1968 3325 5291 1864 1533 4417 950 3638 3214 4940 6864 3412 3126 4857 4569 4027 3392 5463 4455 4245 4157 1302 2377 3994 4303 5795 4385 2385 5181 1227 4668 6221 5239 3649 4728 4659 3606 3928 4328 3988 4890 3842 4920 3194 4141 1034 5984 2498 6157 5251 5522 5678 2822 1988 3406 2006 6089 4994 4660 6439 4863 1568 3486 3371 5706 846 2652 3772 2088 2171 2453 2654 5261 3375 5970 5586 4463 2142 5951 2802 3735 5278 5889 3743 3402 1431 3206 3404 4241 5317 3500 5460 4471 3267 4289 5085 4821 5171 5425 4621 3098 1035 1885 3774 5134 5303 4406 2850 4160 6995 3219 6341 5123 2739 3448 0 1000000 1000000 1000000 1000000 1000000 1000000 1000000 1000000 1000000 
1000000 1000000 1000000 1000000 1000000 1000000 1000000 1000000 1000000 1000000 741 6954 1391 6027 6617 5946 5492 7648 8634 3342 10004 6801 8416 5264 6255 7024 295 298 841 4590 9028 7388 6049 8967 7945 3351 6575 3203 7082 6014 1303 7298 1897 971 3158 1406 6016 8452 3875 4206 7562 3929 4066 1525 7725 9153 6159 2603 6907 5188 5026 5191 8427 3444 3664 3391 4183 1228 4064 6995 4667 4998 5680 7297 4485 4062 8724 8539 3576 2828 5754 4356 6605 2917 1892 3406 6964 4040 1021 6174 3931 5314 1524 8862 7588 8840 5108 534 3977 4506 2285 9095 5739 7985 8739 6875 4571 5792 2334 5076 2871 5756 5707 4725 4617 2669 3521 8559 4554 8017 8899 7546 5023 7966 2496 632 8553 3825 6943 2479 3262 941 4064 4769 7966 6762 8785 7759 4259 4470 5977 5178 8204 8369 7684 3071 4229 3991 7078 6247 7018 2972 492 6006 9999 5831 8850 3498 5082 5511 1000000 0 1000000 1000000 1000000 1000000 1000000 1000000 1000000 1000000 
1000000 1000000 1000000 1000000 1000000 1000000 1000000 1000000 1000000 1000000 8587 3365 9062 5596 7788 4158 8563 7322 5652 6338 1601 2519 1349 8286 4740 7927 9505 9011 8517 7937 3447 2572 5419 402 2034 7631 6832 6672 3415 4060 10021 2244 7408 9735 6629 7946 7149 6006 5444 6946 5905 5556 9684 8350 7413 9696 3148 9539 3187 10273 9613 4491 1048 10837 7473 7666 6671 8698 10121 7430 8576 5919 4415 2891 5271 10937 8802 3095 6888 9002 5109 5887 2710 10763 8864 8638 5952 11241 9512 3619 6681 8024 8903 8219 2311 3470 7777 8776 5354 5490 8445 766 5666 3915 9400 9006 4894 3646 9812 7870 7270 3818 8541 7037 4689 8838 8780 4793 5396 9606 3346 6214 6624 9648 7261 9863 2761 12333 5554 7754 7631 8723 9397 10083 7957 3455 4089 3131 9113 6534 5411 10635 6623 7073 1963 6925 6185 5324 3619 5011 9703 8417 8823 8854 971 7282 8854 11557 7590 4049 1000000 1000000 0 1000000 1000000 1000000 1000000 1000000 1000000 1000000 
1000000 1000000 1000000 1000000 1000000 1000000 1000000 1000000 1000000 1000000 4640 7597 6187 8202 9915 6999 9375 10507 10458 3169 9342 6227 7842 9059 7847 10303 5052 4941 4512 542 9631 5420 8106 7584 7772 1880 9402 2870 7787 6995 6432 5791 4471 6093 2997 4898 9102 10494 4324 7345 9734 5436 8700 3648 10611 12665 5695 7435 4800 9821 9450 3879 7598 8514 1629 1824 7113 5775 8854 10045 779 2145 6889 5119 6075 9075 11982 9034 2167 2536 2878 2569 5776 8025 3301 1848 9258 9113 6086 4457 6849 187 6205 11833 5682 9492 210 4942 4266 2979 6583 8221 2335 9007 12241 10664 5582 4776 7307 127 6186 6272 9539 7902 4768 7162 7854 9963 3072 11782 9474 9880 7913 11761 3175 5683 8859 8881 9018 2790 6920 4204 8584 9417 11046 7433 9777 8322 8622 1728 2613 9929 10604 10945 7348 2737 6747 4399 7932 3035 11056 2181 4987 9917 8935 9017 12097 8626 8546 4318 1000000 1000000 1000000 0 1000000 1000000 1000000 1000000 1000000 1000000 
1000000 1000000 1000000 1000000 1000000 1000000 1000000 1000000 1000000 1000000 4383 8596 2989 6775 5971 7613 4479 7208 8967 6781 11895 9201 10494 4491 7416 6276 3957 4042 4514 8438 10246 10318 6893 11397 9875 7171 6483 6772 8649 7707 2549 10045 5038 2886 6692 4430 5837 8631 6772 4882 7833 6189 2444 5344 7238 7651 8662 2125 9967 2901 3280 8328 10645 835 7475 7215 5099 3443 2009 6525 8509 8615 7333 10323 6386 1128 7600 9922 7283 6630 9244 7885 9177 1003 5724 7243 7286 750 2913 9223 5025 9163 3065 8033 10461 10057 8951 4074 6902 7916 3256 11234 9350 9107 7322 5504 6818 8650 1936 8922 4408 7838 4679 5045 7324 2819 3029 9261 7936 6401 10160 7667 5503 6321 6128 3336 10062 1131 7475 6269 4043 4776 2716 2649 7206 8438 9764 9259 3102 8177 9549 2595 8101 8055 9762 6712 5518 6851 8543 9750 5241 6821 4025 4741 12125 5609 7715 419 4857 8515 1000000 1000000 1000000 1000000 0 1000000 1000000 1000000 1000000 1000000 
1000000 1000000 1000000 1000000 1000000 1000000 1000000 1000000 1000000 1000000 3101 7335 1611 5663 5262 6330 3831 6469 8025 5393 10623 7834 9180 3743 6227 5618 2855 2818 3231 7198 9095 8911 5761 10039 8579 5894 5601 5404 7402 6421 1471 8649 3646 1732 5318 3048 4956 7728 5359 3698 6883 4803 1856 4092 6517 7347 7280 799 8554 2798 2885 6915 9311 775 6189 5942 3875 2062 1628 5773 7328 7243 6047 8912 5042 1384 7133 8731 5946 5510 7848 6501 7792 455 4571 6076 6306 1374 1671 7811 3760 7926 1665 7461 9057 8903 7696 2798 5488 6517 1870 9916 7973 7962 6973 5073 5442 7242 523 7675 3041 6496 4051 3964 5919 1511 1984 8222 6534 6115 8998 6757 4406 6047 4783 2298 8846 2066 6441 4980 2769 3553 2019 2412 6585 7168 8663 8034 2371 6832 8165 2671 7273 7297 8442 5361 4241 5438 7314 8355 4991 5624 2754 4221 10814 4730 7256 1249 3932 7103 1000000 1000000 1000000 1000000 1000000 0 1000000 1000000 1000000 1000000 
1000000 1000000 1000000 1000000 1000000 1000000 1000000 1000000 1000000 1000000 5311 6985 6776 7927 9845 6539 9499 10293 9981 3241 8357 5430 6935 9170 7451 10212 5882 5674 5181 1623 8901 4357 7808 6524 6958 2562 9227 3073 7177 6517 7184 4806 4854 6833 3185 5381 9011 10069 4137 7385 9373 5297 9102 4380 10400 12571 4983 7966 3759 10187 9748 3235 6649 9146 2246 2529 7121 6335 9315 9900 2084 1556 6478 4032 5857 9653 11830 8305 2445 3625 1923 2281 4960 8708 4225 2952 8951 9738 6781 3566 6879 1254 6758 11605 4615 8778 1153 5621 4046 2578 6998 7234 1322 8401 12154 10711 5284 4039 7905 1246 6393 5748 9640 7909 4380 7590 8191 9404 2646 11788 8743 9554 7844 11777 3607 6504 8095 9724 8668 3432 7134 4964 8948 9801 10872 6840 9128 7645 8930 1610 1528 10344 10265 10640 6522 3050 6686 4178 7348 1913 11170 3147 5671 10027 7886 8958 11939 9371 8589 3611 1000000 1000000 1000000 1000000 1000000 1000000 0 1000000 1000000 1000000 
1000000 1000000 1000000 1000000 1000000 1000000 1000000 1000000 1000000 1000000 7837 1692 7979 3794 5863 2693 6779 5313 3628 6036 1608 2159 813 6530 2980 5968 8739 8223 7795 8204 1553 3467 3627 2095 621 7570 4907 6418 1655 2604 8987 2868 6653 8746 6340 7093 5292 3974 4885 5427 3891 4571 8130 7836 5401 7666 2741 8226 3927 8584 7917 4530 1235 9455 7491 7618 5192 7679 8587 5467 8837 6239 2977 3812 4083 9457 6772 1088 6825 8822 5627 5948 2609 9472 8473 8602 3989 9791 8499 3984 5268 8464 7801 6185 3279 1520 8176 7966 4837 5516 7214 1291 6227 1885 7377 7082 3929 3615 8557 8258 6056 2745 6730 5398 4125 7512 7300 2774 5416 7616 1419 4202 4953 7663 6865 8986 756 11083 3599 7448 6258 8093 7834 8442 5941 1853 2107 1168 7514 6732 6041 8967 4590 5040 1036 6681 4781 4759 1801 5713 7787 8280 8006 7013 1980 5449 6823 10247 5866 4077 1000000 1000000 1000000 1000000 1000000 1000000 1000000 0 1000000 1000000 
1000000 1000000 1000000 1000000 1000000 1000000 1000000 1000000 1000000 1000000 5033 7544 6562 8286 10080 7006 9608 10620 10467 3343 9122 6088 7657 9286 7883 10461 5491 5353 4903 989 9532 5152 8181 7322 7631 2240 9527 3085 7735 6995 6854 5563 4771 6511 3210 5234 9257 10524 4419 7543 9789 5559 9024 4053 10725 12826 5592 7796 4541 10135 9742 3789 7393 8907 1957 2191 7299 6139 9196 10183 1279 2032 6915 4837 6172 9454 12120 8934 2390 3027 2641 2591 5628 8432 3757 2339 9332 9505 6492 4267 7042 397 6569 11942 5413 9399 451 5339 4348 2970 6905 7998 2061 8960 12404 10873 5645 4656 7687 505 6437 6250 9764 8090 4790 7490 8155 9938 3055 11978 9374 9949 8073 11960 3477 6122 8743 9331 9075 3157 7177 4621 8895 9737 11175 7387 9713 8243 8915 1772 2314 10259 10669 11024 7200 2989 6906 4482 7891 2723 11289 2639 5385 10146 8681 9184 12234 9051 8749 4206 1000000 1000000 1000000 1000000 1000000 1000000 1000000 1000000 0 1000000 
1000000 1000000 1000000 1000000 1000000 1000000 1000000 1000000 1000000 1000000 4175 4921 5386 5793 7758 4411 7522 8163 7865 1597 6726 3531 5181 7188 5315 8116 4970 4607 4058 2522 6929 3006 5672 5082 5075 2218 7108 1687 5113 4394 6032 3237 3338 5680 1733 3947 6921 7940 2081 5382 7236 3228 7383 3490 8270 10467 2991 6437 2398 8409 7910 1175 4969 7720 2016 2242 5100 4933 7659 7788 3161 597 4342 2779 3745 8135 9711 6331 1534 3624 874 541 3090 7372 3734 3181 6813 8284 5557 1862 4879 2800 5318 9472 3261 6792 2501 4465 1973 507 5361 5617 1082 6337 10053 8675 3155 2075 6474 2579 4554 3636 7646 5877 2242 5945 6424 7318 542 9726 6771 7416 5772 9720 2398 5520 6154 8624 6530 2625 5276 4029 7192 8048 8749 4765 7092 5627 7118 1064 1203 8614 8127 8501 4654 1848 4632 2099 5269 1378 9172 3027 4518 8036 6391 6881 9818 8110 6571 1615 1000000 1000000 1000000 1000000 1000000 1000000 1000000 1000000 1000000 0 
1000000 1000000 1000000 1000000 1000000 1000000 1000000 1000000 1000000 1000000 0 6329 1567 5568 6390 5337 5393 7348 8178 2612 9322 6091 7725 5133 5718 6801 919 445 131 4099 8434 6648 5572 8245 7273 2796 6247 2496 6466 5399 1891 6563 1191 1536 2442 821 5728 8026 3148 3863 7140 3286 4215 1000 7432 9014 5444 2836 6167 5352 5100 4451 7723 3876 3096 2843 3791 1205 4293 6722 4261 4315 5079 6557 3882 4439 8523 7928 2923 2559 5045 3648 5882 3406 1616 3038 6548 4474 1471 5434 3522 4827 1619 8603 6849 8248 4596 310 3247 3780 2210 8395 5057 7418 8594 6776 3910 5056 2670 4575 2482 5093 5597 4415 3899 2710 3522 8046 3825 7927 8300 7150 4660 7884 1800 1361 7925 4477 6492 1887 3007 554 4160 4935 7716 6136 8228 7142 4293 3821 5286 5398 7830 8029 6998 2385 3755 3266 6476 5542 6991 2560 361 5926 9296 5560 8649 4062 4855 4771 2786 741 8587 4640 4383 3101 5311 7837 5033 4175 
1000000 1000000 1000000 1000000 1000000 1000000 1000000 1000000 1000000 1000000 6329 0 6339 2233 4465 1028 5203 4177 3092 4860 3300 1828 2037 4933 1376 4644 7209 6690 6301 7325 2162 3625 2055 3249 1354 6481 3521 5252 193 949 7354 3006 5169 7129 5155 5552 3792 3283 3612 3738 2845 3046 6452 6451 4279 6631 2037 6539 3851 6952 6286 3762 2326 7763 6461 6536 3500 6063 6906 4161 7930 5513 1310 3908 2476 7769 5751 1612 5770 7612 5115 5041 2254 7785 7143 7493 2720 8102 6877 3585 3579 7707 6157 5277 3544 1991 7400 6429 3599 4621 5543 2765 5697 1418 6288 5675 2462 2966 6876 7470 4397 1378 5178 3735 2931 5825 5610 2428 4526 6362 2015 3125 3301 6396 5583 7408 1599 9399 2323 6201 4570 6639 6158 6789 4829 195 2183 821 5845 5876 5582 7326 3703 4147 1436 5507 3094 3494 393 5345 6363 7114 6465 5490 3598 3919 5826 8558 4246 3376 3686 6954 3365 7597 8596 7335 6985 1692 7544 4921 
1000000 1000000 1000000 1000000 1000000 1000000 1000000 1000000 1000000 1000000 1567 6339 0 5051 5334 5312 4135 6423 7608 3792 9551 6549 8027 3926 5428 5735 1656 1399 1690 5648 8290 7460 5104 8762 7479 4323 5394 3794 6439 5394 1020 7253 2050 865 3710 1442 4799 7382 3869 3105 6496 3508 2693 2565 6494 7800 5952 1271 7063 3824 3637 5388 8106 2374 4609 4373 3159 454 2734 5751 5827 5634 5031 7433 3899 2892 7409 7854 4340 4098 6255 4897 6446 1986 3146 4602 5895 2963 602 6316 2950 6374 195 7590 7625 8098 6132 1290 3994 4929 1002 8745 6366 7193 7391 5512 4173 5797 1131 6116 1960 5312 4354 3561 4499 1286 2140 7638 4951 6646 8174 6441 3919 6594 3176 1377 7918 3352 5932 3406 2097 2081 2676 3405 6692 6157 7959 7104 2870 5223 6562 3845 7061 7183 7283 3752 3349 3961 6393 6761 5632 4127 1258 4638 9653 4599 7535 2735 3818 5613 2673 1391 9062 6187 2989 1611 6776 7979 6562 5386 
1000000 1000000 1000000 1000000 1000000 1000000 1000000 1000000 1000000 1000000 5568 2233 5051 0 2299 1698 2988 2381 2611 5082 5355 3747 4261 2737 860 2547 6315 5821 5586 7811 3476 5507 181 5477 3573 6682 1421 5440 2189 1777 6050 4946 4603 5910 5317 4749 1567 2474 3879 1987 1608 2798 4455 6027 2489 4774 3618 4876 5555 4803 4136 4815 4558 5947 6769 6745 1892 4909 4922 2116 8334 6372 1596 5723 2131 5831 3961 3200 6101 7495 6277 5701 4041 6089 6798 7581 1065 6193 5645 5063 2113 8349 4857 3680 5492 3288 8033 5561 3941 5355 4097 4975 6780 2338 4383 3481 2647 4325 5279 8081 3165 2485 2951 1731 3552 4193 3749 2594 5283 4279 3397 1695 1273 4300 5490 6331 3391 7700 926 6118 2992 6016 4158 4687 2993 2160 3002 2646 3808 6516 6757 5193 2421 2744 3660 5650 1813 3807 2004 6638 4154 7120 5581 3258 5766 1687 4061 6809 2086 4587 2818 6027 5596 8202 6775 5663 7927 3794 8286 5793 
1000000 1000000 1000000 1000000 1000000 1000000 1000000 1000000 1000000 1000000 6390 4465 5334 2299 0 3991 1493 1237 3212 6748 7315 6045 6440 1520 3135 412 6909 6498 6453 9464 5113 7796 2476 7705 5754 8206 958 7051 4385 4073 6170 7242 5750 6161 6924 5649 839 2810 5709 2623 2208 4549 3542 7116 1269 2751 5892 4611 7815 3332 2755 6906 6772 5237 8359 8270 2815 5390 3963 572 9909 8303 3859 8002 4024 4870 2140 5045 7750 8725 8350 7567 6331 5591 7886 8966 1895 5262 5914 7280 3090 10079 5157 2258 7788 4956 9769 6272 5801 7280 4349 7117 8803 4099 2327 1221 4646 6534 5061 9802 3970 4749 1303 2047 5582 4122 3342 3766 7223 2010 5090 1942 2007 2021 6902 6710 5313 7054 2270 7479 3384 6921 3297 3408 1360 4421 4458 4698 2917 8324 8821 3742 2179 2085 5899 7212 3175 5670 4173 8753 1924 8472 6273 1369 7835 899 2265 6144 1538 6743 4115 6617 7788 9915 5971 5262 9845 5863 10080 7758 
1000000 1000000 1000000 1000000 1000000 1000000 1000000 1000000 1000000 1000000 5337 1028 5312 1698 3991 0 4479 3991 3462 4075 4293 2064 2905 4182 960 4245 6205 5687 5315 6676 3101 3809 1527 3973 2265 5717 3115 4464 1139 99 6327 3253 4194 6103 4357 4549 3221 3531 2805 2799 2867 2072 5536 5517 4098 6432 1930 5537 3871 6122 5465 3323 3114 6782 5735 5775 2539 5037 5981 3805 7255 5007 285 4027 1462 6822 5591 2594 5041 6763 4766 4433 2344 6782 6232 6704 2534 7143 5851 3422 2588 7126 5130 5226 3798 2917 6813 5424 2818 4038 4523 3648 5311 2153 6053 5152 1557 2703 5864 6874 3372 831 4488 2885 2233 4823 4658 2997 3952 5977 2965 3083 2489 5998 4716 6389 2618 8392 2193 5346 3574 5669 5246 5925 4629 847 2972 1815 4956 5274 5247 6479 3766 4171 2201 4709 2096 2698 1142 5079 5805 6296 5459 4833 4523 3301 5682 7560 3472 3023 2661 5946 4158 6999 7613 6330 6539 2693 7006 4411 
1000000 1000000 1000000 1000000 1000000 1000000 1000000 1000000 1000000 1000000 5393 5203 4135 2988 1493 4479 0 2730 4611 6281 8324 6508 7239 336 3830 1807 5774 5421 5476 8885 6281 8132 3160 8419 6553 7565 2139 6524 5173 4574 4868 7645 4981 4908 6399 4741 1558 4236 5445 2145 3524 4330 2058 6233 2759 3665 6211 3241 8036 1917 1291 6853 7518 3754 7763 7628 2439 4280 2472 2053 9259 8012 4270 8283 3995 3377 3326 6110 7223 7870 8223 7237 6703 4134 6971 8203 3066 3769 4679 7410 2645 9550 3978 3631 8171 6107 9253 5223 5559 7020 3216 7959 8600 5187 3258 1386 4635 6675 3686 9272 3198 5096 224 1717 5526 2861 2019 5056 6981 2536 6233 3305 2013 2492 6236 5490 6335 5567 3361 6751 2483 5943 1828 1935 2763 5109 5682 5623 1461 7913 8669 2328 3650 3578 6608 6640 2952 5439 4992 8673 1682 7701 5214 545 8754 1360 3451 4659 1031 6788 3632 5492 8563 9375 4479 3831 9499 6779 9608 7522 
1000000 1000000 1000000 1000000 1000000 1000000 1000000 1000000 1000000 1000000 7348 4177 6423 2381 1237 3991 2730 0 2153 7351 6626 5931 5988 2740 3037 989 7942 7502 7397 10091 4305 7735 2520 7301 5330 8898 1128 7687 4052 4052 7307 7138 6583 7270 7561 6569 1632 1720 6202 3489 1423 5072 4775 7991 109 2461 5913 5793 7852 4540 3984 7195 6362 6469 9017 8962 3601 6432 5200 696 10583 8737 3944 7982 4450 6106 1602 4363 8371 9558 8657 8048 6287 6811 8768 9731 1475 6498 7016 7408 3882 10661 6239 1327 7685 4175 10346 7263 6275 7716 5425 6601 9159 3443 2111 2120 5010 6679 6242 10389 4874 4813 2537 2935 5927 5262 4520 2855 7647 2326 4315 1112 2722 2383 7637 7796 4668 8288 1861 8244 4386 7859 4526 4638 653 4187 3606 4194 4144 8849 9137 4947 1013 849 5557 7876 3823 6141 3823 9014 2789 9249 7269 2559 7226 1825 1692 7377 2614 6959 4843 7648 7322 10507 7208 6469 10293 5313 10620 8163 
1000000 1000000 1000000 1000000 1000000 1000000 1000000 1000000 1000000 1000000 8178 3092 7608 2611 3212 3462 4611 2153 0 7464 4691 4900 4406 4515 2642 3093 8922 8431 8195 10123 2321 6660 2612 5719 3844 9102 2494 7844 2910 3473 8586 6029 7191 8472 7728 7359 3133 439 6203 4504 1143 5253 6533 8608 2200 4166 5115 7271 6933 6515 5901 6749 4819 8174 9148 9163 4467 7497 6989 2653 10689 8462 3575 6963 4560 7918 3291 2558 8460 10025 8158 7894 5341 8419 9371 10051 1727 8304 8207 6670 4707 10587 7414 2632 6546 2235 10273 8171 6235 7500 6628 4892 8725 1826 3941 4261 4921 6023 7701 10334 5765 4233 4459 4097 5691 6635 6045 862 7413 4405 2374 1310 3697 4472 7989 8917 2892 9985 1691 8624 5516 8620 6253 6541 2639 3198 1611 2713 5869 8734 8632 6927 1169 1553 4185 8075 4423 6108 2702 8417 4940 9612 8191 4579 5371 3361 3317 9074 4119 6404 5416 8634 5652 10458 8967 8025 9981 3628 10467 7865 
1000000 1000000 1000000 1000000 1000000 1000000 1000000 1000000 1000000 1000000 2612 4860 3792 5082 6748 4075 6281 7351 7464 0 7334 3995 5718 5956 4823 7135 3454 3052 2503 2741 7009 4144 5001 5963 5423 1643 6240 393 5037 4094 4444 4167 1748 4095 305 2351 5933 7452 1271 4201 6651 2289 5898 2068 7454 9498 3345 4871 3615 6964 6510 1924 5614 6136 1691 1703 3957 3338 6142 6878 3253 1878 3910 4011 2955 6571 8814 6433 1021 2787 2470 1111 3666 5778 2527 2637 6146 6707 3964 2911 3699 3331 3729 8677 4368 6845 3021 2891 1265 1169 3826 6295 2591 6202 9075 7531 2546 2693 4888 3055 3152 3483 6431 4748 1941 4416 4966 7069 1213 8635 6857 6774 4745 8618 941 3970 6332 7034 5935 1430 3894 2543 5729 6585 7881 4674 7011 5658 5696 1637 2773 7139 7500 7821 5060 650 3579 1379 5134 2975 7959 2261 2945 6815 7155 5851 8930 6514 5407 2316 2669 3342 6338 3169 6781 5393 3241 6036 3343 1597 
1000000 1000000 1000000 1000000 1000000 1000000 1000000 1000000 1000000 1000000 9322 3300 9551 5355 7315 4293 8324 6626 4691 7334 0 3340 1620 8088 4566 7375 10234 9722 9272 9238 2371 4017 5195 1940 2073 8772 6370 7699 3258 4202 10552 3559 8132 10300 7636 8605 6807 5097 6273 7034 5219 6098 9731 9239 6703 8851 3992 9830 4600 10157 9490 5635 1759 11062 8653 8814 6799 9237 10189 6874 9879 7222 4577 4358 5653 11063 7968 2277 8021 10091 6482 7069 3697 11075 9832 9800 5421 11398 10058 4891 6875 9397 9375 7323 3770 2470 9132 9471 6207 6649 8808 1124 7064 3221 8605 8523 5441 4725 10155 9221 7643 4261 8261 6993 5499 9115 8907 3847 6550 8951 2329 5528 6544 9006 8213 10514 2004 12684 5051 8763 7864 9540 9435 10027 7219 3459 3083 2710 9110 7790 6831 10545 5787 6216 2326 7961 6386 6147 3391 6451 9231 9525 9513 8525 791 6978 8001 11852 7438 5174 6879 10004 1601 9342 11895 10623 8357 1608 9122 6726 
1000000 1000000 1000000 1000000 1000000 1000000 1000000 1000000 1000000 1000000 6091 1828 6549 3747 6045 2064 6508 5931 4900 3995 3340 0 1725 6200 2933 6282 7010 6510 6028 6046 3477 1809 3570 2214 1546 5459 5147 4361 1999 1977 7503 1209 4906 7217 4297 5432 5284 5108 2972 4652 4652 3049 7353 5925 6036 8391 658 7077 2033 8058 7416 2375 1642 8394 5361 5504 4355 6181 7771 5825 6681 4084 2243 2081 2836 8543 7524 2885 4709 6757 3510 3801 475 8286 6498 6492 4456 8826 6994 1883 4316 6310 6393 7082 1757 3364 6020 6271 2894 3371 5965 2322 4110 3134 8030 7215 2395 1457 7329 6102 4796 1439 6532 4854 2201 6387 6411 4180 3271 8016 3320 4919 4498 8041 4879 7352 2666 9839 4074 5424 5220 6260 7077 7821 6582 1767 3771 2289 6829 4575 3947 8392 5523 5963 1125 4623 3834 2847 2219 3655 7869 6197 6317 6884 3212 5363 7605 9082 5487 1919 3959 6801 2519 6227 9201 7834 5430 2159 6088 3531 
1000000 1000000 1000000 1000000 1000000 1000000 1000000 1000000 1000000 1000000 7725 2037 8027 4261 6440 2905 7239 5988 4406 5718 1620 1725 0 6969 3410 6580 8640 8131 7671 7702 2362 2729 4086 1324 689 7176 5484 6086 2074 2808 9015 2162 6535 8751 6021 7024 5808 4734 4657 5703 4576 4539 8438 7622 6081 8382 2374 8396 3234 8980 8316 4058 422 9667 7068 7220 5442 7694 8885 6083 8342 5703 3176 3077 4151 9725 7488 1894 6425 8482 5024 5494 2107 9634 8213 8207 4606 10042 8515 3392 5479 7910 7857 6923 2522 2333 7633 7883 4589 5068 7335 744 5619 2618 8076 7658 3875 3140 8696 7719 6160 2715 7211 5752 3882 7685 7561 3560 4968 8262 2231 4883 5327 8304 6594 8940 1566 11228 4207 7146 6452 7930 8147 8806 6627 2145 2914 1795 7849 6241 5412 9350 5322 5774 745 6348 4983 4531 2273 5061 8355 7920 7926 7517 1635 5945 7544 10421 6281 3597 5365 8416 1349 7842 10494 9180 6935 813 7657 5181 
1000000 1000000 1000000 1000000 1000000 1000000 1000000 1000000 1000000 1000000 5133 4933 3926 2737 1520 4182 336 2740 4515 5956 8088 6200 6969 0 3566 1881 5550 5180 5212 8571 6090 7811 2904 8134 6286 7256 2022 6203 4911 4278 4702 7329 4682 4721 6078 4461 1400 4158 5111 1810 3403 3995 2048 5954 2782 3891 5891 3106 7708 2089 1431 6518 7240 3734 7450 7319 2104 4044 2489 2048 8953 7680 3966 7959 3664 3413 3491 5894 6903 7589 7888 6905 6387 4073 6699 7909 2911 3802 4484 7079 2311 9233 3761 3738 7854 5913 8934 4974 5224 6687 2980 7694 8266 4983 3476 1651 4303 6345 3556 8955 2890 4782 482 1388 5191 2669 1850 4911 6647 2803 6036 3206 1702 2765 5927 5292 6110 5555 3179 6450 2187 5681 1789 2043 2851 4832 5511 5382 1405 7586 8334 2492 3610 3580 6328 6323 2618 5105 4736 8338 2004 7408 4968 860 8500 1182 3617 4642 714 6455 3302 5264 8286 9059 4491 3743 9170 6530 9286 7188 
1000000 1000000 1000000 1000000 1000000 1000000 1000000 1000000 1000000 1000000 5718 1376 5428 860 3135 960 3830 3037 2642 4823 4566 2933 3410 3566 0 3353 6532 6021 5717 7496 2879 4720 681 4617 2723 6460 2217 5202 1345 1016 6446 4141 4651 6266 5087 4903 2426 2647 3564 2538 1925 2629 5175 6042 3144 5487 2876 5430 4816 5606 4939 4257 3700 6582 6508 6521 2355 5223 5637 2892 8054 5907 974 4955 1937 6526 4638 2509 5822 7406 5710 5296 3261 6667 6792 7413 1575 6875 6004 4381 2505 7982 5237 4266 4689 2687 7666 5757 3601 4917 4535 4130 6245 1765 5114 4331 2283 3662 5804 7723 3476 1790 3803 2431 3093 4724 4393 2341 4835 5085 2776 2129 1979 5112 5362 6628 2653 8287 1236 5998 3475 6114 4878 5464 3680 1300 2539 1865 4547 6131 6191 5988 2822 3218 2800 5433 2080 3472 1179 6032 5009 6979 5784 4116 4938 2546 4728 7416 2890 3975 2937 6255 4740 7847 7416 6227 7451 2980 7883 5315 
1000000 1000000 1000000 1000000 1000000 1000000 1000000 1000000 1000000 1000000 6801 4644 5735 2547 412 4245 1807 989 3093 7135 7375 6282 6580 1881 3353 0 7316 6907 6864 9856 5119 8053 2719 7864 5900 8605 1137 7442 4551 4323 6560 7486 6159 6557 7315 6060 1205 2671 6077 3029 2186 4919 3864 7527 990 2365 6163 4985 8096 3561 3023 7241 6926 5561 8754 8669 3215 5797 4272 503 10307 8667 4134 8270 4374 5163 1730 5099 8141 9135 8690 7937 6588 5935 8297 9371 1980 5555 6312 7581 3491 10466 5559 1865 8034 4972 10155 6682 6167 7643 4753 7238 9153 4156 1944 1179 4988 6837 5434 10190 4380 5026 1599 2453 5924 4514 3721 3721 7584 1734 5109 1892 2391 1760 7304 7111 5382 7371 2375 7883 3795 7333 3632 3676 972 4615 4442 4812 3258 8702 9164 3965 1990 1823 6071 7607 3558 6035 4331 9085 1879 8878 6683 1579 7926 1295 1854 6465 1948 7062 4513 7024 7927 10303 6276 5618 10212 5968 10461 8116 
1000000 1000000 1000000 1000000 1000000 1000000 1000000 1000000 1000000 1000000 919 7209 1656 6315 6909 6205 5774 7942 8922 3454 10234 7010 8640 5550 6532 7316 0 519 992 4516 9293 7541 6334 9162 8180 3321 6869 3285 7340 6271 1421 7471 2107 1123 3250 1658 6310 8743 4064 4500 7854 4175 4310 1527 8019 9436 6363 2836 7046 5424 5282 5332 8641 3602 3637 3356 4475 1519 4288 7289 4554 5045 5942 7438 4745 4238 9013 8799 3606 2679 5828 4432 6799 3054 1770 3287 7255 4193 1228 6320 4221 5235 1799 9154 7747 9105 5042 782 4162 4607 2572 9312 5783 8257 9024 7156 4810 5964 2541 5005 3161 5995 5990 5020 4817 2940 3794 8841 4661 8295 9163 7838 5316 8244 2573 632 8807 3847 7232 2482 3556 950 4319 5007 8259 7017 9059 8017 4524 4492 6030 5400 8497 8663 7911 3133 4513 4183 7340 6315 7288 2877 750 6285 10214 6125 9140 3588 5374 5667 3599 295 9505 5052 3957 2855 5882 8739 5491 4970 
1000000 1000000 1000000 1000000 1000000 1000000 1000000 1000000 1000000 1000000 445 6690 1399 5821 6498 5687 5421 7502 8431 3052 9722 6510 8131 5180 6021 6907 519 0 551 4400 8775 7091 5836 8673 7666 3133 6417 2923 6822 5753 1511 7001 1605 1161 2875 1139 5873 8260 3579 4038 7371 3657 4091 1303 7582 9070 5867 2655 6611 5222 5023 4895 8138 3589 3441 3175 3998 1143 4122 6859 4510 4730 5424 7001 4227 4184 8617 8280 3319 2717 5475 4077 6310 3086 1767 3260 6774 4187 1150 5878 3738 5127 1500 8733 7291 8588 4910 265 3681 4218 2206 8807 5472 7742 8654 6806 4294 5495 2429 4882 2680 5479 5632 4571 4324 2641 3483 8335 4265 7953 8645 7364 4850 7905 2220 918 8289 4073 6741 2243 3123 738 4066 4803 7840 6498 8545 7498 4237 4216 5706 5235 8031 8209 7400 2800 4014 3696 6822 5970 6978 2807 241 5943 9711 5694 8743 3704 4960 5213 3086 298 9011 4941 4042 2818 5674 8223 5353 4607 
1000000 1000000 1000000 1000000 1000000 1000000 1000000 1000000 1000000 1000000 131 6301 1690 5586 6453 5315 5476 7397 8195 2503 9272 6028 7671 5212 5717 6864 992 551 0 3971 8414 6556 5586 8173 7227 2666 6292 2376 6441 5375 2019 6480 1143 1664 2326 841 5780 8049 3075 3910 7165 3256 4327 875 7482 9088 5379 2958 6069 5465 5205 4353 7662 4005 2966 2713 3828 1318 4412 6776 4137 4192 5061 6460 3864 4567 8588 7903 2795 2451 4927 3529 5811 3536 1514 2918 6575 4603 1601 5339 3556 4698 1737 8658 6760 8229 4466 441 3171 3668 2306 8335 4934 7407 8667 6858 3871 4973 2797 4445 2525 5051 5679 4466 3831 2816 3621 8049 3715 8009 8279 7180 4701 7967 1678 1468 7895 4602 6511 1757 3073 471 4267 5048 7774 6108 8219 7116 4395 3693 5164 5515 7865 8070 6946 2261 3774 3195 6455 5423 7082 2438 491 6011 9235 5616 8713 4192 4920 4680 2791 841 8517 4512 4514 3231 5181 7795 4903 4058 
1000000 1000000 1000000 1000000 1000000 1000000 1000000 1000000 1000000 1000000 4099 7325 5648 7811 9464 6676 8885 10091 10123 2741 9238 6046 7702 8571 7496 9856 4516 4400 3971 0 9398 5392 7723 7536 7587 1351 8979 2415 7514 6678 5892 5712 3955 5553 2542 4369 8658 10141 3944 6877 9363 5026 8171 3107 10194 12214 5484 6898 4768 9295 8933 3675 7483 7973 1123 1293 6654 5237 8320 9612 642 2021 6549 5111 5681 8535 11546 8803 1722 2047 2858 2288 5611 7484 2772 1360 8872 8571 5545 4350 6386 728 5667 11417 5655 9252 540 4401 3898 2715 6057 8123 2380 8725 11789 10186 5218 4590 6766 491 5691 5978 9052 7440 4446 6633 7334 9659 2813 11311 9241 9498 7469 11287 2663 5148 8643 8351 8646 2255 6421 3664 8059 8890 10617 7155 9508 8072 8104 1473 2677 9398 10223 10554 7171 2258 6306 4028 7647 3099 10565 1652 4445 9428 8871 8566 11663 8087 8073 4128 5353 4590 7937 542 8438 7198 1623 8204 989 2522 
1000000 1000000 1000000 1000000 1000000 1000000 1000000 1000000 1000000 1000000 8434 2162 8290 3476 5113 3101 6281 4305 2321 7009 2371 3477 2362 6090 2879 5119 9293 8775 8414 9398 0 4982 3354 3586 2015 8618 4204 7401 1998 3045 9309 4367 7294 9115 7307 7639 4725 2729 5771 5398 2935 5171 7924 8602 4376 6482 3941 8299 5401 8178 7520 5755 2781 9416 8583 8671 5231 8060 8392 4625 10016 7506 3355 5321 4553 9305 5601 598 7895 9771 6985 7112 3951 9531 9302 9637 3242 9668 8856 5359 5384 9729 8100 4952 4808 193 9429 8512 5753 6683 7412 2683 7584 1139 6242 6290 4615 4877 8680 9505 6331 3531 6184 5205 5072 7598 7218 1480 6585 6627 159 3234 4746 6686 7744 9444 837 11149 2921 8361 6353 8770 7628 8109 4876 2354 714 1351 7270 7932 7423 8582 3427 3850 2447 7659 4947 5651 1960 7125 6995 9267 8544 6402 3063 4923 5632 10268 5511 5326 5712 9028 3447 9631 10246 9095 8901 1553 9532 6929 
1000000 1000000 1000000 1000000 1000000 1000000 1000000 1000000 1000000 1000000 6648 3625 7460 5507 7796 3809 8132 7735 6660 4144 4017 1809 2729 7811 4720 8053 7541 7091 6556 5392 4982 0 5334 2171 2972 5215 6920 4419 3787 3731 8316 633 5549 7992 4405 6150 7011 6892 3595 6138 6459 4183 8725 6212 7840 10194 1926 8212 624 9541 8927 2222 2377 9551 5022 5243 5829 7041 9108 7606 6027 3387 3943 350 4223 9798 9330 4429 4499 6616 2545 3472 1466 9350 6614 6187 6260 10040 7806 1235 5731 5454 7333 8890 264 4909 5211 6888 3474 3121 7070 2902 3095 4856 9829 8940 3637 1669 8390 5305 5968 3063 8178 6431 2994 7569 7750 5899 3037 9785 4834 6727 6125 9806 5083 7995 4147 10812 5880 5484 6522 6669 8469 9264 8384 3574 5403 3976 8267 4029 2841 9845 7327 7769 2554 4651 5289 3500 4013 2445 9574 6020 6939 8546 3531 7069 9412 10140 7101 1879 5131 7388 2572 5420 10318 8911 4357 3467 5152 3006 
1000000 1000000 1000000 1000000 1000000 1000000 1000000 1000000 1000000 1000000 5572 2055 5104 181 2476 1527 3160 2520 2612 5001 5195 3570 4086 2904 681 2719 6334 5836 5586 7723 3354 5334 0 5298 3398 6611 1589 5363 2015 1604 6110 4771 4583 5960 5242 4752 1747 2504 3784 2071 1659 2725 4592 6003 2628 4929 3451 4971 5389 4962 4295 4678 4380 6063 6690 6673 1952 4948 5057 2281 8253 6254 1436 5553 2046 5962 4108 3058 6017 7451 6140 5593 3869 6191 6770 7521 1153 6321 5695 4906 2157 8251 4910 3807 5317 3165 7934 5574 3841 5241 4162 4801 6650 2215 4542 3661 2537 4171 5367 7985 3197 2322 3126 1855 3430 4281 3865 2535 5167 4452 3270 1776 1395 4474 5435 6368 3241 7806 953 6066 3065 6009 4294 4839 3141 1980 2904 2486 3949 6413 6621 5350 2501 2843 3481 5578 1822 3708 1834 6495 4334 7065 5596 3436 5597 1866 4206 6919 2244 4441 2805 6049 5419 8106 6893 5761 7808 3627 8181 5672 
1000000 1000000 1000000 1000000 1000000 1000000 1000000 1000000 1000000 1000000 8245 3249 8762 5477 7705 3973 8419 7301 5719 5963 1940 2214 1324 8134 4617 7864 9162 8673 8173 7536 3586 2171 5298 0 1973 7239 6755 6293 3321 3875 9710 1848 7072 9419 6253 7619 7039 6054 5099 6737 5894 5263 9470 7986 7396 9703 2822 9276 2786 10094 9437 4104 941 10583 7078 7274 6456 8390 9902 7372 8175 5518 4218 2493 5013 10703 8810 3180 6498 8614 4707 5494 2363 10492 8489 8244 5901 10999 9201 3222 6451 7622 8606 8247 1911 3587 7375 8441 5005 5099 8171 948 5264 3941 9395 8920 4606 3271 9537 7468 6999 3568 8408 6857 4351 8579 8553 4867 5005 9561 3471 6200 6456 9601 6891 9533 2845 12051 5501 7375 7387 8369 9186 9891 7943 3319 4193 3114 8912 6134 5011 10449 6645 7098 1817 6545 5958 4980 3536 4612 9610 8027 8488 8730 1364 7162 8867 11287 7432 3666 6167 8967 402 7584 11397 10039 6524 2095 7322 5082 
1000000 1000000 1000000 1000000 1000000 1000000 1000000 1000000 1000000 1000000 7273 1354 7479 3573 5754 2265 6553 5330 3844 5423 2073 1546 689 6286 2723 5900 8180 7666 7227 7587 2015 2972 3398 1973 0 6950 4800 5803 1385 2170 8479 2353 6085 8228 5727 6543 5119 4145 4285 5054 3928 4029 7783 7243 5425 7742 2121 7790 3388 8304 7639 3913 1032 9045 6871 6998 4801 7164 8233 5405 8220 5629 2543 3308 3583 9083 6849 1458 6205 8207 5035 5328 2004 9033 7871 7983 3931 9407 7986 3394 4852 7855 7305 6304 2808 1937 7566 7412 4233 4897 6750 1411 5636 2025 7428 6973 3376 3000 8104 7647 5580 2192 6523 5082 3520 7077 6920 3022 4797 7590 1865 4231 4652 7631 6259 8447 1179 10635 3531 6838 5834 7514 7491 8137 5974 1473 2450 1157 7186 6115 5457 8677 4701 5154 439 6066 4358 4159 1585 5140 7669 7663 7453 6829 2261 5257 6910 9815 5600 3461 4808 7945 2034 7772 9875 8579 6958 621 7631 5075 
1000000 1000000 1000000 1000000 1000000 1000000 1000000 1000000 1000000 1000000 2796 6481 4323 6682 8206 5717 7565 8898 9102 1643 8772 5459 7176 7256 6460 8605 3321 3133 2666 1351 8618 5215 6611 7239 6950 0 7775 1259 6662 5735 4642 5393 2611 4293 1375 3019 7416 9081 2914 5597 8267 3887 6822 1831 8998 10952 4835 5562 4613 7944 7584 3151 7021 6669 318 65 5391 3903 6975 8387 1705 2002 5553 4997 4570 7214 10311 8034 752 1407 2910 1750 5076 6200 1706 1034 7747 7266 4261 4030 5117 2065 4333 10221 5467 8457 1811 3104 2902 2142 4706 7692 2667 7837 10526 8883 4188 4048 5448 1800 4368 5104 7737 6168 3550 5283 5985 8711 2238 10015 8464 8377 6229 9989 1330 3944 7916 7165 7553 917 5091 2411 6709 7539 9399 6298 8643 7269 6755 1335 2954 8050 9102 9409 6564 1034 5082 3020 6766 3320 9241 810 3151 8109 8511 7310 10430 6836 6782 3607 4093 3351 7631 1880 7171 5894 2562 7570 2240 2218 
1000000 1000000 1000000 1000000 1000000 1000000 1000000 1000000 1000000 1000000 6247 3521 5394 1421 958 3115 2139 1128 2494 6240 6370 5147 5484 2022 2217 1137 6869 6417 6292 8979 4204 6920 1589 6755 4800 7775 0 6571 3435 3190 6315 6351 5458 6251 6445 5460 649 2149 5113 2385 1386 3971 4043 6869 1225 3378 5038 4878 6975 4055 3424 6183 5820 5700 7899 7839 2480 5370 4497 698 9463 7673 3015 7141 3371 5425 2604 4105 7258 8432 7642 6968 5456 5976 7647 8604 963 5812 5993 6477 2760 9558 5206 2447 6899 4040 9244 6173 5192 6650 4393 6160 8125 3161 2977 2178 3957 5735 5321 9285 3767 3905 2010 1850 4887 4292 3619 2922 6584 2870 4172 1186 1599 2896 6511 6757 4366 7518 1320 7116 3321 6751 3767 4057 1648 3485 3573 3741 3382 7758 8119 4466 1684 1795 4952 6756 2697 5058 3220 8020 2880 8121 6182 2200 6880 877 2713 6604 1669 5981 3716 6575 6832 9402 6483 5601 9227 4907 9527 7108 
1000000 1000000 1000000 1000000 1000000 1000000 1000000 1000000 1000000 1000000 2496 5252 3794 5440 7051 4464 6524 7687 7844 393 7699 4361 6086 6203 5202 7442 3285 2923 2376 2415 7401 4419 5363 6293 5803 1259 6571 0 5429 4484 4369 4479 1795 4015 128 2361 6244 7825 1660 4476 7017 2642 6029 1828 7789 9801 3715 4929 3867 7116 6688 2214 5971 6161 1332 1320 4245 3342 6249 7199 2899 1844 4296 4263 3319 6627 9132 6824 703 2405 2552 1154 4020 5771 2204 2245 6504 6741 3907 3187 3980 3039 3751 9013 4651 7236 2735 2791 1657 1342 3929 6651 2582 6593 9377 7799 2930 3028 4911 2761 3356 3875 6681 5033 2331 4521 5121 7456 1409 8913 7248 7134 5054 8893 712 3835 6721 6962 6302 1083 4098 2348 5876 6728 8206 5066 7403 6050 5867 1468 2797 7271 7859 8174 5436 264 3892 1770 5526 3047 8205 1871 2844 7063 7504 6153 9249 6486 5678 2631 2946 3203 6672 2870 6772 5404 3073 6418 3085 1687 
1000000 1000000 1000000 1000000 1000000 1000000 1000000 1000000 1000000 1000000 6466 193 6439 2189 4385 1139 5173 4052 2910 5037 3258 1999 2074 4911 1345 4551 7340 6822 6441 7514 1998 3787 2015 3321 1385 6662 3435 5429 0 1069 7456 3164 5312 7237 5331 5683 3735 3110 3786 3777 2701 3188 6476 6607 4153 6501 2227 6605 4027 6946 6279 3954 2388 7815 6645 6717 3550 6172 6933 4062 8118 5705 1414 4075 2599 7805 5617 1463 5953 7784 5306 5231 2432 7851 7304 7672 2607 8142 6983 3772 3643 7898 6255 5130 3699 1822 7591 6559 3775 4811 5626 2787 5889 1226 6163 5601 2618 3157 6950 7661 4490 1558 5140 3746 3113 5891 5651 2237 4717 6260 1854 2987 3304 6296 5751 7527 1481 9467 2207 6371 4635 6785 6180 6794 4704 364 1995 677 5861 6066 5773 7325 3549 3995 1521 5684 3165 3668 231 5534 6293 7290 6594 5444 3596 3872 5689 8619 4232 3568 3798 7082 3415 7787 8649 7402 7177 1655 7735 5113 
1000000 1000000 1000000 1000000 1000000 1000000 1000000 1000000 1000000 1000000 5399 949 5394 1777 4073 99 4574 4052 3473 4094 4202 1977 2808 4278 1016 4323 6271 5753 5375 6678 3045 3731 1604 3875 2170 5735 3190 4484 1069 0 6408 3170 4251 6181 4378 4614 3308 3554 2825 2897 2907 2127 5634 5564 4160 6498 1863 5629 3803 6220 5563 3295 3015 6876 5747 5792 2635 5115 6078 3879 7261 4990 375 3953 1531 6918 5653 2529 5053 6794 4732 4428 2266 6874 6275 6726 2590 7239 5929 3368 2683 7120 5212 5279 3716 2863 6807 5490 2833 4028 4611 3551 5282 2119 6121 5238 1591 2655 5954 6870 3457 786 4582 2983 2233 4915 4755 2986 3941 6055 2907 3131 2586 6077 4749 6461 2544 8482 2242 5378 3667 5725 5345 6024 4693 764 2937 1746 5054 5269 5212 6578 3807 4216 2103 4731 2190 2715 1088 5037 5894 6322 5525 4926 4427 3391 5743 7653 3569 2985 2738 6014 4060 6995 7707 6421 6517 2604 6995 4394 
1000000 1000000 1000000 1000000 1000000 1000000 1000000 1000000 1000000 1000000 1891 7354 1020 6050 6170 6327 4868 7307 8586 4444 10552 7503 9015 4702 6446 6560 1421 1511 2019 5892 9309 8316 6110 9710 8479 4642 6315 4369 7456 6408 0 8149 2783 356 4305 2170 5701 8346 4725 4086 7465 4481 3129 2811 7371 8507 6891 1666 7883 4185 4152 6180 9081 2193 4951 4683 4160 1324 3016 6622 5963 6200 6046 8263 4904 2846 8188 8873 4813 4099 6905 5514 7374 1635 3180 4698 6866 2778 513 7138 3960 6617 1210 8424 8494 9117 6409 1585 4843 5610 1960 9727 6942 8211 8111 6208 5147 6668 1268 6378 2980 6302 5091 4509 5401 2049 2854 8642 5646 7311 9194 7395 4890 7250 3686 831 8935 2594 6921 3752 3072 2235 3204 3777 7528 7171 8974 8123 3481 5711 7165 4105 7993 8091 8272 4272 4367 4827 7412 7406 6235 4272 1533 5333 10636 5491 8313 2197 4693 6446 3678 1303 10021 6432 2549 1471 7184 8987 6854 6032 
1000000 1000000 1000000 1000000 1000000 1000000 1000000 1000000 1000000 1000000 6563 3006 7253 4946 7242 3253 7645 7138 6029 4167 3559 1209 2162 7329 4141 7486 7471 7001 6480 5712 4367 633 4771 1848 2353 5393 6351 4479 3164 3170 8149 0 5422 7837 4448 6003 6471 6264 3437 5705 5846 3863 8348 6218 7243 9598 1454 7926 1073 9119 8492 2272 1847 9261 5230 5427 5400 6850 8745 7032 6353 3691 3409 957 3813 9470 8730 3807 4654 6773 2924 3647 944 9095 6683 6396 5664 9729 7637 1376 5325 5842 7115 8278 549 4288 5581 6783 3327 3256 6789 2435 3506 4224 9239 8402 3268 1508 8132 5672 5655 2551 7681 5962 2755 7262 7383 5267 3163 9220 4217 6118 5633 9244 5104 7888 3531 10595 5280 5560 6164 6635 8083 8859 7789 2963 4774 3344 7861 4294 3279 9436 6709 7152 1929 4726 4864 3328 3391 2912 9048 6184 6833 8041 3160 6540 8809 9889 6617 1851 4810 7298 2244 5791 10045 8649 4806 2868 5563 3237 
1000000 1000000 1000000 1000000 1000000 1000000 1000000 1000000 1000000 1000000 1191 5169 2050 4603 5750 4194 4981 6583 7191 1748 8132 4906 6535 4682 4651 6159 2107 1605 1143 3955 7294 5549 4583 7072 6085 2611 5458 1795 5312 4251 2783 5422 0 2449 1696 621 5009 7077 1988 3132 6205 2125 4260 1427 6675 8465 4263 3137 5103 5365 4980 3397 6535 4389 2842 2671 2984 1597 4461 6005 4286 3611 3946 5485 2757 4836 7886 6775 2418 2981 4206 2858 4710 4035 2203 3234 5630 4962 2281 4359 2702 4653 1982 7881 5737 7110 4374 1369 2096 2880 2146 7205 4334 6307 8039 6324 2730 3923 3140 4379 1802 3909 5163 3708 2721 2737 3386 6991 2904 7469 7157 6250 3861 7437 1297 2468 6760 5343 5526 1770 2499 1477 4125 4969 7018 4975 7123 5986 4152 3259 4520 5500 6954 7197 5808 1808 2818 2101 5335 4712 6650 2734 1417 5526 8108 4873 8009 4781 4263 3673 1788 1897 7408 4471 5038 3646 4854 6653 4771 3338 
1000000 1000000 1000000 1000000 1000000 1000000 1000000 1000000 1000000 1000000 1536 7129 865 5910 6161 6103 4908 7270 8472 4095 10300 7217 8751 4721 6266 6557 1123 1161 1664 5553 9115 7992 5960 9419 8228 4293 6251 4015 7237 6181 356 7837 2449 0 3953 1842 5650 8247 4407 3970 7361 4213 3271 2463 7338 8566 6598 1787 7552 4359 4276 5845 8806 2482 4601 4336 4019 1067 3204 6592 5637 5846 5824 7934 4665 3115 8211 8666 4458 3789 6553 5161 7075 1947 2860 4375 6760 3076 265 6808 3803 6278 1059 8418 8174 8924 6067 1230 4523 5262 1861 9457 6588 8027 8163 6268 4878 6351 1443 6037 2790 6043 5130 4423 5095 2053 2891 8494 5298 7387 8996 7305 4784 7329 3331 609 8717 2948 6795 3401 2962 1891 3316 3945 7520 6943 8801 7907 3565 5356 6811 4308 7921 8038 8009 3917 4187 4511 7202 7054 6334 3941 1178 5392 10366 5447 8337 2543 4659 6119 3444 971 9735 6093 2886 1732 6833 8746 6511 5680 
1000000 1000000 1000000 1000000 1000000 1000000 1000000 1000000 1000000 1000000 2442 5155 3710 5317 6924 4357 6399 7561 7728 305 7636 4297 6021 6078 5087 7315 3250 2875 2326 2542 7307 4405 5242 6253 5727 1375 6445 128 5331 4378 4305 4448 1696 3953 0 2272 6116 7707 1554 4349 6897 2520 5919 1819 7663 9674 3648 4832 3862 7002 6571 2191 5914 6072 1457 1436 4118 3257 6143 7072 3024 1925 4185 4258 3198 6532 9005 6732 830 2483 2604 1209 3965 5690 2238 2348 6382 6651 3838 3171 3853 3166 3661 8887 4633 7141 2862 2733 1557 1360 3823 6594 2659 6490 9250 7672 2818 2984 4822 2888 3235 3778 6556 4906 2241 4415 5006 7347 1419 8787 7155 7012 4927 8766 689 3790 6634 6899 6182 1130 3977 2322 5763 6616 8079 4968 7301 5956 5750 1577 2866 7161 7737 8051 5364 354 3765 1666 5425 3103 8080 1961 2787 6937 7453 6025 9122 6411 5551 2597 2819 3158 6629 2997 6692 5318 3185 6340 3210 1733 
