NAME : P132212
TYPE : ATSP
DIMENSION : 170
EDGE_WEIGHT_TYPE : EXPLICIT
EDGE_WEIGHT_FORMAT : FULL_MATRIX
EDGE_WEIGHT_SECTION
1000000 1000000 1000000 1000000 1000000 1000000 1000000 1000000 1000000 1000000 5292 4202 4153 3748 3939 4022 4225 4291 4321 5414 3912 4391 3731 3965 5294 4362 4483 4679 5241 4644 5291 4666 4694 4745 5135 4111 4058 5081 4521 4330 4726 4125 4047 4749 4004 4423 5188 3833 4781 4875 5110 3601 4959 4707 5172 4200 4182 4125 4538 3891 4611 4732 9399 9369 8670 8841 9453 9176 8776 9987 9614 9297 9398 9131 9802 9581 9389 9959 10068 8759 8914 10042 9981 9731 9035 8508 10020 9149 9725 10303 9425 8918 9355 9086 9147 8530 9353 9210 8881 9295 10244 9137 8980 8645 9004 10045 9598 9453 9705 8647 9193 8566 9478 8487 9719 9627 1535 1617 421 1124 1159 940 1891 837 501 1137 1904 1392 1126 1155 1425 1143 1757 1107 1716 1727 1097 1293 1194 711 904 1121 1361 1927 1849 1882 292 453 842 1783 1942 944 1007 636 1183 1141 870 1631 1952 1215 0 1000000 1000000 1000000 1000000 1000000 1000000 1000000 1000000 1000000 
1000000 1000000 1000000 1000000 1000000 1000000 1000000 1000000 1000000 1000000 1757 2496 2614 2940 2753 2829 2528 2498 2506 1315 2788 2331 3225 2988 1398 2514 2432 2005 1707 2137 1655 2314 2377 1961 1554 2719 2638 1602 2161 2640 2048 2557 2655 2281 2742 2278 1532 3007 2058 1808 1598 3186 1734 1977 1706 2483 2684 2584 2159 3028 2251 1981 2861 2863 2541 2585 3041 3246 2484 3555 3240 3348 3105 2926 3799 3462 3532 3504 3707 2621 3267 3668 3684 3319 3170 2293 3863 2620 3180 4145 3292 2397 2992 2580 3253 2296 3158 2676 3074 2760 4096 2650 2564 2201 2628 3663 3055 2954 3386 2278 2815 2458 2924 2356 3206 3221 5153 5207 6339 5841 6392 5743 5341 5882 6187 5547 4879 5302 5573 5603 6163 5572 5234 6281 5062 5394 6392 5674 6161 6033 5981 5586 5333 4757 4851 4819 6401 6376 5840 4901 5252 5816 6449 6078 5514 5864 5843 5089 5160 5472 1000000 0 1000000 1000000 1000000 1000000 1000000 1000000 1000000 1000000 
1000000 1000000 1000000 1000000 1000000 1000000 1000000 1000000 1000000 1000000 6994 5453 6030 5510 5348 6145 6029 6151 6239 6165 5276 5462 6185 6280 6422 6341 6456 5964 6861 6310 6883 6627 6746 5756 6109 6144 5378 6181 5792 6463 6337 5570 5335 6725 5904 5956 6019 6040 6486 6016 6377 5825 5970 5992 6741 5647 6243 5836 5997 6199 6437 5721 9050 8967 7979 8232 8885 8133 8228 9339 8958 8237 8685 8383 8661 8621 8214 9356 9298 8049 7698 9296 9141 9104 7973 7958 8998 8836 9326 9222 8518 8643 8742 8746 8079 7992 8534 8891 7817 8961 9163 8754 8531 8321 8494 9309 9219 9021 8954 8226 8640 7888 9144 7859 9260 9012 4810 5268 4951 5364 5796 4683 5866 4899 4765 4724 5247 4835 4487 4291 5945 4913 5564 5690 5193 5705 5735 5409 5709 4956 5215 4880 4838 4799 4520 4959 4801 4401 4661 4792 5846 5019 5672 4499 4498 5412 4459 5001 5764 4758 1000000 1000000 0 1000000 1000000 1000000 1000000 1000000 1000000 1000000 
1000000 1000000 1000000 1000000 1000000 1000000 1000000 1000000 1000000 1000000 6988 5458 6065 5556 5371 6197 6059 6181 6271 6101 5299 5451 6263 6344 6382 6375 6487 5952 6851 6319 6870 6651 6775 5728 6065 6189 5392 6146 5786 6506 6340 5587 5348 6748 5946 5966 5967 6102 6493 5990 6350 5897 5934 5980 6730 5660 6286 5865 5999 6264 6455 5693 8843 8757 7760 8015 8664 7885 8015 9107 8729 7986 8455 8154 8400 8373 7955 9127 9058 7827 7442 9057 8897 8876 7726 7749 8742 8634 9113 8960 8276 8447 8518 8543 7829 7784 8298 8689 7571 8756 8901 8548 8322 8124 8282 9071 9009 8808 8718 8024 8422 7670 8938 7646 9043 8786 5009 5471 5225 5604 6061 4922 6072 5146 5031 4950 5428 5044 4715 4521 6196 5140 5767 5951 5386 5916 6001 5639 5963 5211 5465 5108 5050 4969 4694 5135 5079 4682 4906 4973 6047 5261 5942 4761 4721 5653 4705 5196 5961 4979 1000000 1000000 1000000 0 1000000 1000000 1000000 1000000 1000000 1000000 
1000000 1000000 1000000 1000000 1000000 1000000 1000000 1000000 1000000 1000000 4015 2866 2856 2425 2603 2754 2923 2999 3036 4078 2576 3054 2510 2729 3968 3088 3214 3350 3952 3343 4000 3402 3446 3409 3801 2833 2723 3750 3190 3080 3421 2794 2711 3491 2704 3104 3852 2568 3488 3543 3788 2325 3624 3379 3876 2870 2912 2811 3216 2649 3326 3396 8064 8034 7347 7513 8121 7867 7447 8656 8284 7988 8072 7807 8493 8264 8087 8627 8740 7436 7619 8713 8656 8400 7728 7181 8703 7814 8389 8987 8106 7583 8025 7751 7840 7202 8031 7874 7577 7959 8929 7802 7647 7311 7672 8716 8263 8118 8378 7315 7862 7243 8142 7163 8384 8296 299 708 1043 918 1527 412 1296 624 855 255 800 266 234 363 1531 413 1000 1392 673 1134 1486 892 1344 777 885 394 267 613 517 628 1066 1042 500 481 1281 645 1479 731 175 968 501 489 1210 229 1000000 1000000 1000000 1000000 0 1000000 1000000 1000000 1000000 1000000 
1000000 1000000 1000000 1000000 1000000 1000000 1000000 1000000 1000000 1000000 3900 5178 5047 5501 5408 5171 4981 4905 4872 4105 5457 5053 5487 5245 4023 4831 4711 4630 3953 4562 3904 4531 4516 4686 4274 5081 5310 4269 4810 4873 4485 5183 5337 4453 5199 4825 4300 5360 4415 4476 4166 5591 4449 4599 4028 5099 5011 5103 4723 5313 4582 4713 2634 2737 3400 3208 3057 3976 3111 3254 3232 4004 3339 3423 4179 3816 4221 3165 3503 3413 4319 3453 3624 3181 4022 3193 3981 2587 2736 4151 3709 2559 3148 2649 4026 3163 3542 2589 4045 2611 4137 2723 2878 2733 2988 3434 2691 2793 3421 2910 3045 3405 2601 3339 2854 3151 7665 7613 8811 8221 8686 8265 7594 8361 8692 8064 7301 7803 8135 8198 8413 8051 7567 8596 7491 7690 8700 8043 8467 8501 8396 8071 7833 7290 7437 7313 8901 8944 8365 7428 7510 8271 8774 8630 8075 8234 8404 7561 7441 7984 1000000 1000000 1000000 1000000 1000000 0 1000000 1000000 1000000 1000000 
1000000 1000000 1000000 1000000 1000000 1000000 1000000 1000000 1000000 1000000 3016 1836 2572 2312 1960 2830 2511 2611 2701 1867 1910 1681 3137 3055 2254 2803 2860 2066 2867 2541 2866 2949 3091 1754 1943 2754 1881 2069 1972 2991 2515 2038 1845 3021 2543 2255 1798 2861 2674 1991 2305 2807 1876 2081 2749 2063 2821 2355 2216 3013 2734 1721 4815 4752 3870 4089 4746 4255 4053 5257 4867 4374 4617 4323 4869 4702 4435 5250 5282 3954 3935 5266 5161 5003 4103 3773 5131 4578 5121 5402 4560 4364 4620 4496 4217 3802 4522 4638 3943 4716 5341 4523 4321 4048 4311 5274 5002 4821 4916 3991 4484 3768 4906 3710 5081 4901 3749 4047 4825 4611 5247 4199 4480 4420 4616 4049 3763 3893 3955 3886 5144 4165 4231 5113 3885 4433 5219 4500 5029 4573 4652 4160 3922 3388 3308 3541 4810 4621 4273 3515 4401 4423 5235 4405 3907 4653 4180 3799 4284 4001 1000000 1000000 1000000 1000000 1000000 1000000 0 1000000 1000000 1000000 
1000000 1000000 1000000 1000000 1000000 1000000 1000000 1000000 1000000 1000000 825 1283 1352 1678 1523 1583 1264 1245 1265 469 1568 1159 1989 1763 131 1291 1232 751 695 894 667 1161 1262 799 409 1470 1418 372 922 1444 805 1311 1443 1163 1475 1009 515 1754 856 579 332 1921 564 721 617 1232 1448 1315 891 1792 1041 829 4102 4093 3628 3723 4244 4286 3633 4770 4433 4399 4269 4055 4882 4574 4557 4725 4902 3714 4205 4866 4859 4525 4183 3405 4997 3856 4424 5284 4405 3628 4177 3808 4280 3416 4289 3914 4062 3999 5231 3872 3760 3401 3811 4864 4299 4183 4564 3451 4003 3533 4170 3436 4442 4424 3892 3938 5076 4572 5124 4486 4080 4619 4928 4289 3610 4040 4324 4363 4899 4308 3967 5013 3794 4129 5123 4405 4893 4769 4713 4323 4071 3498 3606 3555 5141 5130 4584 3642 3991 4550 5181 4828 4264 4595 4594 3823 3897 4212 1000000 1000000 1000000 1000000 1000000 1000000 1000000 0 1000000 1000000 
1000000 1000000 1000000 1000000 1000000 1000000 1000000 1000000 1000000 1000000 2500 3588 2863 3310 3571 2669 2902 2787 2693 3773 3640 3699 2558 2493 3302 2586 2511 3299 2633 2821 2659 2412 2270 3617 3541 2704 3595 3391 3391 2413 2852 3404 3639 2343 2948 3115 3712 2734 2698 3405 3162 2926 3542 3286 2727 3355 2616 3086 3146 2568 2627 3648 6539 6581 6499 6500 6831 7216 6391 7285 7042 7313 6968 6840 7735 7377 7506 7214 7483 6572 7260 7437 7504 7085 7152 6241 7744 6337 6813 8011 7212 6149 6822 6329 7228 6238 7062 6381 7063 6454 7969 6411 6394 6047 6479 7427 6706 6671 7214 6163 6649 6425 6573 6322 6880 7001 4400 4089 5203 4500 4707 4890 3735 4851 5190 4720 3901 4475 4905 5061 4390 4605 3883 4671 4053 3896 4747 4331 4546 4936 4719 4638 4493 4196 4463 4098 5353 5583 4979 4273 3682 4717 4843 5273 4857 4486 5117 4217 3677 4643 1000000 1000000 1000000 1000000 1000000 1000000 1000000 1000000 0 1000000 
1000000 1000000 1000000 1000000 1000000 1000000 1000000 1000000 1000000 1000000 6639 5464 6205 5871 5542 6447 6151 6257 6349 5404 5481 5329 6711 6664 5844 6452 6515 5723 6491 6199 6483 6608 6749 5409 5552 6382 5486 5691 5629 6638 6172 5661 5445 6679 6157 5910 5392 6451 6330 5637 5929 6352 5512 5738 6378 5697 6457 5983 5874 6612 6393 5376 6566 6459 5443 5705 6272 5309 5747 6603 6270 5382 6001 5726 5688 5775 5283 6648 6485 5484 4829 6500 6302 6416 5164 5532 6057 6415 6765 6216 5725 6285 6119 6321 5246 5568 5801 6457 5036 6503 6164 6297 6065 5989 5991 6518 6688 6483 6201 5842 6078 5381 6657 5396 6666 6346 6576 6996 7308 7397 7996 6790 7553 7041 7085 6720 6801 6680 6532 6380 8006 6892 7255 7863 6855 7450 7949 7351 7822 7163 7346 6871 6700 6335 6135 6516 7218 6883 6823 6414 7492 7105 7926 6813 6508 7447 6655 6705 7380 6708 1000000 1000000 1000000 1000000 1000000 1000000 1000000 1000000 1000000 0 
1000000 1000000 1000000 1000000 1000000 1000000 1000000 1000000 1000000 1000000 0 1547 1170 1674 1695 1271 1117 1024 979 1280 1762 1538 1602 1357 811 931 811 1038 149 725 160 637 652 1295 1087 1183 1639 950 1203 984 675 1459 1679 571 1325 1063 1250 1460 552 1038 712 1693 1141 1011 269 1376 1111 1274 1003 1420 691 1331 4597 4607 4274 4335 4796 4962 4236 5305 4995 5070 4861 4675 5536 5208 5243 5250 5461 4357 4927 5422 5440 5071 4873 4035 5615 4361 4910 5898 5038 4143 4748 4327 4963 4040 4908 4416 4762 4498 5848 4399 4320 3957 4384 5417 4788 4699 5143 4033 4571 4186 4654 4085 4945 4975 3769 3716 4911 4331 4823 4368 3739 4461 4793 4168 3402 3905 4248 4323 4566 4151 3685 4725 3592 3820 4832 4154 4599 4601 4500 4171 3935 3402 3567 3416 5001 5055 4469 3537 3653 4371 4901 4738 4188 4346 4515 3661 3574 4087 5292 1757 6994 6988 4015 3900 3016 825 2500 6639 
1000000 1000000 1000000 1000000 1000000 1000000 1000000 1000000 1000000 1000000 1547 0 742 574 266 995 689 801 895 1213 292 220 1322 1221 1156 1002 1086 558 1421 863 1449 1221 1356 544 942 921 144 915 374 1179 885 204 161 1312 709 511 988 1039 1036 705 1022 1035 763 589 1305 234 993 521 545 1183 1013 532 5212 5188 4567 4710 5294 5148 4635 5828 5466 5267 5269 5020 5769 5506 5393 5794 5929 4656 4969 5899 5859 5574 5022 4379 5942 4962 5538 6230 5342 4731 5206 4902 5130 4397 5250 5022 4881 5108 6173 4957 4814 4469 4847 5900 5411 5274 5573 4486 5039 4465 5288 4377 5539 5471 2687 2805 3875 3438 4031 3265 3063 3421 3712 3073 2478 2839 3085 3108 3844 3116 2890 3909 2650 3074 4021 3283 3799 3575 3553 3126 2870 2286 2360 2370 3925 3883 3361 2432 2975 3368 4066 3589 3026 3468 3353 2646 2867 3001 4202 2496 5453 5458 2866 5178 1836 1283 3588 5464 
1000000 1000000 1000000 1000000 1000000 1000000 1000000 1000000 1000000 1000000 1170 742 0 537 712 282 93 146 215 1530 783 899 682 511 1230 312 433 723 1097 494 1145 619 722 990 1205 185 733 1087 685 454 579 546 777 719 156 407 1337 413 632 934 1021 573 1077 736 1021 510 252 224 517 500 481 1007 5453 5443 4937 5048 5587 5567 4962 6116 5773 5683 5600 5375 6176 5885 5828 6072 6241 5025 5438 6207 6192 5869 5453 4725 6313 5206 5775 6601 5717 4978 5516 5157 5555 4738 5608 5264 5322 5349 6547 5221 5103 4746 5151 6205 5650 5533 5898 4789 5343 4839 5521 4745 5792 5767 2621 2613 3783 3243 3780 3220 2729 3328 3652 3021 2289 2761 3088 3157 3549 3017 2623 3671 2477 2781 3781 3071 3549 3473 3395 3035 2792 2244 2399 2271 3864 3898 3321 2382 2640 3248 3841 3584 3029 3263 3357 2527 2546 2941 4153 2614 6030 6065 2856 5047 2572 1352 2863 6205 
1000000 1000000 1000000 1000000 1000000 1000000 1000000 1000000 1000000 1000000 1674 574 537 0 359 645 564 675 750 1719 403 793 841 823 1548 844 969 937 1583 957 1626 1155 1257 1067 1414 635 464 1342 795 953 1024 414 488 1255 396 680 1499 591 1123 1142 1364 495 1247 964 1490 471 733 403 792 758 1002 1066 5720 5701 5115 5250 5821 5708 5171 6354 5998 5827 5808 5565 6328 6057 5957 6317 6463 5204 5537 6431 6399 6102 5585 4920 6492 5471 6046 6780 5892 5241 5738 5415 5691 4937 5796 5531 5445 5616 6724 5474 5339 4989 5376 6432 5919 5789 6111 5014 5569 5014 5794 4924 6052 5999 2215 2282 3399 2917 3495 2809 2502 2942 3250 2611 1953 2363 2652 2702 3295 2632 2344 3377 2132 2522 3488 2756 3262 3093 3047 2646 2394 1822 1941 1879 3464 3461 2907 1965 2413 2877 3538 3155 2592 2944 2923 2149 2308 2535 3748 2940 5510 5556 2425 5501 2312 1678 3310 5871 
1000000 1000000 1000000 1000000 1000000 1000000 1000000 1000000 1000000 1000000 1695 266 712 359 0 915 692 814 906 1478 73 476 1180 1124 1394 1013 1118 778 1581 979 1615 1281 1405 808 1200 867 126 1160 602 1165 1021 238 135 1378 626 633 1252 911 1157 951 1242 851 1022 809 1472 323 956 498 708 1071 1090 797 5478 5453 4829 4974 5559 5406 4899 6094 5731 5525 5533 5283 6028 5767 5649 6060 6194 4918 5220 6164 6123 5840 5279 4643 6203 5228 5803 6491 5603 4997 5471 5168 5387 4661 5512 5288 5136 5373 6434 5223 5079 4735 5112 6165 5677 5539 5838 4751 5304 4727 5554 4640 5804 5736 2422 2541 3610 3173 3768 3002 2809 3156 3448 2809 2214 2573 2823 2851 3585 2850 2630 3646 2385 2816 3758 3019 3536 3310 3287 2861 2605 2021 2099 2104 3661 3624 3097 2167 2721 3103 3802 3328 2764 3203 3092 2380 2613 2736 3939 2753 5348 5371 2603 5408 1960 1523 3571 5542 
1000000 1000000 1000000 1000000 1000000 1000000 1000000 1000000 1000000 1000000 1271 995 282 645 915 0 369 343 324 1797 981 1168 412 231 1468 341 461 999 1227 694 1279 648 703 1272 1471 115 962 1346 967 345 783 792 1003 738 291 686 1610 191 786 1206 1254 430 1351 1009 1173 772 161 479 791 221 601 1289 5681 5675 5192 5298 5827 5829 5210 6353 6015 5945 5848 5627 6436 6140 6093 6308 6484 5280 5708 6448 6438 6108 5718 4977 6567 5436 6002 6855 5972 5209 5759 5389 5819 4989 5861 5494 5588 5578 6801 5454 5343 4984 5393 6446 5877 5765 6144 5032 5585 5095 5747 5000 6022 6007 2502 2450 3641 3071 3585 3101 2518 3191 3523 2900 2133 2637 2988 3072 3343 2881 2435 3481 2323 2582 3590 2896 3357 3331 3234 2902 2666 2143 2325 2149 3732 3792 3201 2275 2429 3102 3655 3474 2928 3088 3253 2392 2341 2819 4022 2829 6145 6197 2754 5171 2830 1583 2669 6447 
1000000 1000000 1000000 1000000 1000000 1000000 1000000 1000000 1000000 1000000 1117 689 93 564 692 369 0 123 215 1438 764 832 773 595 1141 323 429 632 1036 421 1082 602 718 904 1112 265 697 995 601 491 502 503 741 701 221 317 1246 505 571 842 933 658 985 644 954 456 313 195 425 589 439 922 5363 5354 4845 4957 5496 5475 4871 6025 5682 5591 5509 5283 6084 5793 5736 5982 6150 4933 5347 6116 6100 5778 5361 4633 6221 5117 5687 6509 5625 4889 5425 5068 5463 4647 5516 5175 5230 5260 6455 5131 5013 4656 5060 6115 5561 5443 5807 4698 5252 4747 5432 4653 5703 5676 2691 2693 3858 3324 3865 3291 2817 3403 3725 3091 2368 2833 3155 3220 3636 3091 2708 3755 2555 2867 3866 3153 3634 3549 3474 3109 2864 2311 2460 2344 3937 3965 3391 2451 2728 3325 3925 3652 3095 3345 3424 2602 2634 3012 4225 2528 6029 6059 2923 4981 2511 1264 2902 6151 
1000000 1000000 1000000 1000000 1000000 1000000 1000000 1000000 1000000 1000000 1024 801 146 675 814 343 123 0 95 1458 886 931 753 549 1127 203 307 673 954 365 1002 483 596 966 1133 229 816 1005 672 382 453 621 861 583 301 377 1277 510 491 873 915 701 1021 680 881 568 238 317 466 560 336 987 5345 5338 4850 4956 5487 5488 4869 6014 5675 5604 5506 5285 6094 5798 5752 5969 6143 4937 5370 6108 6097 5768 5377 4635 6225 5099 5667 6513 5629 4872 5418 5052 5478 4647 5519 5157 5248 5242 6459 5116 5003 4645 5053 6106 5541 5428 5803 4691 5244 4753 5412 4658 5685 5667 2761 2744 3920 3372 3902 3361 2844 3466 3791 3161 2422 2901 3231 3301 3667 3155 2747 3795 2610 2900 3904 3199 3672 3610 3528 3173 2931 2386 2544 2411 4002 4040 3461 2523 2755 3384 3966 3725 3171 3391 3499 2664 2664 3081 4291 2498 6151 6181 2999 4905 2611 1245 2787 6257 
1000000 1000000 1000000 1000000 1000000 1000000 1000000 1000000 1000000 1000000 979 895 215 750 906 324 215 95 0 1505 978 1022 725 503 1153 108 220 739 921 373 971 405 510 1041 1183 216 910 1049 754 291 462 716 955 505 363 458 1332 507 467 930 939 721 1081 743 858 663 185 409 535 527 291 1064 5359 5354 4883 4985 5508 5527 4896 6034 5698 5642 5533 5315 6130 5831 5792 5988 6166 4970 5416 6131 6123 5789 5418 4665 6256 5115 5681 6543 5662 4888 5442 5069 5518 4677 5549 5172 5290 5257 6490 5134 5025 4666 5076 6129 5556 5445 5828 4715 5268 4787 5425 4691 5701 5688 2793 2762 3945 3385 3906 3393 2841 3492 3821 3193 2441 2931 3269 3344 3666 3181 2754 3801 2631 2903 3910 3211 3677 3634 3545 3201 2961 2423 2589 2442 4031 4077 3493 2559 2752 3407 3974 3761 3210 3404 3537 2691 2664 3112 4321 2506 6239 6271 3036 4872 2701 1265 2693 6349 
1000000 1000000 1000000 1000000 1000000 1000000 1000000 1000000 1000000 1000000 1280 1213 1530 1719 1478 1797 1438 1458 1505 0 1503 1029 2207 2004 472 1559 1532 817 1142 1160 1121 1508 1629 670 326 1683 1356 459 926 1737 1083 1312 1367 1533 1621 1133 226 1942 1186 601 636 2062 475 799 1047 1249 1687 1426 1016 2016 1345 683 4005 3984 3415 3539 4102 4038 3457 4635 4281 4154 4095 3859 4648 4362 4298 4598 4746 3504 3913 4714 4687 4384 3924 3211 4793 3755 4330 5082 4195 3525 4021 3698 4026 3226 4092 3815 3792 3901 5027 3755 3620 3270 3659 4714 4204 4071 4397 3296 3851 3316 4080 3224 4335 4281 3899 3999 5087 4634 5214 4478 4207 4632 4924 4286 3670 4050 4296 4314 5010 4326 4061 5096 3847 4236 5207 4474 4981 4786 4757 4337 4082 3498 3570 3577 5138 5091 4573 3644 4117 4577 5257 4800 4237 4661 4563 3852 4016 4213 5414 1315 6165 6101 4078 4105 1867 469 3773 5404 
1000000 1000000 1000000 1000000 1000000 1000000 1000000 1000000 1000000 1000000 1762 292 783 403 73 981 764 886 978 1503 0 485 1235 1188 1439 1085 1190 828 1645 1047 1679 1353 1477 834 1234 937 150 1202 648 1236 1088 303 137 1450 694 699 1277 971 1225 992 1293 898 1054 860 1535 386 1026 570 770 1132 1161 821 5497 5471 4836 4984 5573 5407 4911 6108 5744 5526 5543 5291 6030 5772 5648 6075 6205 4925 5215 6176 6133 5854 5278 4652 6209 5247 5823 6496 5609 5016 5484 5187 5387 4671 5520 5307 5135 5393 6439 5241 5094 4752 5126 6177 5696 5557 5848 4765 5317 4733 5574 4647 5822 5750 2401 2532 3589 3162 3762 2976 2815 3135 3423 2785 2207 2553 2794 2817 3584 2831 2630 3639 2375 2817 3751 3011 3531 3289 3273 2840 2584 2000 2069 2088 3636 3591 3071 2145 2728 3085 3793 3298 2735 3194 3062 2364 2618 2713 3912 2788 5276 5299 2576 5457 1910 1568 3640 5481 
1000000 1000000 1000000 1000000 1000000 1000000 1000000 1000000 1000000 1000000 1538 220 899 793 476 1168 832 931 1022 1029 485 0 1518 1398 1038 1124 1189 503 1401 909 1422 1300 1440 372 786 1082 350 788 339 1311 910 404 350 1383 892 585 804 1232 1070 587 937 1246 607 531 1280 399 1144 689 573 1367 1085 350 5014 4987 4354 4500 5089 4932 4427 5623 5259 5051 5060 4809 5554 5292 5176 5591 5721 4443 4750 5692 5649 5369 4805 4169 5728 4764 5340 6016 5128 4533 4999 4703 4913 4187 5038 4824 4663 4910 5959 4757 4610 4267 4641 5693 5213 5073 5365 4281 4833 4252 5091 4165 5338 5265 2885 3015 4071 3646 4243 3457 3281 3618 3903 3267 2689 3036 3270 3286 4059 3315 3105 4121 2858 3290 4232 3493 4011 3773 3757 3324 3068 2483 2544 2572 4117 4063 3551 2628 3193 3569 4276 3774 3211 3677 3537 2849 3085 3196 4391 2331 5462 5451 3054 5053 1681 1159 3699 5329 
1000000 1000000 1000000 1000000 1000000 1000000 1000000 1000000 1000000 1000000 1602 1322 682 841 1180 412 773 753 725 2207 1235 1518 0 246 1876 712 807 1404 1582 1097 1635 966 971 1665 1881 525 1258 1757 1357 619 1186 1120 1293 1036 631 1088 2018 287 1169 1614 1662 377 1758 1416 1544 1121 543 842 1197 198 977 1679 6081 6077 5603 5707 6232 6241 5619 6758 6422 6356 6256 6037 6847 6551 6504 6711 6890 5690 6118 6855 6846 6513 6129 5387 6977 5837 6402 7265 6382 5611 6166 5792 6230 5399 6271 5894 5998 5979 7211 5858 5749 5390 5800 6853 6277 6168 6552 5439 5992 5506 6146 5410 6424 6412 2239 2131 3337 2735 3223 2829 2142 2895 3235 2630 1828 2364 2742 2847 2969 2590 2084 3124 2017 2219 3231 2557 2998 3029 2911 2614 2391 1911 2126 1887 3439 3533 2929 2031 2055 2796 3300 3211 2685 2749 3001 2108 1974 2548 3731 3225 6185 6263 2510 5487 3137 1989 2558 6711 
1000000 1000000 1000000 1000000 1000000 1000000 1000000 1000000 1000000 1000000 1357 1221 511 823 1124 231 595 549 503 2004 1188 1398 246 0 1653 476 564 1218 1337 871 1391 721 731 1499 1681 332 1181 1549 1195 374 959 1018 1221 793 513 910 1825 242 931 1421 1439 468 1569 1227 1301 1001 319 709 1010 87 738 1517 5847 5844 5384 5485 6003 6029 5395 6527 6194 6144 6032 5815 6633 6332 6295 6480 6662 5472 5917 6626 6621 6284 5920 5166 6757 5603 6167 7044 6163 5378 5939 5559 6020 5177 6050 5660 5792 5745 6991 5626 5520 5160 5573 6624 6042 5935 6326 5213 5764 5288 5911 5192 6190 6183 2464 2370 3574 2978 3468 3057 2387 3130 3468 2858 2063 2592 2962 3060 3214 2823 2329 3369 2253 2464 3476 2800 3243 3265 3152 2846 2620 2124 2327 2111 3674 3758 3157 2249 2300 3033 3545 3437 2904 2992 3223 2339 2219 2776 3965 2988 6280 6344 2729 5245 3055 1763 2493 6664 
1000000 1000000 1000000 1000000 1000000 1000000 1000000 1000000 1000000 1000000 811 1156 1230 1548 1394 1468 1141 1127 1153 472 1439 1038 1876 1653 0 1184 1133 621 671 783 652 1077 1186 685 321 1354 1290 251 793 1344 696 1181 1316 1088 1351 881 457 1635 763 454 215 1797 455 591 576 1101 1337 1187 762 1679 942 716 4223 4213 3733 3833 4360 4385 3744 4887 4548 4498 4381 4163 4984 4680 4654 4843 5016 3820 4294 4981 4971 4641 4279 3513 5104 3976 4546 5392 4511 3748 4292 3927 4378 3525 4397 4035 4156 4120 5339 3991 3876 3518 3926 4979 4420 4303 4677 3565 4118 3637 4292 3541 4562 4540 3762 3810 4946 4444 4998 4355 3957 4489 4798 4158 3482 3910 4194 4233 4775 4178 3841 4886 3665 4004 4997 4277 4767 4639 4584 4193 3941 3368 3475 3425 5011 5000 4453 3512 3868 4421 5054 4698 4134 4468 4463 3693 3773 4082 5294 1398 6422 6382 3968 4023 2254 131 3302 5844 
1000000 1000000 1000000 1000000 1000000 1000000 1000000 1000000 1000000 1000000 931 1002 312 844 1013 341 323 203 108 1559 1085 1124 712 476 1184 0 131 816 887 404 940 324 413 1126 1240 255 1018 1100 846 195 489 823 1063 421 451 552 1395 531 457 998 971 764 1150 818 837 770 182 515 619 517 266 1150 5372 5369 4916 5013 5528 5566 4923 6052 5720 5681 5559 5345 6167 5863 5834 6005 6188 5003 5464 6152 6148 5809 5459 4695 6287 5128 5692 6574 5694 4902 5465 5084 5559 4706 5579 5185 5333 5270 6521 5151 5046 4685 5099 6149 5567 5460 5852 4739 5290 4821 5436 4724 5715 5709 2839 2791 3981 3410 3920 3438 2847 3530 3862 3238 2474 2975 3321 3401 3674 3221 2772 3817 2664 2916 3926 3235 3693 3671 3575 3241 3004 2475 2649 2486 4071 4127 3539 2609 2759 3442 3992 3810 3262 3427 3588 2731 2674 3157 4362 2514 6341 6375 3088 4831 2803 1291 2586 6452 
1000000 1000000 1000000 1000000 1000000 1000000 1000000 1000000 1000000 1000000 811 1086 433 969 1118 461 429 307 220 1532 1190 1189 807 564 1133 131 0 834 777 376 830 194 291 1152 1222 384 1114 1076 891 213 450 917 1159 291 577 606 1383 651 379 997 922 889 1149 830 738 857 302 623 651 617 192 1179 5292 5291 4859 4950 5456 5516 4858 5978 5649 5629 5493 5283 6113 5805 5786 5929 6118 4945 5424 6081 6081 5736 5412 4634 6226 5049 5611 6512 5635 4825 5396 5007 5509 4644 5518 5106 5288 5190 6460 5075 4974 4613 5029 6078 5487 5382 5785 4671 5220 4764 5355 4667 5636 5637 2963 2907 4101 3523 4026 3562 2948 3651 3984 3361 2592 3098 3447 3529 3775 3341 2881 3925 2782 3021 4033 3347 3799 3791 3690 3362 3127 2601 2778 2610 4192 4252 3662 2734 2861 3561 4100 3934 3388 3539 3713 2852 2778 3280 4483 2432 6456 6487 3214 4711 2860 1232 2511 6515 
1000000 1000000 1000000 1000000 1000000 1000000 1000000 1000000 1000000 1000000 1038 558 723 937 778 999 632 673 739 817 828 503 1404 1218 621 816 834 0 899 481 920 891 1032 321 494 889 682 406 184 1009 450 561 712 957 805 319 616 1132 609 217 466 1246 354 32 778 481 910 611 209 1219 681 351 4794 4778 4231 4352 4907 4852 4269 5439 5088 4969 4907 4674 5464 5178 5110 5399 5555 4320 4717 5522 5499 5189 4736 4026 5609 4545 5118 5898 5011 4315 4830 4491 4839 4040 4907 4604 4603 4690 5842 4552 4424 4070 4466 5522 4992 4866 5208 4103 4658 4132 4866 4039 5128 5086 3149 3213 4335 3849 4417 3740 3396 3878 4183 3543 2885 3297 3575 3613 4205 3568 3261 4301 3066 3431 4413 3685 4184 4029 3983 3582 3329 2753 2856 2815 4397 4381 3837 2897 3307 3813 4466 4079 3515 3875 3845 3086 3207 3468 4679 2005 5964 5952 3350 4630 2066 751 3299 5723 
1000000 1000000 1000000 1000000 1000000 1000000 1000000 1000000 1000000 1000000 149 1421 1097 1583 1581 1227 1036 954 921 1142 1645 1401 1582 1337 671 887 777 899 0 627 54 624 672 1150 940 1132 1518 801 1069 968 565 1344 1556 579 1251 949 1104 1417 466 891 564 1641 992 872 123 1259 1068 1181 880 1393 631 1186 4560 4566 4204 4273 4747 4885 4175 5261 4945 4994 4804 4611 5465 5141 5164 5208 5412 4287 4838 5373 5386 5025 4792 3968 5553 4322 4875 5837 4972 4101 4696 4284 4884 3974 4845 4377 4679 4460 5786 4355 4269 3906 4331 5369 4753 4658 5089 3977 4519 4114 4620 4014 4907 4927 3712 3677 4864 4297 4802 4312 3724 4412 4741 4112 3359 3851 4184 4254 4551 4101 3657 4701 3549 3798 4809 4122 4576 4554 4461 4121 3881 3339 3495 3361 4951 4993 4412 3476 3636 4326 4876 4678 4125 4314 4453 3611 3554 4032 5241 1707 6861 6851 3952 3953 2867 695 2633 6491 
1000000 1000000 1000000 1000000 1000000 1000000 1000000 1000000 1000000 1000000 725 863 494 957 979 694 421 365 373 1160 1047 909 1097 871 783 404 376 481 627 0 670 411 552 800 846 582 934 702 579 577 90 746 976 481 641 354 1007 871 179 624 569 1064 775 471 537 666 555 554 337 899 203 831 4988 4982 4515 4615 5136 5164 4525 5662 5326 5278 5162 4945 5765 5463 5431 5616 5795 4602 5062 5759 5752 5417 5056 4295 5887 4743 5309 6174 5294 4516 5070 4697 5156 4307 5180 4801 4930 4885 6121 4762 4653 4294 4704 5757 5184 5073 5457 4344 4896 4419 5054 4323 5329 5316 3111 3106 4277 3735 4266 3711 3206 3822 4144 3511 2782 3253 3574 3637 4030 3510 3111 4159 2970 3264 4268 3563 4036 3967 3889 3528 3283 2731 2877 2763 4356 4384 3811 2871 3117 3742 4330 4071 3514 3755 3843 3020 3027 3432 4644 2137 6310 6319 3343 4562 2541 894 2821 6199 
1000000 1000000 1000000 1000000 1000000 1000000 1000000 1000000 1000000 1000000 160 1449 1145 1626 1615 1279 1082 1002 971 1121 1679 1422 1635 1391 652 940 830 920 54 670 0 678 725 1160 932 1183 1549 798 1093 1022 605 1378 1587 632 1298 985 1093 1469 513 899 561 1692 994 891 145 1293 1121 1223 911 1446 682 1196 4508 4514 4155 4223 4695 4838 4125 5209 4893 4947 4753 4561 5416 5092 5117 5156 5360 4239 4793 5322 5335 4973 4745 3918 5503 4269 4822 5787 4922 4048 4644 4232 4837 3925 4795 4324 4633 4408 5736 4303 4217 3855 4280 5317 4700 4605 5038 3926 4468 4066 4567 3965 4854 4875 3762 3729 4915 4349 4855 4362 3777 4462 4791 4161 3410 3901 4233 4301 4604 4152 3710 4754 3600 3851 4862 4174 4629 4605 4513 4171 3931 3388 3542 3411 5001 5042 4462 3525 3690 4377 4929 4727 4173 4366 4501 3661 3607 4081 5291 1655 6883 6870 4000 3904 2866 667 2659 6483 
1000000 1000000 1000000 1000000 1000000 1000000 1000000 1000000 1000000 1000000 637 1221 619 1155 1281 648 602 483 405 1508 1353 1300 966 721 1077 324 194 891 624 411 678 0 142 1211 1215 576 1265 1063 981 348 454 1068 1310 100 767 719 1383 835 324 1022 878 1077 1170 880 608 1000 491 793 736 784 216 1241 5173 5176 4774 4857 5349 5442 4762 5867 5545 5553 5395 5193 6032 5718 5715 5817 6013 4860 5365 5975 5980 5628 5341 4545 6135 4933 5490 6421 5548 4710 5293 4893 5437 4554 5427 4989 5221 5073 6369 4962 4869 4507 4927 5971 5367 5268 5684 4570 5117 4682 5235 4583 5519 5529 3149 3083 4281 3695 4188 3747 3105 3832 4167 3547 2771 3282 3635 3719 3932 3524 3048 4089 2961 3184 4196 3518 3963 3971 3866 3545 3312 2790 2969 2796 4375 4440 3847 2922 3018 3741 4265 4121 3576 3710 3901 3035 2938 3465 4666 2314 6627 6651 3402 4531 2949 1161 2412 6608 
1000000 1000000 1000000 1000000 1000000 1000000 1000000 1000000 1000000 1000000 652 1356 722 1257 1405 703 718 596 510 1629 1477 1440 971 731 1186 413 291 1032 672 552 725 142 0 1351 1343 649 1395 1190 1122 367 592 1198 1439 101 863 858 1512 881 452 1158 995 1130 1304 1021 679 1132 555 911 877 804 357 1382 5232 5237 4858 4935 5417 5531 4839 5932 5614 5642 5469 5272 6118 5800 5807 5879 6081 4943 5465 6043 6053 5695 5434 4626 6214 4993 5546 6499 5630 4772 5364 4955 5528 4634 5506 5048 5315 5132 6448 5026 4937 4575 4998 6039 5424 5329 5756 4643 5187 4767 5291 4668 5578 5597 3187 3101 4304 3705 4183 3782 3095 3859 4197 3583 2794 3317 3680 3770 3921 3552 3052 4088 2983 3181 4194 3527 3960 3995 3881 3575 3346 2837 3025 2833 4403 4480 3883 2966 3009 3763 4265 4160 3621 3718 3943 3066 2934 3501 4694 2377 6746 6775 3446 4516 3091 1262 2270 6749 
1000000 1000000 1000000 1000000 1000000 1000000 1000000 1000000 1000000 1000000 1295 544 990 1067 808 1272 904 966 1041 670 834 372 1665 1499 685 1126 1152 321 1150 800 1160 1211 1351 0 415 1168 687 435 309 1320 765 654 699 1274 1041 591 444 1383 921 263 623 1457 238 331 1028 603 1202 831 507 1489 1001 37 4671 4648 4048 4183 4759 4647 4106 5294 4934 4765 4742 4498 5264 4991 4898 5258 5399 4137 4489 5368 5333 5041 4525 3854 5426 4422 4997 5714 4826 4191 4675 4363 4631 3871 4729 4482 4387 4567 5658 4419 4278 3932 4314 5368 4871 4735 5045 3952 4506 3947 4747 3858 4999 4937 3230 3337 4418 3971 4558 3809 3568 3963 4255 3617 3009 3381 3627 3648 4362 3657 3410 4438 3184 3589 4550 3814 4325 4117 4091 3668 3413 2829 2902 2910 4468 4424 3904 2975 3479 3909 4597 4132 3568 4000 3895 3185 3374 3544 4745 1961 5756 5728 3409 4686 1754 799 3617 5409 
1000000 1000000 1000000 1000000 1000000 1000000 1000000 1000000 1000000 1000000 1087 942 1205 1414 1200 1471 1112 1133 1183 326 1234 786 1881 1681 321 1240 1222 494 940 846 932 1215 1343 415 0 1358 1084 153 620 1422 774 1014 1102 1250 1297 809 172 1617 892 278 382 1739 180 475 829 946 1364 1105 691 1691 1038 440 4307 4289 3738 3858 4415 4363 3775 4947 4595 4479 4413 4180 4973 4685 4624 4908 5062 3826 4238 5029 5005 4696 4249 3532 5116 4058 4632 5404 4518 3828 4337 4003 4351 3546 4413 4117 4118 4203 5349 4062 3932 3579 3973 5029 4506 4377 4714 3611 4165 3639 4380 3546 4640 4594 3612 3696 4801 4331 4905 4197 3890 4344 4643 4003 3367 3762 4023 4049 4696 4036 3750 4788 3546 3923 4900 4170 4672 4497 4460 4048 3794 3213 3299 3285 4856 4823 4294 3359 3800 4285 4951 4527 3963 4358 4291 3558 3700 3929 5135 1554 6109 6065 3801 4274 1943 409 3541 5552 
1000000 1000000 1000000 1000000 1000000 1000000 1000000 1000000 1000000 1000000 1183 921 185 635 867 115 265 229 216 1683 937 1082 525 332 1354 255 384 889 1132 582 1183 576 649 1168 1358 0 901 1232 865 319 672 722 944 671 246 579 1499 292 683 1094 1141 511 1241 899 1073 692 99 400 681 333 502 1186 5569 5562 5078 5184 5713 5716 5096 6240 5902 5831 5734 5513 6322 6026 5979 6195 6370 5166 5596 6335 6324 5994 5604 4863 6453 5324 5890 6741 5857 5096 5645 5277 5705 4875 5747 5381 5474 5466 6687 5342 5230 4871 5280 6333 5765 5653 6030 4918 5471 4981 5635 4886 5910 5893 2586 2547 3733 3170 3690 3186 2626 3281 3611 2985 2228 2723 3067 3146 3451 2971 2538 3585 2417 2687 3694 2996 3462 3423 3331 2991 2752 2221 2395 2234 3821 3873 3286 2355 2537 3195 3758 3556 3007 3188 3333 2480 2448 2904 4111 2719 6144 6189 2833 5081 2754 1470 2704 6382 
1000000 1000000 1000000 1000000 1000000 1000000 1000000 1000000 1000000 1000000 1639 144 733 464 126 962 697 816 910 1356 150 350 1258 1181 1290 1018 1114 682 1518 934 1549 1265 1395 687 1084 901 0 1052 501 1183 967 198 45 1360 671 581 1131 981 1111 842 1148 946 905 714 1405 270 983 510 639 1134 1065 675 5354 5330 4704 4849 5434 5281 4774 5969 5606 5401 5408 5158 5903 5642 5525 5935 6069 4793 5096 6039 5998 5715 5154 4517 6078 5104 5680 6366 5478 4874 5346 5045 5262 4536 5387 5165 5012 5250 6309 5099 4955 4611 4988 6040 5554 5416 5713 4627 5179 4602 5431 4515 5681 5611 2545 2666 3733 3298 3894 3122 2933 3278 3568 2930 2340 2696 2942 2966 3710 2973 2755 3771 2510 2940 3883 3144 3661 3432 3412 2983 2727 2143 2217 2228 3782 3740 3218 2289 2845 3226 3927 3446 2882 3328 3210 2504 2737 2858 4058 2638 5378 5392 2723 5310 1881 1418 3595 5486 
1000000 1000000 1000000 1000000 1000000 1000000 1000000 1000000 1000000 1000000 950 915 1087 1342 1160 1346 995 1005 1049 459 1202 788 1757 1549 251 1100 1076 406 801 702 798 1063 1190 435 153 1232 1052 0 562 1279 627 957 1075 1097 1189 703 324 1499 740 211 238 1635 213 380 687 882 1232 1007 582 1564 891 467 4391 4377 3850 3964 4511 4484 3879 5041 4694 4600 4517 4289 5091 4799 4748 5000 5162 3939 4368 5128 5109 4792 4373 3640 5227 4143 4716 5515 4631 3914 4436 4091 4474 3653 4523 4202 4243 4288 5461 4152 4027 3672 4071 5127 4590 4466 4816 3709 4264 3753 4463 3659 4727 4690 3552 3618 4739 4254 4819 4142 3793 4282 4586 3946 3289 3701 3974 4008 4605 3973 3663 4705 3471 3831 4816 4090 4587 4433 4388 3986 3733 3155 3253 3220 4799 4778 4239 3300 3704 4218 4870 4479 3914 4279 4243 3491 3605 3871 5081 1602 6181 6146 3750 4269 2069 372 3391 5691 
1000000 1000000 1000000 1000000 1000000 1000000 1000000 1000000 1000000 1000000 1203 374 685 795 602 967 601 672 754 926 648 339 1357 1195 793 846 891 184 1069 579 1093 981 1122 309 620 865 501 562 0 1040 573 397 529 1058 733 297 709 1075 734 354 649 1155 452 216 950 326 905 525 246 1183 765 323 4926 4907 4333 4462 5028 4941 4382 5561 5206 5059 5019 4780 5557 5278 5195 5523 5672 4422 4790 5640 5611 5309 4822 4134 5712 4677 5251 6000 5112 4446 4947 4621 4926 4150 5012 4736 4685 4822 5944 4679 4545 4195 4584 5640 5125 4994 5321 4222 4777 4233 4999 4142 5258 5206 2995 3076 4183 3712 4288 3583 3283 3726 4027 3388 2747 3145 3413 3446 4084 3418 3136 4171 2926 3311 4282 3551 4056 3879 3840 3430 3176 2597 2691 2666 4241 4217 3680 2742 3194 3666 4333 3918 3353 3739 3682 2939 3091 3313 4521 2161 5792 5786 3190 4810 1972 922 3391 5629 
1000000 1000000 1000000 1000000 1000000 1000000 1000000 1000000 1000000 1000000 984 1179 454 953 1165 345 491 382 291 1737 1236 1311 619 374 1344 195 213 1009 968 577 1022 348 367 1320 1422 319 1183 1279 1040 0 657 993 1228 421 561 745 1580 516 591 1186 1133 766 1339 1010 940 946 221 674 813 440 404 1344 5501 5501 5071 5162 5667 5728 5070 6188 5861 5841 5705 5496 6325 6017 5998 6139 6329 5158 5634 6292 6293 5947 5623 4847 6438 5259 5819 6725 5848 5034 5607 5217 5721 4857 5730 5315 5499 5399 6673 5285 5185 4824 5241 6289 5695 5592 5997 4883 5432 4977 5563 4879 5845 5848 2820 2741 3942 3351 3841 3416 2758 3496 3832 3217 2431 2951 3313 3403 3585 3188 2702 3742 2621 2837 3849 3173 3616 3632 3523 3210 2980 2470 2661 2467 4039 4114 3517 2599 2671 3401 3918 3794 3254 3365 3576 2701 2591 3135 4330 2640 6463 6506 3080 4873 2991 1444 2413 6638 
1000000 1000000 1000000 1000000 1000000 1000000 1000000 1000000 1000000 1000000 675 885 579 1024 1021 783 502 453 462 1083 1088 910 1186 959 696 489 450 450 565 90 605 454 592 765 774 672 967 627 573 657 0 785 1008 511 723 389 938 961 162 568 482 1150 716 435 466 703 644 622 343 988 265 797 4898 4893 4428 4527 5047 5078 4437 5573 5237 5192 5074 4858 5679 5375 5346 5527 5706 4515 4979 5670 5663 5328 4972 4208 5799 4653 5220 6087 5207 4427 4982 4607 5070 4219 5092 4711 4846 4796 6033 4673 4564 4204 4616 5668 5095 4983 5368 4255 4807 4333 4965 4236 5240 5227 3192 3192 4360 3821 4354 3792 3295 3904 4226 3592 2868 3335 3652 3713 4119 3593 3198 4246 3055 3353 4356 3649 4124 4050 3974 3611 3365 2811 2953 2845 4438 4463 3892 2951 3206 3826 4417 4151 3593 3841 3922 3103 3116 3513 4726 2048 6337 6340 3421 4485 2515 805 2852 6172 
1000000 1000000 1000000 1000000 1000000 1000000 1000000 1000000 1000000 1000000 1459 204 546 414 238 792 503 621 716 1312 303 404 1120 1018 1181 823 917 561 1344 746 1378 1068 1198 654 1014 722 198 957 397 993 785 0 242 1163 505 397 1089 836 924 750 1018 844 842 591 1235 86 798 323 472 979 869 652 5315 5295 4701 4837 5411 5296 4759 5944 5587 5414 5395 5152 5915 5644 5545 5908 6051 4790 5128 6020 5986 5692 5173 4507 6079 5066 5641 6367 5479 4835 5327 5009 5279 4524 5383 5126 5033 5211 6311 5066 4929 4581 4966 6021 5515 5382 5699 4604 5158 4600 5390 4511 5646 5589 2599 2688 3787 3323 3905 3187 2915 3331 3631 2992 2359 2749 3018 3053 3708 3023 2756 3786 2536 2935 3898 3164 3673 3483 3447 3035 2781 2201 2297 2271 3845 3822 3284 2346 2827 3271 3946 3522 2958 3351 3287 2545 2722 2917 4125 2557 5570 5587 2794 5183 2038 1311 3404 5661 
1000000 1000000 1000000 1000000 1000000 1000000 1000000 1000000 1000000 1000000 1679 161 777 488 135 1003 741 861 955 1367 137 350 1293 1221 1316 1063 1159 712 1556 976 1587 1310 1439 699 1102 944 45 1075 529 1228 1008 242 0 1404 712 623 1142 1018 1153 865 1178 975 922 744 1443 313 1027 554 677 1173 1109 685 5361 5335 4702 4849 5438 5276 4776 5972 5609 5395 5409 5157 5898 5639 5518 5939 6070 4792 5087 6041 5998 5718 5148 4518 6076 5111 5687 6364 5476 4880 5349 5051 5256 4536 5386 5171 5005 5257 6306 5105 4959 4616 4991 6042 5560 5421 5714 4630 5182 4600 5438 4514 5686 5614 2537 2666 3725 3297 3895 3112 2941 3271 3559 2921 2341 2689 2929 2950 3714 2967 2760 3772 2509 2946 3884 3145 3663 3425 3408 2976 2720 2136 2204 2223 3772 3726 3207 2281 2854 3221 3927 3433 2870 3328 3196 2500 2745 2849 4047 2655 5335 5348 2711 5337 1845 1443 3639 5445 
1000000 1000000 1000000 1000000 1000000 1000000 1000000 1000000 1000000 1000000 571 1312 719 1255 1378 738 701 583 505 1533 1450 1383 1036 793 1088 421 291 957 579 481 632 100 101 1274 1250 671 1360 1097 1058 421 511 1163 1404 0 867 806 1419 923 363 1073 897 1168 1217 944 581 1093 583 891 814 861 300 1306 5138 5143 4759 4836 5321 5432 4741 5836 5517 5543 5372 5174 6019 5701 5707 5784 5985 4844 5365 5947 5956 5599 5334 4527 6116 4899 5453 6401 5531 4677 5267 4860 5428 4535 5408 4954 5216 5037 6350 4931 4841 4479 4901 5943 5330 5234 5659 4546 5090 4668 5198 4568 5484 5500 3235 3161 4362 3770 4255 3832 3170 3915 4250 3633 2851 3368 3724 3810 3996 3607 3120 4159 3041 3252 4265 3592 4032 4052 3943 3628 3397 2880 3062 2882 4458 4527 3933 3011 3083 3821 4335 4208 3665 3784 3989 3119 3006 3551 4749 2281 6725 6748 3491 4453 3021 1163 2343 6679 
1000000 1000000 1000000 1000000 1000000 1000000 1000000 1000000 1000000 1000000 1325 709 156 396 626 291 221 301 363 1621 694 892 631 513 1351 451 577 805 1251 641 1298 767 863 1041 1297 246 671 1189 733 561 723 505 712 867 0 489 1418 345 786 1021 1145 448 1156 823 1172 494 342 211 608 476 637 1053 5571 5560 5034 5152 5698 5656 5067 6228 5882 5773 5705 5475 6268 5982 5914 6186 6350 5122 5517 6316 6297 5980 5540 4826 6412 5324 5895 6700 5814 5095 5624 5273 5643 4840 5709 5383 5406 5468 6645 5336 5214 4859 5260 6315 5769 5649 6005 4897 5452 4935 5641 4842 5909 5878 2471 2474 3637 3105 3650 3071 2609 3182 3504 2871 2148 2613 2936 3003 3425 2871 2492 3539 2335 2654 3650 2935 3419 3328 3254 2888 2643 2092 2245 2123 3716 3746 3171 2231 2519 3104 3708 3432 2876 3127 3205 2381 2423 2791 4004 2742 5904 5946 2704 5199 2543 1475 2948 6157 
1000000 1000000 1000000 1000000 1000000 1000000 1000000 1000000 1000000 1000000 1063 511 407 680 633 686 317 377 458 1133 699 585 1088 910 881 552 606 319 949 354 985 719 858 591 809 579 581 703 297 745 389 397 623 806 489 0 934 814 531 533 688 933 672 335 842 315 611 307 121 905 506 611 5091 5078 4546 4664 5213 5169 4580 5744 5396 5286 5218 4987 5781 5493 5428 5703 5864 4634 5035 5830 5809 5495 5054 4338 5924 4844 5416 6212 5326 4614 5138 4792 5157 4352 5220 4903 4921 4988 6157 4853 4729 4375 4773 5829 5290 5167 5518 4411 4966 4447 5162 4354 5428 5392 2889 2929 4070 3564 4122 3485 3091 3613 3925 3287 2601 3036 3332 3382 3904 3302 2964 4008 2785 3131 4119 3397 3890 3762 3704 3317 3067 2499 2621 2549 4138 4141 3584 2641 3001 3543 4175 3834 3272 3588 3602 2815 2903 3210 4423 2278 5956 5966 3104 4825 2255 1009 3115 5910 
