NAME : P133112
TYPE : ATSP
DIMENSION : 170
EDGE_WEIGHT_TYPE : EXPLICIT
EDGE_WEIGHT_FORMAT : FULL_MATRIX
EDGE_WEIGHT_SECTION
1000000 1000000 1000000 1000000 1000000 1000000 1000000 1000000 1000000 1000000 5149 7864 5938 7290 5451 5848 2221 3096 2486 5751 7198 6795 2103 4037 2875 1465 1529 8522 6094 3280 1378 6521 9068 5001 3376 2906 7701 6549 6608 9587 9874 9057 9687 8931 9468 10372 9592 9678 10008 9311 9505 9278 9645 10329 10384 9673 8844 10173 9490 10278 9528 10203 9764 9478 10155 6553 6312 6579 6401 6552 6483 6301 6562 6163 6634 6381 6560 6686 6202 6244 6074 6692 6586 6383 5850 6374 6616 6562 6460 6584 3591 3371 4059 3770 3169 4029 3365 4072 3375 3782 3424 3486 4045 3061 4218 2980 3337 3819 4052 3085 3770 3160 3330 4137 6721 6361 6432 6361 5964 6275 6253 7194 6440 6520 6291 6104 6398 6024 6465 6518 6050 6943 6189 7210 6100 7146 6727 6115 6797 6902 6838 7398 7862 7873 7301 7477 7615 8135 8068 7660 7559 7658 7920 7811 7254 7313 7654 7196 7763 7374 0 1000000 1000000 1000000 1000000 1000000 1000000 1000000 1000000 1000000 
1000000 1000000 1000000 1000000 1000000 1000000 1000000 1000000 1000000 1000000 6487 7851 7406 7874 8020 4151 3190 469 5111 8126 6319 6166 3047 1597 1277 3985 2313 8989 8670 5891 3964 5773 9693 5670 5275 2471 6263 8217 5447 10413 10687 9745 10285 9651 10280 11159 10320 10351 10734 9958 10137 9951 10325 11131 11175 10430 9557 10904 10361 11070 10428 10943 10362 10109 10881 8950 8561 8910 8592 8956 8808 8587 8928 8460 8892 8792 8930 8892 8514 8568 8467 8892 8906 8666 8167 8581 8895 8928 8790 8907 6059 5829 6638 6344 5683 6547 5949 6541 5985 6255 5972 6077 6582 5546 6763 5502 5948 6321 6632 5615 6357 5777 5796 6698 5310 4930 5012 5084 4680 4631 5096 5903 5080 5257 5035 4609 4771 4641 5026 5223 4702 5438 5045 5641 4855 5926 5081 4878 5288 5435 5667 8716 9199 9343 8764 8712 9127 9568 9399 8964 9116 9220 9449 9274 8620 8740 9263 8637 9206 8808 1000000 0 1000000 1000000 1000000 1000000 1000000 1000000 1000000 1000000 
1000000 1000000 1000000 1000000 1000000 1000000 1000000 1000000 1000000 1000000 6577 4740 7379 5921 10685 1024 5213 4932 8854 10027 2107 2565 8090 3835 4099 8184 7289 6465 11297 9139 7524 2176 7306 4984 6968 3927 1127 8354 1149 8274 8469 7472 7726 7460 8138 8813 8006 7924 8340 7558 7671 7602 7916 8818 8832 8152 7374 8490 8320 8747 8433 8539 7789 7647 8461 10782 10009 10535 9874 10810 10429 10133 10662 10063 10301 10696 10673 10154 10149 10229 10363 10139 10497 10190 9883 9906 10363 10662 10429 10507 8685 8486 9567 9301 8547 9227 9028 9059 9217 8851 8886 9168 9330 8352 9512 8436 9193 8996 9568 8545 9382 9090 8482 9527 503 543 526 867 1021 543 1162 1036 656 880 929 673 402 842 472 801 871 335 1204 471 1021 1190 167 1031 246 407 1180 7971 8371 8765 8312 7798 8692 8858 8510 8127 8780 8870 8975 8698 8003 8219 9006 8174 8602 8285 1000000 1000000 0 1000000 1000000 1000000 1000000 1000000 1000000 1000000 
1000000 1000000 1000000 1000000 1000000 1000000 1000000 1000000 1000000 1000000 949 4858 545 3248 4400 7240 3983 7483 5142 3089 6310 5601 7592 7642 6322 5748 7085 4304 4793 4437 4670 5720 4437 2552 2210 5071 7772 1046 6580 4561 4839 4318 5000 4161 4476 5324 4711 4872 5080 4601 4790 4530 4833 5265 5331 4738 4101 5222 4412 5232 4406 5236 5066 4768 5213 3623 2699 3265 2484 3665 3173 2871 3450 2855 2930 3609 3466 2725 2949 3035 3337 2705 3210 2903 2809 2536 3018 3450 3185 3226 3370 3374 4123 4053 3692 3621 4140 3325 4438 3370 3849 4207 3759 3576 3839 3777 4450 3529 4134 3791 4186 4522 3416 3960 7134 6986 7001 6686 6521 7360 6405 7155 6888 6738 6615 6983 7393 6733 7055 6799 6679 7452 6351 7745 6505 6982 7616 6496 7375 7350 6716 1969 2383 2322 1761 2140 2059 2592 2584 2222 2004 2105 2364 2262 1787 1793 2116 1671 2222 1847 1000000 1000000 1000000 0 1000000 1000000 1000000 1000000 1000000 1000000 
1000000 1000000 1000000 1000000 1000000 1000000 1000000 1000000 1000000 1000000 4513 7400 5287 6731 4970 5827 1786 3501 2244 5161 6931 6478 2724 4315 3034 1543 2189 7970 5620 2868 949 6238 8490 4464 2714 2765 7566 5888 6422 8981 9269 8470 9109 8341 8864 9767 8998 9091 9412 8729 8924 8693 9057 9723 9779 9074 8255 9576 8879 9673 8913 9604 9186 8896 9559 5972 5690 5978 5769 5974 5880 5687 5971 5551 6015 5805 5971 6057 5595 5640 5491 6062 5981 5769 5243 5745 6002 5971 5858 5980 3032 2806 3591 3296 2638 3503 2905 3516 2961 3227 2922 3035 3534 2509 3714 2455 2926 3282 3585 2567 3313 2764 2769 3648 6597 6251 6318 6211 5828 6227 6076 7029 6310 6363 6138 6019 6342 5911 6355 6369 5928 6841 6010 7120 5949 6964 6668 5961 6698 6790 6650 6753 7214 7217 6646 6838 6957 7480 7420 7015 6899 6999 7261 7155 6605 6660 6993 6543 7108 6721 1000000 1000000 1000000 1000000 0 1000000 1000000 1000000 1000000 1000000 
1000000 1000000 1000000 1000000 1000000 1000000 1000000 1000000 1000000 1000000 5645 7398 6548 7235 7078 4352 2322 1395 4251 7162 6171 5913 2772 2267 1245 3204 1964 8396 7729 4975 3046 5560 9060 4972 4332 1955 6366 7328 5406 9729 10008 9094 9664 8991 9598 10490 9662 9709 10079 9320 9505 9306 9681 10457 10504 9764 8898 10249 9664 10399 9724 10285 9742 9477 10227 7986 7601 7946 7635 7992 7844 7624 7964 7497 7931 7829 7966 7934 7551 7604 7503 7935 7942 7704 7203 7623 7933 7964 7826 7943 5102 4872 5703 5408 4734 5595 5018 5583 5069 5298 5029 5148 5634 4592 5817 4555 5033 5368 5697 4669 5427 4866 4840 5756 5385 5008 5086 5091 4681 4813 5047 5931 5127 5261 5031 4713 4947 4689 5110 5241 4735 5562 4988 5801 4841 5921 5272 4861 5412 5540 5635 7898 8381 8497 7916 7914 8272 8731 8583 8152 8251 8355 8592 8429 7791 7899 8389 7793 8365 7967 1000000 1000000 1000000 1000000 1000000 0 1000000 1000000 1000000 1000000 
1000000 1000000 1000000 1000000 1000000 1000000 1000000 1000000 1000000 1000000 6598 7521 7534 7718 8581 3456 3416 452 5783 8575 5784 5703 3835 806 1059 4705 3104 8776 9234 6503 4576 5288 9517 5609 5604 2379 5590 8395 4858 10288 10554 9587 10093 9504 10152 11013 10166 10181 10574 9785 9957 9785 10157 10990 11030 10284 9410 10744 10250 10927 10325 10785 10169 9929 10720 9403 8950 9332 8956 9412 9227 8991 9366 8870 9280 9253 9370 9258 8930 8989 8922 9256 9322 9068 8589 8951 9292 9366 9211 9325 6576 6345 7216 6921 6230 7084 6536 7053 6597 6773 6533 6669 7131 6079 7316 6055 6561 6853 7211 6170 6944 6397 6316 7261 4660 4284 4366 4475 4080 3938 4518 5271 4449 4646 4432 3954 4079 4015 4376 4605 4084 4762 4473 4948 4260 5311 4379 4285 4615 4768 5070 8769 9251 9436 8863 8739 9238 9645 9446 9009 9242 9346 9561 9366 8690 8828 9404 8732 9292 8898 1000000 1000000 1000000 1000000 1000000 1000000 0 1000000 1000000 1000000 
1000000 1000000 1000000 1000000 1000000 1000000 1000000 1000000 1000000 1000000 5582 1946 6058 3659 10489 4017 6074 7447 9634 9422 1285 1401 9992 6600 6263 9377 9193 3668 11004 9547 8434 1756 4466 4160 6895 5406 2554 6913 2327 5457 5594 4673 4751 4710 5334 5851 5125 4995 5391 4679 4747 4747 4996 5871 5871 5276 4641 5521 5550 5801 5676 5571 4801 4728 5491 10031 9118 9683 8898 10071 9590 9287 9864 9263 9344 10002 9880 9125 9357 9443 9708 9102 9629 9321 9182 8953 9436 9864 9601 9644 8773 8632 9699 9493 8812 9252 9344 9008 9601 8888 9121 9469 9382 8619 9535 8766 9590 9057 9704 8852 9605 9548 8647 9599 2839 3095 3027 2751 3065 3665 2596 2280 2882 2611 2761 3402 3561 3215 3052 2683 3124 2988 2625 3082 2884 2114 3470 2856 3060 2900 2184 6036 6309 6795 6501 5787 6823 6793 6388 6103 6960 7026 7037 6740 6145 6381 7198 6381 6643 6433 1000000 1000000 1000000 1000000 1000000 1000000 1000000 0 1000000 1000000 
1000000 1000000 1000000 1000000 1000000 1000000 1000000 1000000 1000000 1000000 2546 5885 1698 4119 4286 8842 5544 9053 5994 2756 7710 6998 8837 9261 7926 6832 8414 4876 4468 5093 5831 7171 4719 4096 3538 6693 9240 738 8084 4488 4722 4536 5165 4378 4448 5143 4755 4959 5039 4800 4960 4709 4919 5074 5144 4729 4350 5143 4305 5062 4251 5142 5215 4945 5144 2914 1991 2478 1682 2964 2426 2191 2706 2262 2044 2987 2726 1760 2341 2411 2843 1731 2409 2175 2409 1762 2162 2706 2453 2429 4040 4133 4532 4569 4466 4076 4789 3800 5063 3961 4508 4810 4195 4413 4202 4604 5087 4080 4545 4579 4694 5209 4182 4347 8664 8540 8550 8224 8085 8940 7937 8633 8429 8263 8155 8558 8966 8302 8604 8328 8243 8981 7886 9267 8057 8451 9174 8045 8913 8876 8202 1923 2029 1627 1410 2212 1361 1893 2151 2046 1193 1232 1488 1612 1729 1535 1094 1462 1651 1526 1000000 1000000 1000000 1000000 1000000 1000000 1000000 1000000 0 1000000 
1000000 1000000 1000000 1000000 1000000 1000000 1000000 1000000 1000000 1000000 2552 1781 3064 1470 7509 4676 3959 6599 7063 6395 3009 2299 8216 6206 5271 7083 7487 2504 8001 6790 6024 2527 3233 1301 4067 4017 4585 3973 3518 4048 4301 3314 3810 3242 3909 4744 3894 3898 4297 3502 3673 3506 3876 4725 4761 4017 3147 4466 4034 4660 4125 4508 3886 3645 4441 6999 6090 6655 5876 7039 6560 6257 6833 6231 6322 6970 6849 6111 6325 6411 6677 6089 6601 6292 6151 5929 6412 6833 6571 6616 5913 5800 6825 6647 6022 6355 6554 6093 6831 6006 6305 6669 6490 5840 6630 6008 6826 6178 6833 6079 6769 6815 5822 6708 4149 4117 4105 3750 3731 4622 3456 4001 3962 3746 3693 4231 4607 3961 4157 3821 3882 4452 3420 4713 3647 3809 4743 3628 4415 4343 3595 3369 3757 4165 3747 3186 4115 4247 3895 3515 4219 4302 4384 4100 3419 3644 4452 3613 4003 3707 1000000 1000000 1000000 1000000 1000000 1000000 1000000 1000000 1000000 0 
1000000 1000000 1000000 1000000 1000000 1000000 1000000 1000000 1000000 1000000 0 4150 941 2721 5007 6301 3323 6765 5171 3843 5397 4691 7237 6830 5550 5574 6657 3902 5470 4636 4466 4791 4207 1608 2036 4263 6835 1875 5636 4537 4824 4136 4810 3989 4430 5323 4609 4736 5009 4413 4609 4358 4699 5273 5333 4665 3914 5166 4417 5229 4438 5189 4884 4583 5152 4459 3571 4131 3382 4497 4033 3729 4300 3694 3826 4423 4315 3639 3787 3873 4126 3621 4081 3770 3601 3428 3906 4300 4041 4095 3632 3575 4489 4360 3857 3993 4360 3710 4655 3682 4082 4451 4133 3704 4248 3898 4660 3852 4498 3940 4491 4695 3609 4347 6187 6037 6053 5738 5573 6414 5458 6216 5940 5791 5667 6036 6446 5785 6106 5852 5731 6505 5404 6798 5557 6045 6667 5547 6427 6403 5775 2272 2749 2857 2277 2331 2644 3087 2954 2531 2644 2749 2967 2788 2151 2256 2811 2151 2722 2324 5149 6487 6577 949 4513 5645 6598 5582 2546 2552 
1000000 1000000 1000000 1000000 1000000 1000000 1000000 1000000 1000000 1000000 4150 0 4420 1784 9156 5164 5645 7888 8843 7940 2680 2192 9859 7286 6585 8837 9103 1771 9610 8557 7791 2624 2602 3081 5829 5449 4281 5181 3602 3591 3760 2791 2988 2808 3461 4079 3292 3194 3607 2841 2941 2895 3188 4088 4099 3440 2732 3754 3664 4017 3786 3804 3050 2918 3725 8467 7524 8089 7277 8511 8003 7706 8286 7702 7717 8463 8303 7476 7796 7882 8194 7451 8029 7730 7666 7339 7817 8286 8018 8046 7655 7552 8557 8391 7785 8077 8315 7807 8596 7738 8061 8426 8214 7606 8346 7777 8592 7910 8565 7845 8515 8585 7577 8432 4238 4365 4320 3973 4135 4945 3718 3839 4162 3891 3946 4595 4880 4345 4362 3974 4252 4478 3713 4659 3988 3642 4897 3962 4500 4372 3565 4166 4402 4900 4654 3903 4953 4879 4468 4208 5099 5157 5146 4849 4294 4529 5336 4544 4753 4576 7864 7851 4740 4858 7400 7398 7521 1946 5885 1781 
1000000 1000000 1000000 1000000 1000000 1000000 1000000 1000000 1000000 1000000 941 4420 0 2757 4922 7166 4227 7693 5653 3571 6040 5327 7999 7770 6488 6213 7462 3776 5295 4972 5122 5483 3893 2405 2647 5204 7551 979 6387 4026 4306 3774 4455 3617 3938 4794 4170 4329 4542 4057 4246 3986 4290 4736 4801 4198 3557 4685 3880 4701 3878 4700 4522 4223 4676 4050 3105 3669 2860 4094 3583 3287 3867 3288 3303 4053 3884 3072 3382 3467 3798 3049 3610 3310 3274 2921 3401 3867 3599 3627 3909 3906 4667 4596 4221 4165 4677 3870 4975 3912 4387 4745 4304 4099 4384 4300 4986 4072 4679 4318 4729 5054 3947 4504 6966 6844 6853 6526 6392 7251 6239 6941 6732 6565 6457 6867 7274 6610 6907 6630 6550 7283 6188 7569 6361 6761 7479 6349 7215 7178 6508 1486 1931 1957 1376 1627 1725 2206 2136 1746 1711 1816 2045 1891 1323 1377 1872 1262 1834 1440 5938 7406 7379 545 5287 6548 7534 6058 1698 3064 
1000000 1000000 1000000 1000000 1000000 1000000 1000000 1000000 1000000 1000000 2721 1784 2757 0 7638 6087 5130 8015 7796 6326 4077 3424 9377 7667 6689 8019 8688 1245 8041 7340 6920 3756 1825 2303 4660 5405 5715 3431 4785 2582 2841 1873 2431 1787 2444 3296 2451 2479 2862 2087 2270 2078 2452 3273 3313 2566 1692 3032 2565 3210 2656 3071 2509 2242 3008 6791 5837 6396 5574 6836 6315 6026 6602 6035 6007 6802 6620 5755 6128 6213 6554 5729 6334 6042 6031 5640 6112 6602 6333 6351 6351 6287 7207 7081 6559 6710 7070 6424 7364 6402 6795 7166 6850 6398 6960 6586 7366 6572 7217 6636 7211 7391 6319 7063 5433 5455 5432 5072 5107 5990 4783 5182 5281 5041 5023 5605 5960 5336 5482 5121 5252 5719 4756 5954 5003 4983 6061 4982 5703 5609 4820 2387 2653 3137 2871 2131 3175 3140 2741 2444 3318 3379 3380 3083 2510 2746 3555 2760 2986 2793 7290 7874 5921 3248 6731 7235 7718 3659 4119 1470 
1000000 1000000 1000000 1000000 1000000 1000000 1000000 1000000 1000000 1000000 5007 9156 4922 7638 0 10063 5635 8469 3236 1536 10071 9413 6641 9204 7840 4491 6607 8698 654 2214 4076 9390 8760 6332 3739 7079 11260 4606 10013 8701 8952 8613 9281 8453 8643 9396 8925 9112 9247 8892 9071 8811 9072 9329 9398 8921 8405 9366 8526 9311 8486 9370 9341 9051 9364 1791 2383 2134 2683 1754 2112 2207 1950 2091 2507 1610 1934 2764 2037 1995 1549 2791 2192 2259 1883 2605 2403 1950 2076 2175 2059 2283 1393 1682 2354 1519 2087 1634 2123 1873 2050 1972 1455 2514 1268 2526 2163 1757 1401 2412 1688 2352 2303 1322 10422 10162 10205 9972 9682 10350 9741 10644 10137 10078 9894 10037 10430 9844 10254 10117 9822 10724 9676 11027 9735 10510 10723 9736 10608 10641 10203 6025 6256 5906 5581 6281 5628 6177 6405 6215 5468 5516 5772 5884 5815 5685 5378 5581 5910 5701 5451 8020 10685 4400 4970 7078 8581 10489 4286 7509 
1000000 1000000 1000000 1000000 1000000 1000000 1000000 1000000 1000000 1000000 6301 5164 7166 6087 10063 0 4478 3908 8033 9525 2740 2990 7092 2821 3109 7290 6296 6799 10691 8396 6699 2545 7633 4770 6405 3103 2140 8143 1691 8565 8783 7775 8106 7743 8427 9165 8333 8276 8694 7894 8026 7928 8264 9162 9184 8473 7653 8852 8589 9093 8694 8899 8174 8001 8823 10307 9589 10093 9482 10332 9986 9697 10203 9615 9894 10206 10213 9771 9697 9775 9869 9759 10060 9759 9411 9506 9947 10203 9982 10069 8029 7819 8882 8606 7849 8575 8308 8429 8477 8204 8189 8450 8669 7658 8855 7724 8451 8340 8882 7837 8678 8336 7811 8857 1271 937 1013 1268 1029 482 1468 1906 1144 1408 1267 616 623 827 1002 1339 922 1315 1462 1493 1184 1998 932 1211 1172 1335 1843 7934 8365 8716 8223 7793 8611 8840 8522 8116 8680 8776 8910 8647 7940 8142 8896 8083 8554 8211 5848 4151 1024 7240 5827 4352 3456 4017 8842 4676 
1000000 1000000 1000000 1000000 1000000 1000000 1000000 1000000 1000000 1000000 3323 5645 4227 5130 5635 4478 0 3509 3698 5320 5198 4713 4264 3826 2440 3303 3559 6346 6277 3929 2407 4496 6935 2827 2225 1446 5980 5028 4783 7526 7810 6943 7550 6826 7400 8302 7495 7564 7913 7186 7377 7161 7533 8264 8315 7587 6737 8081 7446 8209 7497 8114 7629 7349 8062 6142 5596 6018 5577 6158 5911 5656 6079 5545 5924 6010 6085 5880 5613 5679 5671 5876 6001 5730 5285 5578 5947 6079 5899 6006 3581 3363 4409 4131 3374 4127 3831 4008 4008 3763 3713 3973 4213 3185 4400 3247 3983 3889 4409 3359 4201 3877 3350 4392 5044 4728 4786 4625 4271 4812 4453 5408 4752 4763 4549 4543 4909 4391 4829 4782 4391 5316 4386 5610 4367 5321 5223 4375 5183 5250 5003 5582 6063 6175 5594 5606 5951 6409 6267 5837 5934 6038 6272 6108 5472 5578 6076 5471 6043 5645 2221 3190 5213 3983 1786 2322 3416 6074 5544 3959 
1000000 1000000 1000000 1000000 1000000 1000000 1000000 1000000 1000000 1000000 6765 7888 7693 8015 8469 3908 3509 0 5578 8544 6213 6112 3437 1209 1328 4453 2733 9098 9121 6351 4422 5703 9824 5859 5646 2625 6041 8528 5298 10574 10843 9887 10407 9799 10438 11309 10465 10486 10875 10091 10266 10088 10461 11283 11325 10579 9705 11045 10529 11221 10601 11085 10484 10238 11022 9370 8959 9319 8981 9377 9216 8990 9343 8865 9290 9214 9345 9281 8921 8977 8887 9281 9313 9068 8576 8972 9296 9343 9199 9315 6496 6266 7091 6797 6128 6990 6404 6977 6445 6692 6421 6533 7028 5987 7210 5949 6408 6763 7085 6062 6812 6238 6234 7148 5110 4733 4815 4918 4521 4390 4956 5719 4896 5090 4874 4404 4531 4461 4825 5050 4529 5214 4909 5399 4701 5756 4831 4726 5066 5219 5512 8968 9451 9616 9039 8952 9408 9833 9649 9213 9404 9508 9731 9546 8881 9010 9558 8910 9475 9079 3096 469 4932 7483 3501 1395 452 7447 9053 6599 
1000000 1000000 1000000 1000000 1000000 1000000 1000000 1000000 1000000 1000000 5171 8843 5653 7796 3236 8033 3698 5578 0 4005 8860 8326 3407 6507 5270 1267 3405 9025 3831 1070 1335 8153 9378 5765 3147 4937 9670 5909 8480 9658 9942 9304 9981 9156 9561 10435 9763 9899 10154 9582 9778 9526 9862 10380 10443 9809 9083 10305 9521 10342 9526 10324 10053 9753 10294 4697 4769 4855 4957 4681 4780 4689 4768 4541 5047 4507 4761 5190 4549 4563 4262 5206 4883 4769 4220 4905 4992 4768 4749 4875 1971 1861 1912 1686 1528 2129 1315 2323 1148 2089 1545 1368 2071 1593 2186 1395 1109 2018 1900 1415 1619 924 1812 2057 8721 8392 8454 8313 7948 8415 8148 9104 8431 8454 8237 8182 8524 8052 8494 8470 8060 8982 8081 9271 8052 9018 8847 8062 8845 8923 8700 7109 7504 7350 6843 7277 7063 7635 7698 7359 6955 7039 7319 7302 6922 6899 6974 6777 7284 6945 2486 5111 8854 5142 2244 4251 5783 9634 5994 7063 
1000000 1000000 1000000 1000000 1000000 1000000 1000000 1000000 1000000 1000000 3843 7940 3571 6326 1536 9525 5320 8544 4005 0 9153 8464 7309 9101 7707 5137 7111 7317 1751 2948 4416 8503 7315 5332 3145 6739 10474 3126 9234 7203 7448 7157 7816 6997 7151 7884 7442 7635 7752 7433 7607 7349 7595 7816 7886 7431 6955 7865 7025 7801 6980 7867 7873 7588 7864 828 874 854 1159 840 775 729 811 591 1078 691 811 1287 567 564 352 1311 879 800 348 1083 1003 811 745 871 2184 2391 2164 2332 2643 1878 2691 1727 2882 2007 2489 2644 1937 2710 1846 2831 2918 2022 2178 2746 2422 3091 2434 1989 9709 9489 9522 9253 9007 9753 8998 9850 9435 9338 9176 9410 9816 9191 9574 9387 9157 10021 8936 10324 9034 9698 10085 9030 9919 9929 9404 4544 4748 4380 4081 4810 4106 4648 4889 4721 3944 3987 4241 4362 4335 4190 3847 4091 4392 4201 5751 8126 10027 3089 5161 7162 8575 9422 2756 6395 
1000000 1000000 1000000 1000000 1000000 1000000 1000000 1000000 1000000 1000000 5397 2680 6040 4077 10071 2740 5198 6213 8860 9153 0 713 8902 5329 5072 8472 8095 4439 10630 8897 7601 709 5277 3827 6367 4334 1641 6972 1050 6260 6438 5458 5661 5462 6128 6756 5970 5873 6285 5519 5619 5571 5867 6766 6776 6118 5381 6430 6323 6695 6442 6480 5720 5597 6401 9830 8965 9521 8778 9866 9421 9117 9681 9073 9222 9777 9695 9031 9165 9249 9463 9012 9472 9161 8949 8824 9302 9681 9427 9486 8225 8060 9149 8918 8200 8735 8723 8515 8960 8361 8525 8855 8857 8004 9023 8130 8944 8524 9153 8226 9021 8880 8068 9069 1615 1831 1768 1473 1781 2411 1313 1160 1617 1341 1478 2127 2318 1932 1798 1417 1840 1819 1343 1982 1600 964 2271 1572 1861 1718 936 6327 6673 7118 6736 6114 7094 7166 6786 6443 7207 7287 7347 7056 6398 6628 7443 6605 6958 6688 7198 6319 2107 6310 6931 6171 5784 1285 7710 3009 
1000000 1000000 1000000 1000000 1000000 1000000 1000000 1000000 1000000 1000000 4691 2192 5327 3424 9413 2990 4713 6112 8326 8464 713 0 8591 5337 4895 8012 7792 3900 9962 8308 7096 450 4742 3133 5730 4005 2307 6260 1418 5710 5904 4908 5170 4898 5575 6252 5441 5362 5779 4994 5109 5038 5353 6256 6271 5587 4814 5931 5759 6185 5874 5979 5234 5085 5901 9132 8261 8818 8072 9169 8719 8415 8981 8373 8516 9082 8995 8323 8465 8550 8771 8304 8770 8458 8255 8118 8597 8981 8726 8783 7599 7442 8525 8302 7596 8101 8123 7874 8368 7729 7916 8253 8225 7401 8388 7535 8354 7894 8530 7627 8409 8299 7452 8440 2064 2173 2130 1781 1964 2753 1531 1758 1972 1703 1755 2408 2689 2165 2172 1786 2071 2326 1530 2541 1808 1559 2719 1781 2331 2217 1411 5634 5990 6427 6035 5427 6396 6483 6108 5757 6507 6587 6653 6364 5699 5928 6742 5903 6266 5989 6795 6166 2565 5601 6478 5913 5703 1401 6998 2299 
1000000 1000000 1000000 1000000 1000000 1000000 1000000 1000000 1000000 1000000 7237 9859 7999 9377 6641 7092 4264 3437 3407 7309 8902 8591 0 4636 3993 2180 811 10603 7225 4458 3016 8267 11164 7080 5385 4587 9134 8553 8172 11689 11977 11156 11782 11031 11570 12474 11693 11778 12109 11409 11603 11377 11745 12431 12486 11775 10944 12275 11592 12380 11629 12305 11860 11575 12257 8051 7991 8163 8130 8040 8078 7944 8102 7799 8296 7865 8097 8395 7821 7848 7597 8406 8182 8026 7476 8091 8257 8102 8050 8177 5142 4957 5307 5059 4675 5451 4660 5583 4543 5308 4827 4740 5420 4635 5557 4491 4503 5289 5295 4568 5009 4314 4910 5439 8155 7777 7856 7862 7452 7561 7812 8703 7898 8031 7801 7478 7697 7460 7879 8013 7506 8326 7753 8558 7611 8691 8019 7631 8176 8307 8402 9471 9929 9913 9348 9561 9648 10181 10135 9733 9581 9678 9946 9853 9320 9367 9661 9249 9810 9427 2103 3047 8090 7592 2724 2772 3835 9992 8837 8216 
1000000 1000000 1000000 1000000 1000000 1000000 1000000 1000000 1000000 1000000 6830 7286 7770 7667 9204 2821 3826 1209 6507 9101 5329 5337 4636 0 1395 5467 3910 8657 9857 7176 5263 4903 9429 5686 6049 2572 4959 8671 4347 10249 10505 9519 9985 9447 10111 10949 10098 10095 10498 9698 9862 9708 10074 10931 10966 10223 9353 10667 10226 10865 10309 10709 10060 9835 10641 9928 9419 9828 9403 9940 9722 9474 9878 9359 9748 9786 9882 9705 9424 9487 9450 9701 9814 9549 9090 9404 9768 9878 9709 9818 7172 6942 7858 7563 6851 7694 7189 7641 7269 7367 7166 7325 7750 6691 7937 6683 7235 7459 7854 6799 7595 7077 6916 7892 4070 3705 3787 3942 3570 3297 4028 4698 3887 4110 3910 3369 3438 3470 3789 4059 3549 4136 3991 4294 3753 4760 3720 3780 3993 4154 4546 8922 9398 9624 9061 8866 9444 9816 9587 9152 9462 9566 9765 9553 8861 9015 9638 8926 9474 9086 4037 1597 3835 7642 4315 2267 806 6600 9261 6206 
1000000 1000000 1000000 1000000 1000000 1000000 1000000 1000000 1000000 1000000 5550 6585 6488 6689 7840 3109 2440 1328 5270 7707 5072 4895 3993 1395 0 4339 3191 7771 8494 5861 3979 4508 8496 4554 4659 1321 5146 7361 4240 9251 9519 8561 9080 8473 9115 9983 9139 9159 9549 8764 8938 8761 9134 9958 9999 9253 8379 9719 9209 9896 9282 9759 9156 8910 9695 8533 8027 8434 8015 8546 8328 8080 8483 7965 8356 8392 8488 8317 8030 8093 8056 8314 8420 8155 7695 8014 8375 8483 8314 8424 5798 5569 6511 6217 5493 6326 5854 6263 5953 5992 5814 5992 6387 5327 6575 5330 5920 6089 6507 5447 6257 5770 5545 6536 4171 3792 3871 3901 3492 3573 3884 4736 3921 4073 3846 3487 3708 3481 3892 4048 3533 4335 3829 4566 3659 4740 4032 3681 4184 4317 4466 7711 8193 8383 7811 7681 8187 8590 8388 7951 8193 8298 8510 8313 7634 7774 8359 7679 8238 7844 2875 1277 4099 6322 3034 1245 1059 6263 7926 5271 
1000000 1000000 1000000 1000000 1000000 1000000 1000000 1000000 1000000 1000000 5574 8837 6213 8019 4491 7290 3303 4453 1267 5137 8472 8012 2180 5467 4339 0 2139 9263 5094 2288 1110 7778 9714 5822 3572 4279 9089 6633 7958 10110 10398 9669 10329 9531 10001 10896 10169 10282 10574 9939 10135 9893 10246 10846 10907 10231 9450 10733 9990 10802 10010 10757 10405 10109 10719 5873 5840 5991 5994 5861 5908 5784 5925 5637 6138 5686 5920 6250 5656 5680 5420 6262 6012 5866 5314 5951 6095 5925 5879 6006 2985 2814 3136 2883 2515 3272 2482 3413 2376 3143 2650 2565 3241 2496 3379 2337 2336 3116 3125 2405 2836 2146 2765 3263 8115 7763 7832 7738 7350 7708 7610 8561 7830 7892 7666 7519 7828 7424 7867 7896 7445 8350 7544 8625 7475 8499 8156 7489 8206 8303 8186 7698 8128 8045 7503 7828 7767 8324 8331 7956 7680 7772 8047 7990 7527 7540 7732 7418 7959 7593 1465 3985 8184 5748 1543 3204 4705 9377 6832 7083 
1000000 1000000 1000000 1000000 1000000 1000000 1000000 1000000 1000000 1000000 6657 9103 7462 8688 6607 6296 3559 2733 3405 7111 8095 7792 811 3910 3191 2139 0 9903 7221 4393 2705 7463 10489 6385 4902 3788 8328 8077 7362 11050 11336 10491 11106 10371 10927 11831 11037 11113 11454 10739 10931 10711 11081 11791 11844 11124 10282 11621 10960 11738 11003 11653 11184 10903 11603 7887 7733 7956 7844 7880 7865 7705 7917 7563 8048 7707 7914 8121 7595 7629 7418 8130 7969 7787 7244 7812 8021 7917 7840 7965 4928 4723 5231 4961 4474 5300 4552 5393 4485 5107 4675 4650 5290 4402 5445 4284 4445 5115 5221 4375 4931 4255 4678 5342 7348 6971 7049 7052 6642 6763 7002 7893 7090 7221 6991 6673 6898 6652 7073 7203 6698 7522 6943 7757 6801 7881 7221 6821 7372 7501 7591 8916 9382 9399 8827 8988 9142 9661 9588 9177 9087 9186 9448 9337 8774 8837 9182 8721 9289 8899 1529 2313 7289 7085 2189 1964 3104 9193 8414 7487 
1000000 1000000 1000000 1000000 1000000 1000000 1000000 1000000 1000000 1000000 3902 1771 3776 1245 8698 6799 6346 9098 9025 7317 4439 3900 10603 8657 7771 9263 9903 0 9057 8537 8164 4307 842 3523 5882 6520 6051 4268 5318 1822 2005 1020 1331 1043 1691 2366 1542 1478 1895 1097 1230 1138 1465 2365 2385 1687 973 2055 1894 2295 2017 2101 1405 1204 2027 7701 6742 7285 6459 7748 7214 6939 7502 6967 6872 7734 7521 6602 7058 7139 7513 6574 7219 6945 7003 6531 6984 7502 7236 7238 7528 7476 8362 8251 7758 7861 8261 7571 8557 7567 7982 8352 8001 7602 8101 7793 8561 7736 8372 7838 8382 8594 7510 8211 5963 6057 6020 5665 5780 6627 5395 5597 5863 5600 5630 6260 6574 6000 6065 5682 5910 6218 5380 6412 5649 5398 6618 5624 6230 6110 5301 2974 3054 3572 3497 2683 3704 3474 3058 2921 3872 3904 3818 3537 3154 3367 4093 3422 3451 3393 8522 8989 6465 4304 7970 8396 8776 3668 4876 2504 
1000000 1000000 1000000 1000000 1000000 1000000 1000000 1000000 1000000 1000000 5470 9610 5295 8041 654 10691 6277 9121 3831 1751 10630 9962 7225 9857 8494 5094 7221 9057 0 2837 4720 9955 9066 6858 4336 7722 11850 4875 10603 8941 9182 8907 9565 8747 8892 9610 9186 9381 9491 9183 9356 9098 9341 9541 9611 9172 8705 9601 8761 9528 8712 9602 9621 9338 9601 1688 2487 2104 2799 1642 2115 2292 1885 2208 2528 1547 1867 2810 2133 2070 1627 2839 2171 2323 2084 2718 2412 1885 2081 2152 2707 2933 2035 2327 3007 2170 2729 2270 2744 2518 2702 2609 2108 3168 1922 3180 2784 2408 2043 3065 2325 2971 2953 1974 11025 10771 10813 10573 10290 10970 10337 11232 10742 10675 10495 10653 11048 10455 10862 10716 10432 11328 10273 11632 10339 11093 11338 10339 11215 11244 10789 6291 6481 6094 5822 6560 5827 6353 6615 6463 5660 5696 5939 6079 6082 5934 5545 5836 6115 5942 6094 8670 11297 4793 5620 7729 9234 11004 4468 8001 
1000000 1000000 1000000 1000000 1000000 1000000 1000000 1000000 1000000 1000000 4636 8557 4972 7340 2214 8396 3929 6351 1070 2948 8897 8308 4458 7176 5861 2288 4393 8537 2837 0 1930 8190 8808 5499 2729 5307 9863 5093 8638 8997 9276 8713 9395 8560 8910 9760 9136 9288 9513 8995 9188 8931 9249 9701 9767 9169 8493 9656 8849 9668 8841 9671 9465 9164 9647 3628 3734 3794 3939 3612 3721 3643 3701 3496 4002 3438 3694 4158 3498 3508 3197 4175 3824 3722 3177 3883 3941 3701 3690 3815 1078 1070 849 619 782 1085 306 1316 95 1133 595 306 1012 952 1117 785 59 1020 838 712 552 146 1032 988 8951 8647 8701 8521 8182 8740 8327 9272 8660 8649 8443 8471 8838 8312 8746 8674 8308 9231 8260 9528 8267 9166 9151 8273 9102 9161 8849 6376 6737 6534 6060 6570 6243 6820 6924 6616 6121 6199 6478 6491 6178 6129 6117 6009 6483 6168 3280 5891 9139 4437 2868 4975 6503 9547 5093 6790 
1000000 1000000 1000000 1000000 1000000 1000000 1000000 1000000 1000000 1000000 4466 7791 5122 6920 4076 6699 2407 4422 1335 4416 7601 7096 3016 5263 3979 1110 2705 8164 4720 1930 0 6897 8606 4749 2476 3604 8354 5585 7176 9001 9289 8561 9221 8422 8893 9788 9059 9173 9465 8830 9027 8784 9137 9738 9798 9122 8341 9624 8883 9694 8903 9648 9297 9000 9610 5205 5029 5256 5146 5202 5164 5001 5225 4859 5344 5029 5223 5420 4892 4928 4731 5429 5268 5083 4541 5112 5316 5225 5140 5265 2238 2026 2685 2395 1801 2656 1992 2713 2024 2424 2047 2116 2669 1708 2840 1611 1988 2451 2678 1712 2399 1821 1983 2760 7400 7066 7129 6997 6627 7082 6840 7796 7110 7141 6922 6852 7192 6727 7169 7154 6736 7657 6773 7944 6735 7716 7515 6746 7518 7599 7399 6607 7045 6980 6430 6731 6705 7255 7248 6867 6626 6720 6993 6923 6440 6462 6690 6341 6888 6517 1378 3964 7524 4670 949 3046 4576 8434 5831 6024 
1000000 1000000 1000000 1000000 1000000 1000000 1000000 1000000 1000000 1000000 4791 2624 5483 3756 9390 2545 4496 5703 8153 8503 709 450 8267 4903 4508 7778 7463 4307 9955 8190 6897 0 5147 3198 5675 3683 2071 6435 1031 6106 6308 5306 5590 5290 5970 6666 5848 5775 6193 5402 5524 5443 5766 6668 6685 5992 5203 6347 6148 6597 6261 6395 5656 5499 6318 9195 8346 8897 8170 9230 8796 8493 9052 8443 8611 9136 9065 8430 8534 8619 8819 8412 8851 8539 8309 8213 8688 9052 8801 8864 7527 7360 8450 8217 7497 8040 8018 7824 8253 7665 7822 8151 8161 7300 8328 7425 8237 7827 8454 7521 8319 8173 7368 8373 1681 1752 1715 1359 1518 2325 1095 1475 1558 1299 1326 1971 2268 1723 1760 1381 1629 1964 1089 2204 1365 1286 2323 1339 1951 1853 1073 5893 6268 6689 6273 5700 6641 6760 6396 6030 6744 6828 6909 6624 5946 6170 6976 6137 6527 6233 6521 5773 2176 5720 6238 5560 5288 1756 7171 2527 
1000000 1000000 1000000 1000000 1000000 1000000 1000000 1000000 1000000 1000000 4207 2602 3893 1825 8760 7633 6935 9824 9378 7315 5277 4742 11164 9429 8496 9714 10489 842 9066 8808 8606 5147 0 4114 6237 7222 6882 4198 6160 993 1163 237 620 361 869 1538 701 666 1074 270 446 297 645 1532 1557 846 371 1240 1090 1462 1218 1284 697 418 1214 7615 6667 7186 6369 7664 7125 6867 7410 6912 6758 7669 7429 6476 6999 7077 7478 6447 7117 6863 6986 6445 6874 7410 7150 7137 7767 7739 8556 8472 8038 8053 8522 7758 8820 7786 8236 8601 8192 7895 8275 8091 8828 7950 8567 8126 8605 8877 7777 8395 6805 6898 6861 6505 6616 7466 6234 6436 6704 6441 6470 7098 7414 6837 6906 6523 6747 7059 6219 7252 6487 6238 7460 6462 7071 6951 6142 2802 2747 3248 3310 2521 3434 3091 2697 2679 3610 3621 3480 3227 3005 3185 3807 3265 3154 3194 9068 9693 7306 4437 8490 9060 9517 4466 4719 3233 
1000000 1000000 1000000 1000000 1000000 1000000 1000000 1000000 1000000 1000000 1608 3081 2405 2303 6332 4770 2827 5859 5765 5332 3827 3133 7080 5686 4554 5822 6385 3523 6858 5499 4749 3198 4114 0 2784 3237 5231 3383 4029 4758 5036 4133 4728 4024 4627 5519 4696 4752 5113 4369 4559 4349 4723 5486 5534 4795 3933 5283 4697 5428 4761 5318 4806 4530 5262 6004 5148 5700 4975 6039 5599 5296 5857 5248 5415 5951 5871 5239 5340 5425 5638 5221 5653 5342 5123 5017 5491 5857 5605 5667 4647 4524 5568 5378 4736 5108 5269 4857 5542 4750 5026 5386 5241 4551 5388 4716 5536 4921 5574 4790 5496 5520 4544 5459 4584 4446 4458 4138 3989 4847 3855 4611 4341 4187 4067 4463 4870 4206 4512 4249 4148 4902 3802 5194 3964 4441 5079 3953 4827 4799 4169 3272 3737 4018 3491 3191 3881 4181 3919 3488 3935 4033 4191 3948 3239 3422 4142 3350 3861 3492 5001 5670 4984 2552 4464 4972 5609 4160 4096 1301 
1000000 1000000 1000000 1000000 1000000 1000000 1000000 1000000 1000000 1000000 2036 5829 2647 4660 3739 6405 2225 5646 3147 3145 6367 5730 5385 6049 4659 3572 4902 5882 4336 2729 2476 5675 6237 2784 0 3609 7522 3176 6274 6562 6848 6170 6843 6024 6458 7346 6644 6771 7042 6446 6643 6393 6734 7294 7355 6697 5949 7197 6435 7252 6450 7219 6917 6617 7184 3953 3372 3803 3357 3973 3696 3435 3876 3327 3700 3834 3883 3659 3398 3467 3494 3656 3783 3508 3078 3356 3723 3876 3685 3789 1878 1742 2805 2600 1957 2371 2488 2150 2767 2000 2242 2603 2496 1777 2658 1951 2763 2166 2810 2017 2716 2761 1761 2711 6690 6439 6479 6238 5957 6658 6003 6906 6407 6341 6160 6331 6730 6127 6529 6381 6101 6994 5939 7298 6004 6772 7014 6004 6882 6909 6465 4132 4573 4530 3970 4257 4263 4801 4777 4392 4197 4295 4561 4471 3967 3996 4283 3876 4431 4053 3376 5275 6968 2210 2714 4332 5604 6895 3538 4067 
1000000 1000000 1000000 1000000 1000000 1000000 1000000 1000000 1000000 1000000 4263 5449 5204 5405 7079 3103 1446 2625 4937 6739 4334 4005 4587 2572 1321 4279 3788 6520 7722 5307 3604 3683 7222 3237 3609 0 4811 6100 3703 7953 8225 7277 7814 7185 7819 8694 7853 7882 8266 7488 7666 7482 7856 8667 8710 7964 7091 8436 7906 8605 7977 8475 7892 7638 8413 7556 6964 7410 6921 7574 7303 7038 7483 6934 7289 7430 7490 7222 7005 7075 7090 7216 7389 7109 6686 6928 7320 7483 7293 7395 5022 4803 5835 5552 4798 5568 5235 5454 5390 5207 5135 5376 5650 4613 5839 4661 5363 5329 5834 4776 5615 5242 4789 5826 3837 3488 3555 3462 3072 3479 3348 4292 3552 3619 3391 3256 3589 3148 3592 3620 3167 4077 3284 4356 3200 4241 3913 3214 3934 4027 3933 6398 6879 7078 6510 6363 6889 7281 7072 6636 6902 7006 7212 7008 6325 6470 7074 6377 6932 6540 2906 2471 3927 5071 2765 1955 2379 5406 6693 4017 
1000000 1000000 1000000 1000000 1000000 1000000 1000000 1000000 1000000 1000000 6835 4281 7551 5715 11260 2140 5980 6041 9670 10474 1641 2307 9134 4959 5146 9089 8328 6051 11850 9863 8354 2071 6882 5231 7522 4811 0 8505 1248 7871 8037 7071 7233 7082 7741 8334 7568 7459 7867 7117 7207 7174 7456 8348 8354 7717 7003 8006 7941 8278 8062 8055 7289 7185 7976 11192 10366 10911 10203 11225 10808 10506 11056 10450 10641 11123 11069 10469 10539 10622 10798 10451 10867 10556 10299 10243 10713 11056 10811 10880 9317 9131 10222 9969 9225 9849 9726 9657 9936 9471 9561 9865 9961 9028 10137 9130 9915 9625 10225 9234 10060 9827 9132 10165 985 1359 1282 1358 1740 1662 1538 624 1262 1217 1433 1661 1521 1686 1256 1201 1652 828 1604 694 1620 791 1258 1609 976 831 1070 7938 8296 8732 8331 7734 8696 8790 8414 8063 8803 8885 8957 8668 7999 8226 9036 8197 8570 8288 7701 6263 1127 7772 7566 6366 5590 2554 9240 4585 
1000000 1000000 1000000 1000000 1000000 1000000 1000000 1000000 1000000 1000000 1875 5181 979 3431 4606 8143 5028 8528 5909 3126 6972 6260 8553 8671 7361 6633 8077 4268 4875 5093 5585 6435 4198 3383 3176 6100 8505 0 7353 4096 4352 4035 4691 3874 4037 4806 4321 4511 4642 4309 4482 4224 4471 4740 4809 4315 3835 4763 3924 4719 3890 4768 4748 4463 4760 3436 2480 3018 2192 3484 2948 2678 3236 2717 2606 3479 3255 2340 2805 2885 3280 2313 2952 2681 2792 2265 2717 3236 2971 2970 4017 4070 4635 4625 4402 4151 4788 3860 5077 3972 4499 4830 4281 4318 4320 4517 5096 4112 4648 4510 4757 5196 4117 4457 7938 7820 7828 7499 7369 8229 7211 7898 7706 7535 7431 7845 8252 7587 7882 7601 7527 8254 7161 8538 7336 7716 8455 7324 8188 8148 7469 1421 1679 1443 993 1686 1154 1729 1851 1612 1049 1139 1416 1398 1211 1086 1109 977 1391 1109 6549 8217 8354 1046 5888 7328 8395 6913 738 3973 
1000000 1000000 1000000 1000000 1000000 1000000 1000000 1000000 1000000 1000000 5636 3602 6387 4785 10013 1691 4783 5298 8480 9234 1050 1418 8172 4347 4240 7958 7362 5318 10603 8638 7176 1031 6160 4029 6274 3703 1248 7353 0 7125 7321 6324 6585 6311 6990 7669 6859 6780 7196 6412 6527 6456 6771 7673 7689 7005 6226 7348 7171 7603 7285 7396 6649 6503 7318 9959 9145 9685 8988 9991 9582 9281 9827 9221 9424 9887 9839 9259 9310 9393 9561 9242 9643 9333 9064 9026 9494 9827 9584 9655 8074 7890 8982 8732 7990 8605 8495 8411 8709 8227 8325 8632 8717 7793 8893 7898 8689 8381 8985 8002 8824 8605 7892 8923 651 786 729 425 781 1371 361 636 574 296 442 1077 1289 895 766 376 808 938 422 1197 599 542 1301 573 921 828 231 6886 7272 7682 7248 6702 7623 7763 7406 7032 7719 7806 7898 7616 6929 7150 7948 7112 7519 7215 6608 5447 1149 6580 6422 5406 4858 2327 8084 3518 
1000000 1000000 1000000 1000000 1000000 1000000 1000000 1000000 1000000 1000000 4537 3591 4026 2582 8701 8565 7526 10574 9658 7203 6260 5710 11689 10249 9251 10110 11050 1822 8941 8997 9001 6106 993 4758 6562 7953 7871 4096 7125 0 289 804 900 823 140 788 393 609 551 789 784 712 581 743 799 281 914 668 194 694 299 677 906 792 664 7397 6477 6959 6169 7447 6911 6678 7188 6743 6521 7475 7208 6232 6825 6897 7322 6203 6889 6663 6861 6249 6640 7188 6939 6909 7931 7932 8655 8605 8246 8157 8701 7861 8998 7925 8410 8767 8293 8121 8356 8321 9010 8081 8667 8342 8738 9080 7973 8485 7773 7854 7820 7462 7556 8416 7186 7417 7663 7404 7424 8043 8369 7780 7865 7486 7691 8032 7169 8230 7433 7219 8425 7409 8041 7924 7116 2685 2462 2890 3122 2450 3133 2668 2343 2486 3307 3289 3087 2891 2894 3016 3461 3121 2842 3003 9587 10413 8274 4561 8981 9729 10288 5457 4488 4048 
1000000 1000000 1000000 1000000 1000000 1000000 1000000 1000000 1000000 1000000 4824 3760 4306 2841 8952 8783 7810 10843 9942 7448 6438 5904 11977 10505 9519 10398 11336 2005 9182 9276 9289 6308 1163 5036 6848 8225 8037 4352 7321 289 0 1009 905 1060 411 500 470 620 364 921 854 868 609 455 511 321 1154 425 430 405 471 421 886 870 430 7625 6712 7186 6403 7675 7140 6912 7415 6981 6747 7706 7435 6458 7061 7132 7561 6428 7116 6895 7106 6482 6867 7415 7169 7136 8207 8211 8926 8878 8526 8429 8978 8133 9276 8200 8687 9043 8564 8402 8625 8602 9288 8355 8938 8623 9012 9359 8252 8754 7967 8058 8022 7665 7770 8624 7392 7597 7865 7602 7629 8254 8574 7992 8067 7685 7902 8221 7377 8413 7643 7399 8622 7619 8234 8114 7305 2947 2702 3111 3371 2719 3363 2877 2572 2740 3535 3511 3299 3116 3155 3268 3679 3375 3072 3252 9874 10687 8469 4839 9269 10008 10554 5594 4722 4301 
1000000 1000000 1000000 1000000 1000000 1000000 1000000 1000000 1000000 1000000 4136 2791 3774 1873 8613 7775 6943 9887 9304 7157 5458 4908 11156 9519 8561 9669 10491 1020 8907 8713 8561 5306 237 4133 6170 7277 7071 4035 6324 804 1009 0 683 161 671 1431 580 623 989 283 476 224 591 1414 1448 707 222 1159 877 1348 1003 1199 752 452 1136 7439 6494 7008 6194 7488 6949 6695 7233 6744 6578 7497 7253 6295 6830 6907 7312 6266 6939 6689 6825 6271 6695 7233 6975 6959 7665 7644 8441 8364 7946 7938 8424 7643 8722 7678 8137 8501 8077 7807 8156 8005 8731 7841 8452 8036 8497 8785 7682 8277 6971 7055 7020 6663 6763 7619 6388 6614 6863 6603 6625 7248 7571 6986 7066 6685 6896 7229 6372 7427 6637 6416 7624 6613 7239 7121 6313 2628 2547 3042 3128 2351 3236 2877 2488 2491 3413 3419 3271 3024 2833 3005 3605 3090 2953 3011 9057 9745 7472 4318 8470 9094 9587 4673 4536 3314 
1000000 1000000 1000000 1000000 1000000 1000000 1000000 1000000 1000000 1000000 4810 2988 4455 2431 9281 8106 7550 10407 9981 7816 5661 5170 11782 9985 9080 10329 11106 1331 9565 9395 9221 5590 620 4728 6843 7814 7233 4691 6585 900 905 683 0 839 846 1102 510 295 642 401 211 471 319 1121 1122 631 903 773 1076 1051 1196 823 79 232 743 8076 7137 7642 6834 8125 7586 7338 7869 7391 7209 8139 7888 6924 7476 7552 7963 6894 7573 7329 7481 6912 7327 7869 7613 7593 8347 8326 9122 9046 8627 8620 9106 8325 9404 8361 8819 9183 8759 8488 8837 8685 9413 8523 9133 8717 9179 9467 8364 8959 7224 7340 7299 6947 7082 7915 6684 6820 7141 6872 6916 7555 7856 7299 7341 6955 7207 7465 6673 7642 6945 6624 7883 6920 7487 7359 6552 3275 3151 3625 3762 3006 3840 3435 3069 3121 4017 4014 3843 3615 3483 3644 4196 3734 3552 3644 9687 10285 7726 5000 9109 9664 10093 4751 5165 3810 
1000000 1000000 1000000 1000000 1000000 1000000 1000000 1000000 1000000 1000000 3989 2808 3617 1787 8453 7743 6826 9799 9156 6997 5462 4898 11031 9447 8473 9531 10371 1043 8747 8560 8422 5290 361 4024 6024 7185 7082 3874 6311 823 1060 161 839 0 685 1511 672 752 1090 442 630 372 717 1487 1527 781 95 1259 862 1424 980 1295 907 607 1238 7280 6335 6849 6035 7329 6790 6535 7074 6584 6420 7338 7094 6137 6671 6747 7153 6108 6781 6530 6665 6112 6537 7074 6816 6800 7510 7490 8284 8208 7794 7782 8270 7486 8568 7523 7982 8346 7920 7656 7998 7853 8577 7685 8295 7884 8341 8633 7529 8120 6960 7035 7002 6644 6734 7596 6367 6616 6846 6588 6605 7222 7550 6959 7048 6670 6870 7223 6349 7425 6612 6417 7611 6588 7228 7114 6306 2468 2394 2891 2969 2191 3082 2732 2339 2334 3259 3267 3122 2872 2674 2847 3453 2931 2801 2853 8931 9651 7460 4161 8341 8991 9504 4710 4378 3242 
1000000 1000000 1000000 1000000 1000000 1000000 1000000 1000000 1000000 1000000 4430 3461 3938 2444 8643 8427 7400 10438 9561 7151 6128 5575 11570 10111 9115 10001 10927 1691 8892 8910 8893 5970 869 4627 6458 7819 7741 4037 6990 140 411 671 846 685 0 905 342 567 609 682 705 598 533 864 917 282 775 747 239 811 368 764 863 709 738 7360 6435 6922 6128 7410 6872 6636 7151 6698 6485 7434 7171 6197 6781 6853 7276 6168 6853 6622 6811 6207 6604 7151 6900 6873 7845 7843 8578 8523 8156 8079 8614 7783 8912 7842 8324 8682 8216 8029 8281 8229 8924 7999 8590 8252 8657 8991 7884 8408 7638 7717 7683 7325 7418 8279 7049 7284 7527 7267 7287 7905 8232 7642 7729 7349 7553 7897 7031 8097 7295 7085 8289 7271 7905 7789 6981 2621 2420 2862 3071 2378 3098 2649 2310 2431 3273 3259 3066 2859 2831 2961 3435 3063 2806 2951 9468 10280 8138 4476 8864 9598 10152 5334 4448 3909 
