NAME : P133212
TYPE : ATSP
DIMENSION : 170
EDGE_WEIGHT_TYPE : EXPLICIT
EDGE_WEIGHT_FORMAT : FULL_MATRIX
EDGE_WEIGHT_SECTION
1000000 1000000 1000000 1000000 1000000 1000000 1000000 1000000 1000000 1000000 4501 5101 5401 4424 4437 5307 5365 4922 4831 4836 4921 5480 4115 4988 5149 4779 4620 4792 4705 4469 4918 4774 5342 4935 5417 5095 4267 4768 5477 4409 5129 5121 2661 2116 2584 3320 2753 3330 2931 3031 2753 2644 2655 2829 1981 2631 2901 3035 2644 2005 2637 2430 3148 2281 2140 2834 2942 3353 2751 2601 263 589 1039 719 832 683 538 235 560 425 385 439 816 631 857 927 436 477 801 367 609 225 656 1141 211 414 327 633 829 461 375 365 3742 3759 2605 3275 3339 3733 3374 3547 3700 3375 3596 3678 3678 3438 2870 3390 3731 3365 3829 3165 3142 3172 3309 3354 3190 3043 2970 3949 2477 3168 2803 2711 3172 2945 2229 2023 2769 2569 2228 2599 3444 2046 3065 2338 2377 3129 2928 2016 3554 3449 2805 2551 3154 3191 2001 2159 3052 2727 0 1000000 1000000 1000000 1000000 1000000 1000000 1000000 1000000 1000000 
1000000 1000000 1000000 1000000 1000000 1000000 1000000 1000000 1000000 1000000 7196 7154 7556 6793 7273 7600 7958 7439 7534 7112 7015 7669 6816 7148 7356 7565 7379 7570 7238 7313 6609 6415 7731 7137 7503 6869 7102 7595 7717 6865 7166 7900 7305 6662 6373 7615 7447 7488 6921 6960 7009 6346 6394 7190 6674 7110 7499 6921 6656 6947 7008 6980 7425 6405 6783 6604 7061 6969 7315 7305 5452 5565 6726 6411 6385 6092 6223 5923 5939 5854 5342 6121 6427 5576 6379 6625 5293 5243 6416 6002 5559 5689 5803 6814 5693 5368 5521 6301 6511 5265 5606 5786 8246 8244 7332 8055 8306 8108 7754 8151 7994 7863 7834 8255 8255 8309 7613 7995 8248 8023 8165 7453 7245 7840 7883 7967 7325 7433 7859 8141 3351 2590 2928 2997 2780 2873 3481 3686 3130 3198 3480 3188 2263 3665 2654 3398 3385 2622 2877 3738 2172 2261 2930 3229 2603 2618 3709 3568 2667 3069 1000000 0 1000000 1000000 1000000 1000000 1000000 1000000 1000000 1000000 
1000000 1000000 1000000 1000000 1000000 1000000 1000000 1000000 1000000 1000000 4157 3810 4169 3710 4286 4264 4685 4244 4406 3884 3726 4275 3908 3856 4035 4472 4321 4471 4103 4319 3244 3087 4411 3866 4097 3471 4169 4515 4335 3805 3813 4726 5448 4997 4347 5406 5578 5227 4760 4743 4990 4277 4324 5172 5107 5206 5543 4693 4630 5448 5068 5178 5266 4584 5131 4444 4928 4547 5395 5492 5264 5674 6103 5879 5645 6066 5912 5521 5915 5781 5061 5643 5742 4908 6270 6220 5016 5139 6203 5503 4913 5544 5065 6133 5267 5004 5097 6016 5926 5171 5571 5244 9027 9038 7904 8625 8732 8971 8593 8856 8906 8635 8772 8984 8984 8814 8190 8692 9020 8683 9058 8330 8221 8484 8597 8657 8289 8243 8336 9129 4433 4006 3509 3743 2870 4252 3909 4024 4491 3479 3967 4278 3565 3994 3843 3695 4283 3989 3227 3815 3772 3485 3489 4274 4005 4158 4036 3829 3842 4259 1000000 1000000 0 1000000 1000000 1000000 1000000 1000000 1000000 1000000 
1000000 1000000 1000000 1000000 1000000 1000000 1000000 1000000 1000000 1000000 4851 4061 4020 4637 5000 4188 4498 4537 4747 4362 4184 4027 5023 4200 4167 4846 4867 4834 4630 4998 3945 4029 4276 4257 3949 3873 5062 4892 4080 4704 4036 4760 7295 7235 6474 6819 7362 6642 6521 6439 6826 6390 6410 6932 7407 7091 7232 6397 6619 7693 6967 7193 6804 6830 7331 6360 6647 6059 7186 7373 8639 9136 8951 8856 8521 9359 9043 8686 9241 9104 8431 8721 8635 8059 9463 9210 8401 8599 9337 8603 8078 8878 8115 8926 8482 8336 8363 9141 8848 8628 8967 8384 12408 12426 11278 11909 11906 12410 12055 12205 12381 12051 12277 12335 12335 12033 11531 12053 12395 12021 12507 11843 11803 11833 11978 12017 11856 11724 11593 12630 8593 8327 7714 7940 7113 8526 7956 8005 8723 7592 8022 8468 7934 7979 8140 7751 8411 8302 7439 7744 8162 7854 7692 8451 8324 8484 8009 7833 8136 8482 1000000 1000000 1000000 0 1000000 1000000 1000000 1000000 1000000 1000000 
1000000 1000000 1000000 1000000 1000000 1000000 1000000 1000000 1000000 1000000 4820 4947 5351 4465 4870 5359 5660 5126 5180 4837 4784 5463 4409 4909 5121 5193 5002 5201 4905 4911 4461 4261 5472 4885 5315 4722 4687 5215 5499 4521 4965 5551 4682 4039 3769 5009 4823 4889 4320 4366 4394 3748 3795 4573 4054 4489 4877 4330 4047 4334 4388 4357 4817 3785 4161 4011 4455 4409 4693 4682 3096 3353 4279 3980 3891 3846 3862 3513 3685 3573 2941 3694 3949 3063 4110 4247 2890 2908 4104 3563 3051 3366 3283 4353 3261 2938 3080 3954 4067 2937 3327 3321 6522 6528 5455 6198 6373 6433 6055 6377 6348 6124 6201 6498 6498 6421 5748 6212 6518 6218 6510 5771 5623 6021 6108 6179 5697 5706 5943 6549 1631 1215 716 942 162 1435 1240 1417 1670 804 1281 1467 858 1387 1033 1054 1503 1191 457 1326 1105 781 698 1468 1211 1371 1436 1232 1031 1439 1000000 1000000 1000000 1000000 0 1000000 1000000 1000000 1000000 1000000 
1000000 1000000 1000000 1000000 1000000 1000000 1000000 1000000 1000000 1000000 3869 3141 2933 3812 3989 3075 3249 3475 3648 3433 3310 2892 4167 3269 3153 3736 3821 3723 3640 3973 3285 3443 3110 3326 2888 3104 4107 3773 2924 3848 3112 3536 6347 6443 5735 5765 6384 5611 5634 5539 5927 5657 5664 5993 6620 6179 6233 5506 5806 6857 6076 6320 5798 6089 6514 5556 5728 5147 6229 6431 8211 8719 8260 8227 7872 8844 8471 8154 8750 8620 8015 8146 7985 7569 8895 8564 7994 8216 8749 8047 7592 8412 7574 8213 7989 7909 7901 8560 8196 8241 8527 7863 11810 11832 10715 11279 11222 11843 11511 11597 11834 11483 11749 11725 11725 11367 10943 11457 11796 11414 11943 11333 11333 11238 11395 11422 11377 11201 10961 12090 8633 8526 7840 8046 7309 8668 7951 7954 8818 7657 8018 8540 8206 7932 8322 7766 8437 8494 7588 7680 8450 8128 7818 8513 8519 8680 7953 7808 8316 8580 1000000 1000000 1000000 1000000 1000000 0 1000000 1000000 1000000 1000000 
1000000 1000000 1000000 1000000 1000000 1000000 1000000 1000000 1000000 1000000 4319 3651 3852 3936 4478 4006 4434 4190 4404 3874 3673 3923 4278 3761 3852 4498 4423 4491 4160 4495 3227 3186 4145 3802 3767 3324 4447 4549 3990 4031 3638 4600 6370 6105 5351 6092 6473 5902 5590 5536 5878 5267 5302 6031 6255 6134 6386 5486 5577 6584 5996 6175 6011 5671 6226 5336 5747 5220 6284 6435 6985 7448 7578 7414 7121 7764 7525 7142 7627 7488 6775 7222 7229 6503 7923 7770 6736 6901 7825 7090 6515 7251 6612 7580 6907 6697 6758 7629 7434 6932 7309 6844 10809 10824 9671 10358 10416 10779 10408 10622 10730 10429 10608 10752 10752 10520 9945 10462 10799 10442 10871 10165 10086 10246 10375 10426 10148 10062 10054 10966 6517 6149 5603 5835 4973 6379 5935 6021 6604 5530 5998 6373 5720 5992 5976 5723 6351 6129 5320 5783 5933 5640 5581 6363 6147 6303 6030 5834 5974 6366 1000000 1000000 1000000 1000000 1000000 1000000 0 1000000 1000000 1000000 
1000000 1000000 1000000 1000000 1000000 1000000 1000000 1000000 1000000 1000000 5376 5353 5758 4975 5453 5795 6146 5624 5715 5301 5210 5872 4996 5343 5552 5745 5560 5751 5421 5493 4817 4621 5924 5329 5708 5079 5282 5775 5917 5047 5367 6082 5611 4991 4625 5864 5753 5726 5164 5196 5277 4591 4640 5462 5025 5402 5790 5155 4915 5323 5291 5289 5679 4694 5119 4841 5311 5180 5608 5620 4178 4424 5356 5060 4960 4922 4945 4594 4762 4652 4023 4774 5022 4131 5189 5330 3973 3989 5186 4642 4121 4448 4349 5427 4342 4019 4160 5037 5145 4017 4405 4398 7526 7530 6484 7227 7417 7425 7050 7391 7333 7128 7182 7509 7509 7457 6776 7227 7523 7237 7499 6760 6596 7042 7120 7195 6673 6705 6982 7523 2514 1865 1703 1888 1237 2167 2281 2472 2448 1867 2311 2333 1378 2442 1773 2115 2438 1866 1504 2405 1515 1311 1692 2351 1870 1993 2492 2296 1778 2262 1000000 1000000 1000000 1000000 1000000 1000000 1000000 0 1000000 1000000 
1000000 1000000 1000000 1000000 1000000 1000000 1000000 1000000 1000000 1000000 1247 1426 1812 872 1325 1791 2067 1533 1594 1261 1247 1918 877 1358 1564 1618 1431 1624 1313 1365 1102 945 1892 1324 1793 1311 1163 1646 1944 929 1450 1965 2596 2369 1601 2379 2702 2192 1820 1773 2104 1516 1546 2261 2531 2360 2621 1722 1807 2844 2221 2406 2270 1943 2481 1562 1981 1497 2512 2660 3830 4338 4031 3941 3602 4491 4145 3805 4387 4254 3633 3821 3716 3200 4569 4293 3611 3832 4435 3710 3222 4040 3226 4007 3623 3527 3526 4240 3930 3858 4149 3508 7512 7531 6393 7002 6988 7526 7181 7305 7507 7166 7412 7434 7434 7119 6636 7157 7499 7121 7625 6987 6972 6937 7087 7121 7019 6860 6685 7760 4484 4581 3851 4013 3491 4637 3791 3744 4720 3603 3854 4430 4399 3729 4371 3640 4282 4541 3658 3472 4646 4334 3831 4394 4571 4721 3739 3634 4361 4499 1000000 1000000 1000000 1000000 1000000 1000000 1000000 1000000 0 1000000 
1000000 1000000 1000000 1000000 1000000 1000000 1000000 1000000 1000000 1000000 3434 3580 3218 3838 3367 3123 2713 3205 3096 3551 3681 3113 3828 3548 3357 3064 3250 3059 3395 3326 4148 4319 2978 3546 3291 3915 3546 3035 3052 3764 3575 2733 4559 5080 4798 3877 4492 3865 4321 4231 4451 4773 4741 4365 5213 4564 4329 4241 4631 5232 4559 4765 4046 5001 5054 4517 4274 4005 4457 4629 7343 7780 6692 6833 6501 7633 7181 7032 7616 7528 7222 6915 6586 6690 7535 7058 7229 7462 7362 6885 6720 7411 6563 6595 7003 7110 7018 7229 6747 7473 7567 6834 9997 10025 9105 9434 9244 10104 9862 9779 10147 9776 10119 9887 9887 9420 9240 9681 9979 9614 10201 9791 9891 9488 9659 9651 9906 9639 9142 10398 8821 9093 8373 8494 8112 9084 8167 8061 9100 8095 8222 8815 8990 8055 8889 8066 8626 9050 8225 7816 9229 8932 8356 8771 9081 9216 8048 8007 8878 8910 1000000 1000000 1000000 1000000 1000000 1000000 1000000 1000000 1000000 0 
1000000 1000000 1000000 1000000 1000000 1000000 1000000 1000000 1000000 1000000 0 791 941 447 161 819 903 422 371 493 685 1001 431 652 719 374 184 381 231 178 1093 1159 842 595 981 1031 241 400 987 354 816 736 2489 2590 1931 1968 2538 1794 1766 1670 2059 1863 1859 2131 2766 2313 2398 1638 1955 2990 2207 2451 1964 2269 2652 1715 1861 1278 2374 2572 4565 5063 4423 4421 4061 5101 4696 4417 5028 4907 4391 4377 4171 3892 5113 4744 4381 4617 4957 4294 3919 4724 3850 4368 4290 4278 4237 4777 4378 4637 4857 4145 7983 8005 6912 7442 7369 8029 7710 7767 8029 7670 7955 7892 7892 7518 7125 7632 7967 7585 8128 7553 7578 7415 7576 7597 7615 7415 7124 8287 5584 5756 5026 5172 4710 5785 4901 4828 5841 4763 4962 5551 5607 4816 5548 4772 5384 5714 4853 4564 5851 5545 5008 5511 5745 5889 4819 4741 5537 5631 4501 7196 4157 4851 4820 3869 4319 5376 1247 3434 
1000000 1000000 1000000 1000000 1000000 1000000 1000000 1000000 1000000 1000000 791 0 407 679 942 458 878 542 760 305 184 520 1028 140 227 858 824 849 573 942 569 747 603 197 371 350 1007 908 564 708 29 968 3263 3307 2596 2758 3319 2584 2516 2425 2816 2519 2525 2902 3483 3076 3182 2388 2670 3731 2963 3201 2750 2949 3382 2417 2624 2035 3150 3345 5137 5643 5120 5091 4735 5731 5345 5041 5644 5518 4951 5022 4847 4477 5767 5426 4935 5165 5618 4927 4503 5320 4463 5073 4890 4841 4817 5432 5058 5188 5444 4756 8672 8694 7583 8139 8083 8708 8380 8459 8702 8348 8620 8586 8586 8227 7806 8320 8658 8275 8808 8209 8219 8101 8259 8284 8260 8075 7821 8959 5909 5984 5256 5426 4857 6053 5215 5170 6143 5016 5279 5853 5775 5155 5774 5062 5707 5945 5051 4898 6025 5707 5236 5817 5975 6127 5164 5059 5764 5920 5101 7154 3810 4061 4947 3141 3651 5353 1426 3580 
1000000 1000000 1000000 1000000 1000000 1000000 1000000 1000000 1000000 1000000 941 407 0 1000 1057 171 582 544 736 576 570 115 1288 454 257 833 891 820 715 1041 954 1143 295 493 86 704 1181 876 167 998 391 775 3416 3530 2855 2854 3457 2692 2706 2609 2997 2783 2783 3061 3706 3247 3309 2578 2894 3930 3145 3390 2873 3199 3593 2651 2796 2218 3299 3500 5450 5954 5360 5351 4992 6016 5619 5328 5937 5814 5269 5298 5103 4783 6039 5678 5255 5488 5885 5209 4809 5622 4756 5307 5190 5157 5126 5703 5311 5510 5751 5050 8920 8942 7844 8380 8309 8963 8642 8705 8962 8605 8885 8830 8830 8458 8060 8569 8905 8522 9063 8481 8499 8351 8512 8534 8538 8343 8063 9220 6294 6382 5653 5820 5261 6446 5601 5551 6531 5411 5664 6241 6178 5536 6172 5451 6092 6343 5451 5279 6427 6110 5633 6205 6372 6524 5544 5444 6162 6310 5401 7556 4169 4020 5351 2933 3852 5758 1812 3218 
1000000 1000000 1000000 1000000 1000000 1000000 1000000 1000000 1000000 1000000 447 679 1000 0 584 946 1196 661 743 424 503 1095 387 565 744 785 617 788 446 613 734 752 1032 515 1003 765 512 823 1109 99 707 1107 2658 2649 1924 2223 2728 2038 1888 1803 2192 1846 1854 2296 2825 2456 2603 1763 2015 3085 2335 2567 2184 2280 2730 1759 2011 1423 2550 2737 4463 4969 4451 4416 4060 5053 4668 4363 4967 4841 4279 4344 4173 3802 5090 4753 4264 4495 4941 4249 3827 4644 3786 4406 4213 4168 4142 4755 4385 4518 4768 4079 7999 8020 6907 7468 7416 8033 7703 7786 8026 7673 7943 7913 7913 7559 7132 7646 7984 7602 8133 7532 7541 7427 7584 7611 7582 7397 7150 8283 5319 5444 4714 4870 4362 5492 4629 4570 5564 4461 4691 5273 5270 4556 5235 4487 5117 5403 4526 4301 5517 5205 4694 5236 5434 5582 4563 4470 5224 5347 4424 6793 3710 4637 4465 3812 3936 4975 872 3838 
1000000 1000000 1000000 1000000 1000000 1000000 1000000 1000000 1000000 1000000 161 942 1057 584 0 920 934 517 394 648 843 1104 462 803 850 356 184 367 370 42 1252 1313 921 748 1104 1191 191 361 1083 486 966 724 2361 2491 1858 1822 2405 1652 1655 1557 1942 1794 1786 2005 2667 2192 2261 1528 1861 2879 2091 2337 1826 2186 2547 1629 1741 1167 2244 2444 4510 5005 4327 4334 3974 5028 4617 4346 4958 4840 4341 4300 4083 3835 5032 4653 4332 4569 4874 4220 3862 4661 3784 4269 4227 4227 4180 4696 4289 4589 4797 4079 7886 7909 6823 7343 7264 7936 7621 7670 7939 7578 7867 7795 7795 7415 7031 7537 7871 7488 8036 7469 7498 7321 7483 7502 7533 7329 7026 8197 5591 5783 5055 5195 4757 5804 4911 4832 5852 4788 4971 5562 5647 4821 5576 4788 5391 5741 4889 4571 5890 5587 5037 5521 5772 5914 4822 4751 5565 5645 4437 7273 4286 5000 4870 3989 4478 5453 1325 3367 
1000000 1000000 1000000 1000000 1000000 1000000 1000000 1000000 1000000 1000000 819 458 171 946 920 0 439 404 578 531 586 185 1195 454 244 672 747 658 603 901 1027 1204 149 474 251 794 1059 714 170 928 453 607 3273 3406 2747 2700 3310 2540 2575 2476 2861 2677 2675 2919 3582 3109 3160 2447 2773 3799 3010 3256 2724 3087 3466 2534 2659 2087 3155 3357 5363 5864 5240 5239 4879 5915 5512 5228 5838 5717 5185 5193 4989 4693 5930 5562 5172 5406 5775 5107 4719 5529 4659 5184 5096 5072 5037 5594 5196 5428 5660 4954 8800 8823 7730 8259 8182 8847 8528 8585 8848 8489 8773 8710 8710 8333 7943 8450 8785 8402 8947 8371 8394 8233 8395 8415 8431 8233 7941 9106 6262 6371 5640 5803 5264 6427 5571 5515 6505 5393 5634 6214 6178 5501 6161 5426 6060 6331 5444 5245 6427 6112 5621 6177 6361 6511 5507 5413 6151 6286 5307 7600 4264 4188 5359 3075 4006 5795 1791 3123 
1000000 1000000 1000000 1000000 1000000 1000000 1000000 1000000 1000000 1000000 903 878 582 1196 934 439 0 535 542 847 968 517 1331 835 652 587 753 573 762 899 1442 1607 292 834 668 1224 1115 601 452 1145 877 289 3161 3379 2783 2537 3180 2397 2527 2425 2793 2722 2711 2823 3552 3024 3021 2403 2762 3735 2940 3189 2592 3102 3423 2542 2586 2050 3041 3246 5441 5936 5213 5238 4878 5947 5530 5269 5882 5765 5273 5216 4985 4766 5941 5548 5265 5502 5781 5141 4794 5589 4711 5149 5156 5160 5111 5607 5187 5521 5727 5006 8766 8790 7718 8217 8122 8823 8515 8548 8831 8467 8763 8671 8671 8277 7919 8419 8750 8368 8923 8371 8408 8205 8369 8385 8441 8229 7901 9089 6481 6632 5901 6053 5557 6671 5795 5725 6733 5644 5856 6443 6464 5713 6423 5661 6279 6591 5718 5460 6711 6400 5882 6404 6621 6768 5717 5635 6412 6521 5365 7958 4685 4498 5660 3249 4434 6146 2067 2713 
1000000 1000000 1000000 1000000 1000000 1000000 1000000 1000000 1000000 1000000 422 542 544 661 517 404 535 0 221 361 539 588 826 431 374 321 347 311 232 499 1030 1162 421 399 600 871 661 371 568 611 558 483 2873 3004 2353 2313 2913 2149 2172 2073 2459 2285 2281 2519 3180 2707 2765 2044 2372 3396 2607 2853 2329 2689 3063 2135 2257 1683 2756 2957 4984 5483 4839 4841 4481 5523 5118 4839 5450 5329 4809 4799 4591 4312 5534 5162 4798 5034 5378 4715 4339 5145 4271 4782 4711 4696 4656 5199 4797 5054 5278 4567 8399 8422 7331 7857 7779 8447 8129 8183 8448 8089 8375 8308 8308 7930 7542 8049 8384 8001 8546 7974 7999 7833 7994 8014 8036 7835 7539 8706 5956 6099 5368 5522 5023 6141 5268 5203 6206 5112 5330 5916 5929 5190 5890 5132 5754 6058 5184 4936 6176 5865 5349 5877 6088 6236 5195 5109 5879 5992 4922 7439 4244 4537 5126 3475 4190 5624 1533 3205 
1000000 1000000 1000000 1000000 1000000 1000000 1000000 1000000 1000000 1000000 371 760 736 743 394 578 542 221 0 546 740 759 801 643 592 101 212 90 307 363 1222 1339 545 605 801 1082 573 150 725 669 777 372 2704 2871 2251 2123 2737 1965 2027 1926 2306 2187 2179 2354 3046 2548 2585 1901 2245 3247 2454 2702 2150 2576 2923 2018 2101 1542 2585 2788 4904 5399 4708 4721 4361 5420 5007 4739 5351 5233 4734 4691 4469 4229 5421 5037 4725 4962 5262 4612 4256 5055 4177 4647 4621 4621 4574 5085 4674 4982 5191 4473 8266 8289 7207 7720 7635 8318 8005 8049 8323 7961 8252 8173 8173 7788 7413 7917 8250 7867 8418 7856 7887 7701 7864 7883 7922 7715 7404 8581 5954 6124 5395 5541 5072 6155 5271 5197 6211 5132 5331 5921 5971 5186 5916 5141 5753 6083 5219 4933 6217 5909 5376 5881 6114 6258 5188 5111 5905 6001 4831 7534 4406 4747 5180 3648 4404 5715 1594 3096 
1000000 1000000 1000000 1000000 1000000 1000000 1000000 1000000 1000000 1000000 493 305 576 424 648 531 847 361 546 0 203 672 736 167 320 632 554 627 291 653 677 801 636 109 582 555 703 682 689 428 332 843 2959 3011 2310 2458 3015 2282 2214 2122 2513 2235 2239 2598 3188 2772 2878 2086 2374 3431 2660 2900 2447 2661 3084 2123 2321 1732 2846 3041 4880 5385 4830 4808 4450 5458 5067 4769 5376 5251 4698 4745 4562 4216 5488 5140 4683 4915 5337 4653 4242 5057 4194 4781 4625 4586 4558 5153 4772 4938 5183 4488 8385 8407 7300 7850 7790 8424 8098 8171 8420 8064 8340 8298 8298 7935 7521 8033 8371 7988 8524 7931 7945 7815 7974 7998 7985 7795 7532 8677 5732 5841 5111 5272 4740 5896 5041 4986 5974 4862 5104 5683 5653 4971 5631 4895 5530 5801 4916 4716 5901 5587 5091 5646 5831 5981 4979 4883 5621 5755 4836 7112 3884 4362 4837 3433 3874 5301 1261 3551 
1000000 1000000 1000000 1000000 1000000 1000000 1000000 1000000 1000000 1000000 685 184 570 503 843 586 968 539 740 203 0 681 867 135 343 829 756 823 493 851 493 641 717 143 546 353 880 880 716 543 211 1008 3122 3144 2426 2639 3183 2461 2366 2277 2667 2348 2355 2760 3321 2929 3050 2239 2509 3574 2813 3049 2621 2781 3223 2254 2479 1889 3011 3203 4955 5462 4952 4919 4563 5553 5169 4863 5465 5339 4769 4845 4676 4297 5592 5255 4752 4982 5444 4750 4322 5140 4285 4906 4710 4659 4636 5257 4887 5006 5263 4577 8501 8523 7409 7970 7917 8536 8205 8288 8528 8176 8446 8415 8415 8060 7634 8148 8487 8105 8635 8034 8041 7929 8087 8113 8083 7899 7652 8785 5730 5812 5083 5252 4692 5878 5037 4990 5965 4842 5100 5675 5609 4974 5602 4885 5528 5773 4881 4718 5858 5541 5063 5639 5802 5954 4984 4880 5592 5743 4921 7015 3726 4184 4784 3310 3673 5210 1247 3681 
1000000 1000000 1000000 1000000 1000000 1000000 1000000 1000000 1000000 1000000 1001 520 115 1095 1104 185 517 588 759 672 681 0 1366 561 356 850 931 837 781 1085 1067 1256 251 596 179 815 1241 891 68 1087 505 741 3457 3589 2925 2881 3493 2723 2759 2661 3046 2855 2853 3104 3766 3294 3343 2631 2955 3983 3194 3441 2907 3267 3649 2715 2843 2271 3339 3541 5533 6036 5423 5419 5059 6091 5691 5405 6014 5892 5354 5371 5170 4865 6109 5743 5341 5574 5955 5284 4891 5702 4833 5367 5270 5242 5208 5773 5378 5596 5832 5128 8983 9005 7911 8441 8366 9028 8709 8767 9029 8670 8954 8892 8892 8516 8124 8632 8968 8585 9128 8551 8572 8415 8576 8597 8610 8413 8124 9287 6399 6491 5762 5929 5373 6554 5706 5654 6638 5519 5769 6347 6289 5640 6281 5558 6196 6452 5561 5383 6538 6222 5742 6311 6482 6633 5648 5549 6271 6417 5480 7669 4275 4027 5463 2892 3923 5872 1918 3113 
1000000 1000000 1000000 1000000 1000000 1000000 1000000 1000000 1000000 1000000 431 1028 1288 387 462 1195 1331 826 801 736 867 1366 0 899 1039 795 603 804 599 503 1111 1101 1244 842 1309 1151 287 811 1365 325 1056 1163 2272 2280 1574 1846 2341 1659 1504 1418 1808 1500 1503 1910 2456 2071 2218 1378 1643 2708 1952 2185 1800 1925 2357 1390 1625 1037 2164 2351 4169 4671 4095 4072 3714 4730 4335 4042 4650 4527 3991 4013 3826 3499 4755 4404 3979 4213 4603 3923 3526 4337 3469 4046 3904 3879 3843 4419 4037 4235 4467 3764 7649 7671 6565 7115 7056 7688 7363 7435 7684 7329 7605 7562 7562 7201 6785 7297 7635 7252 7788 7198 7214 7079 7238 7262 7253 7061 6796 7941 5154 5330 4601 4744 4296 5356 4471 4397 5411 4336 4531 5121 5188 4386 5122 4342 4953 5288 4431 4133 5431 5127 4582 5081 5319 5463 4388 4311 5111 5201 4115 6816 3908 5023 4409 4167 4278 4996 877 3828 
1000000 1000000 1000000 1000000 1000000 1000000 1000000 1000000 1000000 1000000 652 140 454 565 803 454 835 431 643 167 135 561 899 0 213 738 691 731 436 805 616 773 584 59 443 441 868 789 591 583 166 887 3125 3175 2471 2619 3180 2444 2380 2289 2680 2395 2399 2764 3352 2939 3043 2253 2539 3597 2827 3066 2611 2822 3249 2287 2487 1898 3012 3207 5028 5533 4993 4968 4610 5613 5225 4924 5529 5403 4843 4902 4723 4366 5646 5301 4828 5059 5496 4809 4391 5207 4347 4944 4777 4733 4706 5311 4933 5082 5333 4641 8547 8568 7460 8012 7953 8584 8257 8333 8579 8224 8498 8459 8459 8099 7682 8194 8532 8150 8684 8089 8100 7976 8134 8159 8141 7953 7694 8836 5840 5931 5202 5368 4816 5993 5147 5097 6078 4958 5210 5787 5732 5082 5721 4998 5638 5891 5001 4826 5981 5665 5181 5751 5921 6072 5091 4990 5711 5856 4988 7148 3856 4200 4909 3269 3761 5343 1358 3548 
1000000 1000000 1000000 1000000 1000000 1000000 1000000 1000000 1000000 1000000 719 227 257 744 850 244 652 374 592 320 343 356 1039 213 0 692 703 682 489 841 793 964 381 241 271 575 955 742 380 743 229 752 3207 3296 2610 2669 3254 2501 2482 2387 2777 2537 2538 2849 3473 3031 3111 2354 2659 3705 2925 3168 2676 2957 3363 2413 2579 1995 3091 3290 5196 5700 5123 5108 4749 5767 5373 5079 5686 5563 5014 5051 4861 4530 5793 5437 5000 5233 5640 4961 4556 5370 4505 5071 4938 4903 4873 5457 5070 5255 5498 4799 8681 8703 7601 8143 8076 8722 8399 8466 8720 8363 8642 8592 8592 8224 7819 8329 8666 8283 8822 8235 8252 8112 8271 8294 8291 8098 7825 8977 6044 6141 5411 5576 5028 6201 5351 5299 6283 5166 5415 5993 5943 5285 5931 5204 5841 6101 5212 5028 6192 5876 5391 5956 6131 6282 5293 5194 5921 6063 5149 7356 4035 4167 5121 3153 3852 5552 1564 3357 
1000000 1000000 1000000 1000000 1000000 1000000 1000000 1000000 1000000 1000000 374 858 833 785 356 672 587 321 101 632 829 850 795 738 692 0 193 15 371 318 1306 1415 629 697 899 1175 544 51 814 704 875 371 2620 2803 2197 2031 2650 1875 1954 1853 2229 2136 2125 2273 2977 2469 2498 1829 2181 3171 2377 2625 2063 2517 2851 1958 2023 1473 2501 2705 4856 5350 4639 4657 4297 5362 4947 4683 5296 5179 4689 4632 4405 4181 5359 4970 4682 4918 5199 4555 4208 5003 4125 4576 4570 4576 4526 5024 4608 4938 5141 4420 8195 8218 7140 7648 7560 8249 7938 7978 8255 7893 8186 8102 8102 7714 7345 7847 8179 7797 8349 7791 7825 7632 7795 7813 7860 7650 7332 8513 5942 6124 5395 5538 5083 6149 5261 5183 6201 5130 5321 5911 5979 5172 5916 5134 5741 6082 5224 4921 6223 5917 5376 5871 6113 6257 5174 5101 5905 5993 4779 7565 4472 4846 5193 3736 4498 5745 1618 3064 
1000000 1000000 1000000 1000000 1000000 1000000 1000000 1000000 1000000 1000000 184 824 891 617 184 747 753 347 212 554 756 931 603 691 703 193 0 201 264 157 1205 1293 739 641 945 1108 362 216 906 529 846 561 2527 2671 2041 1969 2566 1803 1832 1733 2116 1977 1969 2173 2847 2363 2419 1705 2043 3055 2265 2512 1983 2370 2726 1812 1913 1345 2409 2611 4692 5188 4508 4517 4156 5211 4800 4530 5142 5024 4522 4484 4266 4017 5215 4835 4514 4750 5057 4404 4045 4844 3967 4449 4410 4409 4363 4879 4471 4770 4980 4263 8067 8090 7005 7523 7442 8117 7803 7851 8121 7760 8049 7975 7975 7593 7213 7718 8051 7669 8217 7651 7681 7502 7664 7683 7716 7511 7206 8379 5752 5932 5203 5346 4891 5958 5071 4994 6011 4938 5131 5721 5787 4983 5724 4943 5552 5890 5031 4732 6031 5725 5184 5681 5921 6065 4985 4911 5713 5802 4620 7379 4321 4867 5002 3821 4423 5560 1431 3250 
1000000 1000000 1000000 1000000 1000000 1000000 1000000 1000000 1000000 1000000 381 849 820 788 367 658 573 311 90 627 823 837 804 731 682 15 201 0 369 330 1302 1412 615 690 887 1168 555 61 800 708 866 360 2634 2817 2210 2045 2665 1889 1968 1867 2243 2149 2139 2287 2991 2483 2511 1843 2194 3186 2392 2640 2077 2531 2865 1971 2037 1487 2515 2719 4869 5363 4653 4671 4311 5376 4960 4697 5309 5193 4702 4646 4419 4194 5373 4984 4694 4931 5213 4569 4221 5017 4138 4590 4583 4589 4539 5038 4622 4951 5154 4433 8209 8232 7154 7662 7574 8263 7952 7992 8269 7907 8200 8116 8116 7728 7359 7861 8193 7811 8363 7805 7839 7646 7809 7827 7873 7664 7346 8527 5952 6133 5404 5547 5091 6159 5271 5193 6211 5139 5331 5921 5987 5182 5925 5144 5751 6091 5232 4931 6231 5925 5385 5881 6122 6266 5184 5111 5914 6003 4792 7570 4471 4834 5201 3723 4491 5751 1624 3059 
1000000 1000000 1000000 1000000 1000000 1000000 1000000 1000000 1000000 1000000 231 573 715 446 370 603 762 232 307 291 493 781 599 436 489 371 264 369 0 369 948 1047 646 383 752 845 468 417 772 385 597 663 2719 2815 2145 2192 2768 2020 1995 1900 2289 2075 2073 2361 2992 2543 2626 1867 2180 3219 2437 2681 2192 2487 2879 1937 2091 1508 2604 2802 4764 5264 4646 4639 4280 5313 4911 4626 5236 5115 4587 4591 4391 4093 5329 4965 4576 4810 5175 4505 4119 4928 4057 4592 4495 4475 4437 4993 4599 4832 5059 4352 8205 8228 7131 7666 7595 8250 7929 7990 8250 7891 8174 8116 8116 7744 7346 7855 8190 7808 8350 7771 7792 7638 7798 7820 7830 7633 7348 8507 5724 5871 5140 5293 4801 5911 5037 4971 5975 4883 5099 5685 5705 4958 5662 4901 5523 5830 4958 4704 5952 5642 5121 5646 5860 6007 4963 4878 5651 5762 4705 7238 4103 4630 4905 3640 4160 5421 1313 3395 
1000000 1000000 1000000 1000000 1000000 1000000 1000000 1000000 1000000 1000000 178 942 1041 613 42 901 899 499 363 653 851 1085 503 805 841 318 157 330 369 0 1270 1336 895 750 1091 1201 231 321 1061 517 966 685 2375 2515 1888 1828 2417 1660 1676 1577 1961 1825 1816 2021 2691 2209 2272 1549 1887 2900 2110 2356 1836 2215 2570 1656 1759 1189 2258 2459 4543 5038 4352 4361 4001 5057 4645 4376 4989 4871 4374 4329 4110 3868 5060 4679 4366 4603 4901 4250 3895 4693 3815 4293 4259 4261 4213 4724 4315 4623 4830 4110 7911 7934 6849 7366 7286 7961 7647 7694 7965 7604 7893 7819 7819 7437 7057 7561 7895 7512 8061 7496 7526 7345 7508 7527 7561 7356 7050 8223 5631 5824 5096 5235 4798 5844 4952 4871 5892 4829 5011 5602 5688 4861 5617 4828 5431 5782 4930 4610 5931 5628 5078 5562 5813 5955 4862 4791 5606 5686 4469 7313 4319 4998 4911 3973 4495 5493 1365 3326 
1000000 1000000 1000000 1000000 1000000 1000000 1000000 1000000 1000000 1000000 1093 569 954 734 1252 1027 1442 1030 1222 677 493 1067 1111 616 793 1306 1205 1302 948 1270 0 201 1171 635 896 264 1231 1356 1119 821 575 1500 3365 3295 2541 2955 3442 2769 2584 2506 2888 2458 2475 3005 3468 3154 3324 2462 2675 3749 3027 3250 2910 2899 3388 2416 2717 2137 3261 3442 4927 5435 5051 4987 4640 5572 5212 4883 5473 5341 4731 4887 4753 4288 5636 5334 4710 4932 5496 4781 4312 5131 4303 5017 4710 4625 4619 5304 4967 4958 5244 4589 8571 8591 7461 8051 8020 8593 8253 8361 8578 8232 8487 8490 8490 8157 7698 8216 8557 8177 8692 8066 8058 7996 8150 8181 8103 7936 7733 8832 5511 5536 4813 4994 4381 5624 4817 4789 5731 4587 4883 5443 5301 4771 5326 4653 5310 5498 4595 4514 5551 5231 4792 5410 5527 5682 4785 4665 5317 5502 4918 6609 3244 3945 4461 3285 3227 4817 1102 4148 
1000000 1000000 1000000 1000000 1000000 1000000 1000000 1000000 1000000 1000000 1159 747 1143 752 1313 1204 1607 1162 1339 801 641 1256 1101 773 964 1415 1293 1412 1047 1336 201 0 1345 780 1089 463 1264 1462 1306 848 757 1641 3315 3207 2445 2941 3398 2753 2528 2455 2831 2361 2381 2957 3378 3097 3287 2410 2598 3669 2967 3182 2883 2801 3306 2339 2669 2099 3214 3389 4775 5282 4939 4865 4520 5432 5080 4745 5330 5198 4577 4755 4634 4144 5504 5214 4555 4775 5367 4647 4166 4985 4165 4908 4567 4472 4470 5174 4848 4801 5094 4449 8444 8464 7329 7929 7905 8462 8119 8236 8445 8102 8351 8364 8364 8039 7569 8089 8430 8051 8561 7928 7915 7869 8021 8053 7962 7800 7611 8698 5319 5338 4616 4798 4181 5427 4626 4600 5537 4392 4691 5249 5101 4582 5128 4460 5118 5300 4396 4325 5352 5031 4595 5217 5329 5485 4596 4474 5119 5307 4774 6415 3087 4029 4261 3443 3186 4621 945 4319 
1000000 1000000 1000000 1000000 1000000 1000000 1000000 1000000 1000000 1000000 842 603 295 1032 921 149 292 421 545 636 717 251 1244 584 381 629 739 615 646 895 1171 1345 0 595 380 942 1078 663 197 1002 599 491 3248 3410 2770 2656 3279 2502 2569 2470 2850 2703 2698 2899 3586 3093 3125 2443 2781 3791 2999 3246 2691 3104 3464 2548 2645 2083 3129 3332 5404 5904 5247 5254 4893 5941 5534 5257 5869 5749 5230 5216 5003 4732 5950 5573 5219 5454 5793 5134 4759 5565 4691 5187 5131 5117 5077 5614 5209 5475 5698 4986 8806 8829 7743 8261 8179 8856 8541 8589 8859 8498 8787 8714 8714 8331 7951 8456 8790 8407 8956 8388 8415 8240 8403 8422 8451 8248 7945 9117 6350 6472 5742 5901 5375 6523 5660 5600 6596 5491 5722 6305 6287 5586 6262 5519 6148 6432 5549 5331 6535 6221 5722 6267 6462 6611 5592 5501 6252 6379 5342 7731 4411 4276 5472 3110 4145 5924 1892 2978 
1000000 1000000 1000000 1000000 1000000 1000000 1000000 1000000 1000000 1000000 595 197 493 515 748 474 834 399 605 109 143 596 842 59 241 697 641 690 383 750 635 780 595 0 489 479 810 748 621 529 224 866 3067 3118 2415 2562 3122 2387 2322 2230 2622 2339 2343 2706 3295 2881 2985 2195 2481 3539 2768 3008 2553 2766 3191 2230 2429 1840 2953 3149 4977 5482 4936 4912 4555 5560 5170 4870 5476 5351 4793 4847 4667 4314 5592 5245 4778 5010 5441 4755 4339 5155 4294 4887 4724 4682 4655 5256 4877 5032 5281 4588 8490 8512 7404 7956 7896 8528 8202 8277 8524 8169 8443 8403 8403 8042 7626 8138 8476 8093 8628 8034 8047 7920 8079 8103 8087 7898 7638 8781 5803 5901 5171 5335 4791 5960 5111 5059 6042 4925 5174 5752 5705 5044 5691 4963 5601 5861 4972 4788 5954 5638 5151 5715 5891 6041 5053 4953 5681 5822 4935 7137 3866 4257 4885 3326 3802 5329 1324 3546 
1000000 1000000 1000000 1000000 1000000 1000000 1000000 1000000 1000000 1000000 981 371 86 1003 1104 251 668 600 801 582 546 179 1309 443 271 899 945 887 752 1091 896 1089 380 489 0 640 1220 944 241 1009 351 858 3465 3564 2880 2912 3508 2748 2747 2651 3040 2807 2809 3108 3741 3293 3362 2619 2928 3970 3188 3432 2927 3227 3630 2682 2841 2259 3348 3548 5462 5967 5392 5378 5020 6037 5643 5348 5955 5831 5279 5321 5131 4797 6063 5707 5265 5497 5910 5231 4823 5638 4774 5340 5206 5168 5139 5727 5340 5519 5765 5068 8951 8973 7871 8413 8345 8992 8669 8736 8990 8633 8912 8862 8862 8493 8089 8599 8936 8553 9092 8505 8522 8381 8541 8564 8561 8369 8095 9247 6276 6354 5626 5796 5226 6422 5583 5535 6511 5386 5646 6221 6144 5520 6144 5431 6074 6315 5421 5263 6394 6076 5606 6185 6345 6497 5529 5426 6134 6288 5417 7503 4097 3949 5315 2888 3767 5708 1793 3291 
1000000 1000000 1000000 1000000 1000000 1000000 1000000 1000000 1000000 1000000 1031 350 704 765 1191 794 1224 871 1082 555 353 815 1151 441 575 1175 1108 1168 845 1201 264 463 942 479 640 0 1211 1226 870 833 348 1316 3422 3401 2662 2967 3490 2785 2652 2568 2957 2581 2593 3060 3576 3221 3363 2527 2772 3844 3100 3330 2939 3019 3487 2513 2775 2187 3314 3501 5113 5621 5185 5135 4783 5741 5371 5051 5646 5517 4921 5046 4897 4467 5795 5477 4901 5127 5651 4944 4491 5311 4470 5145 4886 4813 4801 5461 5110 5152 5427 4760 8720 8741 7617 8195 8154 8748 8412 8509 8736 8387 8649 8637 8637 8294 7849 8366 8706 8325 8847 8231 8229 8147 8302 8331 8273 8099 7877 8992 5756 5791 5067 5246 4641 5875 5061 5029 5979 4839 5127 5690 5561 5011 5581 4900 5554 5753 4851 4754 5811 5491 5046 5657 5782 5937 5024 4908 5572 5751 5095 6869 3471 3873 4722 3104 3324 5079 1311 3915 
1000000 1000000 1000000 1000000 1000000 1000000 1000000 1000000 1000000 1000000 241 1007 1181 512 191 1059 1115 661 573 703 880 1241 287 868 955 544 362 555 468 231 1231 1264 1078 810 1220 1211 0 551 1227 416 1034 913 2259 2349 1693 1760 2313 1582 1528 1433 1823 1627 1621 1899 2526 2078 2175 1400 1715 2751 1971 2213 1744 2029 2412 1475 1626 1041 2145 2341 4335 4832 4182 4181 3821 4864 4458 4181 4792 4673 4164 4139 3931 3661 4874 4503 4155 4391 4718 4056 3688 4491 3615 4127 4057 4051 4006 4538 4138 4411 4625 3911 7742 7764 6671 7201 7128 7788 7470 7526 7789 7430 7715 7652 7652 7277 6884 7391 7727 7344 7888 7314 7339 7175 7336 7357 7376 7175 6883 8047 5401 5594 4867 5006 4573 5614 4721 4642 5662 4599 4781 5372 5461 4631 5387 4598 5201 5552 4702 4381 5704 5401 4848 5331 5583 5725 4632 4561 5376 5455 4267 7102 4169 5062 4687 4107 4447 5282 1163 3546 
1000000 1000000 1000000 1000000 1000000 1000000 1000000 1000000 1000000 1000000 400 908 876 823 361 714 601 371 150 682 880 891 811 789 742 51 216 61 417 321 1356 1462 663 748 944 1226 551 0 851 738 926 365 2588 2781 2185 1993 2617 1840 1931 1829 2203 2125 2113 2243 2955 2440 2463 1807 2162 3145 2351 2599 2029 2502 2827 1942 1996 1451 2469 2673 4847 5340 4617 4638 4278 5347 4930 4669 5282 5166 4682 4616 4386 4171 5341 4949 4675 4912 5181 4541 4199 4992 4113 4553 4558 4568 4517 5007 4588 4931 5131 4408 8172 8195 7120 7624 7534 8227 7917 7954 8233 7871 8165 8078 8078 7688 7323 7824 8156 7773 8327 7772 7808 7609 7773 7790 7841 7630 7308 8491 5951 6139 5411 5552 5104 6162 5271 5192 6211 5145 5331 5922 5998 5181 5932 5147 5751 6097 5242 4931 6242 5937 5392 5881 6128 6271 5182 5111 5921 6005 4768 7595 4515 4892 5215 3773 4549 5775 1646 3035 
1000000 1000000 1000000 1000000 1000000 1000000 1000000 1000000 1000000 1000000 987 564 167 1109 1083 170 452 568 725 689 716 68 1365 591 380 814 906 800 772 1061 1119 1306 197 621 241 870 1227 851 0 1095 551 683 3427 3571 2916 2844 3461 2688 2737 2638 3022 2846 2843 3076 3748 3268 3310 2610 2939 3961 3170 3417 2874 3255 3630 2701 2818 2249 3309 3511 5533 6034 5406 5407 5047 6084 5681 5398 6008 5887 5354 5362 5157 4863 6099 5729 5342 5576 5943 5276 4889 5699 4828 5349 5266 5242 5207 5763 5364 5598 5830 5123 8966 8989 7898 8424 8346 9014 8696 8750 9015 8656 8941 8875 8875 8497 8109 8616 8951 8568 9114 8539 8563 8400 8561 8582 8600 8401 8107 9273 6421 6521 5791 5956 5407 6580 5729 5675 6661 5546 5792 6371 6323 5660 6311 5582 6218 6481 5592 5404 6571 6255 5771 6334 6511 6662 5668 5571 6301 6442 5477 7717 4335 4080 5499 2924 3990 5917 1944 3052 
1000000 1000000 1000000 1000000 1000000 1000000 1000000 1000000 1000000 1000000 354 708 998 99 486 928 1145 611 669 428 543 1087 325 583 743 704 529 708 385 517 821 848 1002 529 1009 833 416 738 1095 0 736 1038 2592 2602 1889 2142 2658 1958 1828 1741 2131 1813 1818 2229 2779 2394 2531 1701 1967 3032 2275 2510 2108 2242 2681 1712 1946 1356 2482 2671 4454 4958 4413 4385 4028 5032 4642 4342 4949 4824 4272 4319 4141 3789 5064 4719 4258 4491 4913 4227 3815 4630 3767 4366 4198 4161 4131 4728 4352 4513 4756 4061 7965 7987 6877 7432 7376 8002 7674 7752 7997 7642 7916 7879 7879 7521 7100 7613 7951 7568 8102 7506 7519 7394 7553 7578 7559 7371 7114 8254 5350 5488 4758 4911 4416 5531 4661 4599 5599 4502 4723 5308 5321 4586 5279 4523 5148 5447 4574 4331 5567 5257 4738 5270 5478 5625 4591 4503 5268 5384 4409 6865 3805 4704 4521 3848 4031 5047 929 3764 
1000000 1000000 1000000 1000000 1000000 1000000 1000000 1000000 1000000 1000000 816 29 391 707 966 453 877 558 777 332 211 505 1056 166 229 875 846 866 597 966 575 757 599 224 351 348 1034 926 551 736 0 976 3290 3335 2624 2784 3346 2610 2544 2453 2844 2547 2553 2929 3512 3103 3208 2416 2698 3759 2990 3229 2776 2977 3410 2445 2652 2062 3177 3372 5164 5671 5149 5120 4763 5759 5373 5069 5672 5546 4978 5050 4876 4505 5795 5454 4962 5192 5646 4955 4530 5348 4491 5101 4918 4868 4845 5460 5087 5215 5471 4784 8701 8722 7611 8168 8111 8737 8408 8487 8730 8377 8649 8614 8614 8256 7835 8348 8686 8304 8836 8238 8247 8129 8287 8313 8288 8103 7849 8987 5932 6005 5277 5447 4876 6075 5238 5194 6165 5038 5302 5875 5794 5178 5795 5085 5730 5966 5071 4921 6044 5726 5256 5840 5995 6148 5188 5082 5785 5942 5129 7166 3813 4036 4965 3112 3638 5367 1450 3575 
1000000 1000000 1000000 1000000 1000000 1000000 1000000 1000000 1000000 1000000 736 968 775 1107 724 607 289 483 372 843 1008 741 1163 887 752 371 561 360 663 685 1500 1641 491 866 858 1316 913 365 683 1038 976 0 2879 3113 2539 2249 2895 2111 2258 2156 2519 2482 2468 2543 3284 2746 2735 2137 2503 3460 2665 2913 2307 2849 3152 2291 2311 1788 2758 2963 5205 5696 4944 4976 4616 5694 5273 5019 5632 5517 5041 4961 4722 4529 5681 5281 5035 5272 5519 4889 4557 5346 4466 4877 4913 4928 4874 5348 4922 5291 5486 4761 8493 8517 7450 7942 7844 8552 8247 8275 8561 8197 8496 8397 8397 8000 7648 8147 8477 8095 8652 8107 8147 7933 8097 8113 8179 7964 7627 8820 6312 6491 5762 5906 5443 6518 5631 5553 6571 5498 5691 6281 6341 5542 6283 5504 6111 6449 5588 5291 6586 6279 5743 6241 6480 6624 5544 5471 6272 6363 5121 7900 4726 4760 5551 3536 4600 6082 1965 2733 
1000000 1000000 1000000 1000000 1000000 1000000 1000000 1000000 1000000 1000000 2489 3263 3416 2658 2361 3273 3161 2873 2704 2959 3122 3457 2272 3125 3207 2620 2527 2634 2719 2375 3365 3315 3248 3067 3465 3422 2259 2588 3427 2592 3290 2879 0 664 1102 701 143 783 789 861 493 1172 1126 363 722 244 242 906 823 673 384 326 581 924 571 1041 649 1236 121 85 2838 3242 2164 2278 1942 3074 2623 2484 3058 2975 2748 2358 2029 2232 2985 2525 2766 2985 2814 2335 2262 2871 2066 2078 2483 2644 2528 2673 2197 2991 3031 2313 5650 5675 4652 5093 4976 5724 5439 5431 5745 5375 5692 5551 5551 5137 4827 5310 5633 5254 5823 5327 5399 5101 5269 5277 5421 5179 4782 6002 4665 5145 4518 4556 4527 5037 4121 3959 4968 4221 4159 4714 5215 3965 4972 4098 4496 5101 4480 3777 5412 5183 4507 4665 5132 5231 3941 3978 4958 4830 2661 7305 5448 7295 4682 6347 6370 5611 2596 4559 
1000000 1000000 1000000 1000000 1000000 1000000 1000000 1000000 1000000 1000000 2590 3307 3530 2649 2491 3406 3379 3004 2871 3011 3144 3589 2280 3175 3296 2803 2671 2817 2815 2515 3295 3207 3410 3118 3564 3401 2349 2781 3571 2602 3335 3113 664 0 769 1223 799 1215 856 959 638 855 829 721 177 540 891 977 638 479 522 352 1041 435 137 891 835 1331 710 649 2264 2705 1837 1866 1508 2614 2178 1970 2572 2472 2151 1879 1612 1623 2576 2169 2163 2391 2412 1827 1653 2337 1483 1779 1923 2042 1941 2246 1810 2401 2491 1756 5396 5419 4339 4853 4781 5447 5136 5180 5453 5091 5385 5304 5304 4929 4543 5047 5381 4998 5547 4994 5038 4831 4994 5012 5069 4852 4536 5711 4007 4482 3857 3892 3883 4375 3457 3297 4309 3561 3495 4053 4555 3302 4309 3434 3836 4437 3824 3113 4750 4524 3847 4004 4468 4568 3279 3314 4295 4169 2116 6662 4997 7235 4039 6443 6105 4991 2369 5080 
1000000 1000000 1000000 1000000 1000000 1000000 1000000 1000000 1000000 1000000 1931 2596 2855 1924 1858 2747 2783 2353 2251 2310 2426 2925 1574 2471 2610 2197 2041 2210 2145 1888 2541 2445 2770 2415 2880 2662 1693 2185 2916 1889 2624 2539 1102 769 0 1242 1234 1121 553 610 669 86 73 858 936 861 1217 582 297 1244 725 843 1055 359 881 281 688 804 1055 1146 2669 3157 2527 2499 2141 3172 2766 2489 3101 2983 2512 2447 2253 1993 3185 2831 2508 2746 3031 2364 2021 2808 1929 2484 2375 2398 2338 2849 2463 2763 2948 2224 6077 6099 4991 5544 5494 6114 5789 5863 6111 5755 6032 5990 5990 5636 5212 5724 6062 5680 6214 5627 5648 5506 5664 5689 5685 5489 5226 6368 4049 4407 3723 3804 3623 4353 3424 3297 4337 3429 3473 4061 4397 3294 4216 3354 3860 4363 3635 3069 4616 4354 3709 4015 4394 4514 3282 3268 4203 4164 2584 6373 4347 6474 3769 5735 5351 4625 1601 4798 
1000000 1000000 1000000 1000000 1000000 1000000 1000000 1000000 1000000 1000000 1968 2758 2854 2223 1822 2700 2537 2313 2123 2458 2639 2881 1846 2619 2669 2031 1969 2045 2192 1828 2955 2941 2656 2562 2912 2967 1760 1993 2844 2142 2784 2249 701 1223 1242 0 672 191 701 683 643 1274 1224 505 1341 691 503 730 963 1367 711 891 197 1268 1182 1029 555 883 589 779 3481 3906 2864 2973 2632 3763 3314 3156 3741 3652 3373 3041 2722 2846 3682 3225 3385 3612 3511 3009 2876 3536 2701 2778 3134 3264 3161 3368 2894 3622 3694 2964 6337 6363 5349 5778 5651 6415 6134 6118 6438 6068 6388 6236 6236 5814 5520 6000 6320 5942 6514 6026 6098 5792 5961 5967 6121 5877 5469 6695 5177 5597 4932 4996 4861 5518 4590 4445 5475 4636 4634 5209 5616 4446 5412 4541 4998 5552 4860 4238 5828 5576 4919 5161 5583 5695 4428 4439 5398 5319 3320 7615 5406 6819 5009 5765 6092 5864 2379 3877 
