NAME : Christ75-10-f
TYPE : ATSP
DIMENSION : 95
EDGE_WEIGHT_TYPE : EXPLICIT
EDGE_WEIGHT_FORMAT : FULL_MATRIX
EDGE_WEIGHT_SECTION
1000000 1000000 1000000 1000000 1000000 1000000 1000000 1000000 1000000 1000000 4610 4085 4319 3946 4429 4159 4491 3920 4205 2532 2640 1345 1897 2408 2476 2354 1140 3808 1931 3483 2800 3329 3547 3705 3547 583 1304 2657 1700 1503 3734 2506 2163 608 1421 3257 3053 2518 2360 1664 4000 3962 3561 2404 1253 707 2668 2040 3214 3265 1513 1044 1942 2300 4469 4123 2524 1942 3471 4206 3590 2524 2640 4623 2961 3362 141 1000 3748 3966 3900 2102 2404 2138 566 0 1000000 1000000 1000000 1000000 1000000 1000000 1000000 1000000 1000000 
1000000 1000000 1000000 1000000 1000000 1000000 1000000 1000000 1000000 1000000 5604 5349 6685 5818 5263 5948 7060 6360 7214 6113 5801 4875 2864 5036 1803 4545 4357 6790 4144 1221 1342 3059 4966 6080 6907 4179 2702 2285 1942 2302 7339 5720 3720 3354 4301 361 894 5968 5903 5025 4512 4159 4176 5391 2377 3536 1000 1612 5382 6389 4187 3106 5001 3574 7801 5314 2193 5536 5869 854 2002 2907 4272 4105 6329 6501 3669 3162 671 1005 361 5701 3362 2062 3400 1000000 0 1000000 1000000 1000000 1000000 1000000 1000000 1000000 1000000 
1000000 1000000 1000000 1000000 1000000 1000000 1000000 1000000 1000000 1000000 6280 5720 4743 5093 6268 5304 4565 4420 3640 600 1655 2159 4305 2663 5280 4071 2886 3489 3256 6356 5914 6064 5270 4393 2435 2602 4085 5622 4754 4610 985 2617 4522 3353 2663 6356 6041 922 1562 2417 6172 6316 5818 3061 4317 3195 5787 5162 4405 2968 3479 3677 2121 4111 3007 5801 5148 1200 3105 7211 6612 5295 4652 7151 1020 1700 3041 3905 6873 6908 6964 1300 4973 5200 3500 1000000 1000000 0 1000000 1000000 1000000 1000000 1000000 1000000 1000000 
1000000 1000000 1000000 1000000 1000000 1000000 1000000 1000000 1000000 1000000 6083 5772 6935 6147 5756 6297 7272 6586 7311 5831 5346 4743 2300 4500 1200 4751 4319 6888 3600 447 1803 3601 5345 6313 6877 3996 2309 2729 1720 2360 7111 5728 3981 3046 3864 825 361 5604 5769 4968 5025 4704 4653 5456 2163 3195 1237 1664 5636 6438 4264 2720 4554 2943 7790 5749 1530 5280 5261 825 2668 3298 4569 4752 5923 6021 3448 3189 1442 566 762 5507 3700 2341 3330 1000000 1000000 1000000 0 1000000 1000000 1000000 1000000 1000000 1000000 
1000000 1000000 1000000 1000000 1000000 1000000 1000000 1000000 1000000 1000000 4717 4518 6021 5080 4366 5187 6435 5728 6720 6129 6067 4730 3400 5441 2484 3982 4111 6301 4588 2193 825 2154 4188 5445 6574 4130 3036 1556 2184 2121 7257 5367 3124 3523 4589 943 1720 6101 5728 4776 3606 3228 3311 4974 2532 3734 1077 1612 4738 5968 3801 3396 5277 4168 7430 4472 2907 5533 6369 1803 1005 2193 3607 3100 6512 6790 3701 2912 412 2022 1300 5609 2687 1616 3256 1000000 1000000 1000000 1000000 0 1000000 1000000 1000000 1000000 1000000 
1000000 1000000 1000000 1000000 1000000 1000000 1000000 1000000 1000000 1000000 5778 5255 3842 4472 5852 4653 3536 3606 2484 1749 3162 2600 5449 4115 6301 3920 3202 2484 4580 7350 6485 6201 4904 3672 1360 3312 5080 5984 5595 5220 608 2220 4601 4301 3905 7118 6946 2377 1581 2550 5944 6181 5672 2729 5148 4201 6500 5869 3922 2147 3622 4701 3499 5404 1581 5349 6248 2121 4632 8101 6987 5523 4528 7071 2550 3214 3859 4397 7527 7855 7782 1803 5104 5701 4085 1000000 1000000 1000000 1000000 1000000 0 1000000 1000000 1000000 1000000 
1000000 1000000 1000000 1000000 1000000 1000000 1000000 1000000 1000000 1000000 6700 6313 7178 6531 6403 6708 7446 6801 7306 5270 4522 4469 1476 3569 728 5000 4219 6896 2693 854 2657 4393 5831 6546 6684 3688 1844 3453 1746 2631 6603 5630 4357 2617 3130 1921 1140 4919 5445 4801 5722 5459 5308 5459 2062 2691 2025 2102 5920 6381 4346 2193 3770 1910 7606 6307 640 4780 4201 1868 3667 3905 4965 5661 5162 5142 3124 3289 2617 1432 1972 5099 4205 2907 3265 1000000 1000000 1000000 1000000 1000000 1000000 0 1000000 1000000 1000000 
1000000 1000000 1000000 1000000 1000000 1000000 1000000 1000000 1000000 1000000 7752 7207 6986 6908 7601 7131 6987 6597 6303 2943 1456 3544 2693 806 3766 5412 3981 6021 1476 4710 5412 6444 6673 6456 5209 3176 3041 5640 3891 4360 4085 4768 5360 2832 1780 5316 4687 2256 3901 4052 7201 7159 6762 4973 3636 2617 4977 4518 6147 5423 4565 2746 1456 2010 5968 7256 3423 2902 316 5722 6414 5659 5798 7779 2102 1628 3061 4177 6008 5308 5689 3401 5597 5022 3764 1000000 1000000 1000000 1000000 1000000 1000000 1000000 0 1000000 1000000 
1000000 1000000 1000000 1000000 1000000 1000000 1000000 1000000 1000000 1000000 6653 6088 5463 5604 6576 5825 5376 5099 4571 1105 447 2263 3384 1487 4438 4314 2921 4342 2195 5508 5445 5951 5587 5012 3413 2326 3324 5345 4101 4177 2193 3220 4549 2702 1746 5708 5277 412 2214 2702 6341 6407 5941 3551 3701 2500 5201 4610 4860 3764 3561 2915 1077 3053 4111 6155 4238 1304 1924 6433 6282 5148 4827 7169 316 781 2571 3640 6301 6088 6251 1746 4924 4827 3195 1000000 1000000 1000000 1000000 1000000 1000000 1000000 1000000 0 1000000 
1000000 1000000 1000000 1000000 1000000 1000000 1000000 1000000 1000000 1000000 5968 5420 4252 4720 5994 4920 4022 3960 3041 990 2341 2209 4780 3312 5694 3890 2900 2941 3829 6760 6100 6041 5009 3970 1836 2816 4478 5704 5070 4805 361 2283 4455 3712 3183 6641 6398 1565 1334 2319 5981 6168 5661 2773 4624 3585 6044 5412 4082 2476 3423 4082 2720 4669 2319 5507 5604 1476 3808 7564 6707 5308 4492 7034 1726 2402 3324 4031 7106 7290 7280 1315 4937 5346 3667 1000000 1000000 1000000 1000000 1000000 1000000 1000000 1000000 1000000 0 
1000000 1000000 1000000 1000000 1000000 1000000 1000000 1000000 1000000 1000000 0 566 2302 1334 361 1204 2807 2319 3722 5814 6825 4393 6139 6946 6003 2360 3801 3471 6539 6450 4295 2563 1082 2159 4460 4579 5434 3354 5016 4119 6129 3689 2500 5126 5994 5337 5842 6294 4720 3960 1118 1526 1432 3220 4866 5292 4851 4601 1887 3640 3191 5441 6351 6772 4866 500 6320 5374 7992 6456 3758 2807 1970 2140 6788 7433 4742 3764 5126 6551 5948 5033 2508 3805 4085 4610 5604 6280 6083 4717 5778 6700 7752 6653 5968 
1000000 1000000 1000000 1000000 1000000 1000000 1000000 1000000 1000000 1000000 566 0 1965 906 608 854 2474 1903 3300 5250 6263 3829 5672 6401 5604 1803 3245 3015 6017 6119 4016 2385 539 1703 3956 4031 4965 3068 4600 3700 5590 3138 2022 4617 5456 5060 5511 5728 4162 3394 1082 1500 1221 2663 4418 4776 4535 4230 1342 3132 2642 4948 5798 6282 4418 100 5901 4808 7443 6203 3606 2474 1456 2285 6223 6868 4215 3276 4919 6264 5701 4469 2110 3453 3574 4085 5349 5720 5772 4518 5255 6313 7207 6088 5420 
1000000 1000000 1000000 1000000 1000000 1000000 1000000 1000000 1000000 1000000 2302 1965 0 1077 2532 1118 510 400 1487 4429 5758 3453 6181 6217 6451 2193 3202 1360 6107 7201 5360 4061 1972 632 2484 4001 5511 4469 5442 4610 4314 2247 2968 4925 5423 6351 6619 5057 3265 2943 3008 3401 3002 2022 5124 5009 5745 5277 1304 1780 2864 5346 5532 6612 2657 2062 6648 4179 7157 7517 5240 3829 2421 4238 5501 6217 4410 3890 6389 7479 7046 3716 3342 4632 3981 4319 6685 4743 6935 6021 3842 7178 6986 5463 4252 
1000000 1000000 1000000 1000000 1000000 1000000 1000000 1000000 1000000 1000000 1334 906 1077 0 1500 224 1581 1000 2402 4675 5831 3400 5700 6110 5805 1603 2941 2138 5846 6451 4478 3041 922 825 3138 3764 5001 3551 4785 3905 4855 2476 2184 4528 5220 5501 5852 5220 3536 2915 1931 2326 1942 2062 4528 4653 4924 4522 762 2326 2433 4909 5463 6229 3536 1005 6053 4301 7118 6665 4245 2915 1581 3162 5701 6382 4061 3306 5464 6671 6177 3905 2460 3808 3506 3946 5818 5093 6147 5080 4472 6531 6908 5604 4720 
1000000 1000000 1000000 1000000 1000000 1000000 1000000 1000000 1000000 1000000 361 608 2532 1500 0 1414 3041 2500 3901 5780 6727 4314 5894 6796 5714 2263 3688 3622 6351 6129 3962 2214 1000 2309 4561 4441 5192 3027 4738 3847 6174 3712 2285 4924 5831 5001 5523 6229 4717 3905 762 1166 1105 3225 4610 5099 4528 4301 1931 3736 3061 5220 6220 6546 5025 510 6041 5315 7849 6113 3401 2500 1803 1803 6727 7354 4565 3547 4776 6217 5604 5000 2236 3500 3891 4429 5263 6268 5756 4366 5852 6403 7601 6576 5994 
1000000 1000000 1000000 1000000 1000000 1000000 1000000 1000000 1000000 1000000 1204 854 1118 224 1414 0 1628 1118 2518 4892 6054 3624 5901 6332 5984 1811 3162 2280 6064 6610 4607 3114 1000 985 3311 3985 5200 3672 4965 4079 5048 2687 2354 4738 5441 5636 6008 5441 3748 3138 1924 2332 1985 2280 4717 4866 5070 4684 985 2506 2648 5116 5686 6438 3667 949 6239 4522 7341 6798 4328 3041 1746 3138 5920 6603 4276 3501 5576 6815 6306 4123 2600 3956 3712 4159 5948 5304 6297 5187 4653 6708 7131 5825 4920 
1000000 1000000 1000000 1000000 1000000 1000000 1000000 1000000 1000000 1000000 2807 2474 510 1581 3041 1628 0 707 1082 4308 5701 3501 6379 6239 6723 2524 3354 1082 6203 7518 5749 4522 2460 990 2202 4119 5728 4880 5727 4924 4046 2220 3342 5099 5500 6720 6946 4965 3162 3000 3511 3900 3489 2110 5385 5162 6103 5608 1697 1616 3102 5532 5544 6760 2236 2571 6895 4123 7139 7882 5685 4243 2828 4743 5385 6110 4571 4163 6794 7823 7420 3640 3748 5000 4206 4491 7060 4565 7272 6435 3536 7446 6987 5376 4022 
1000000 1000000 1000000 1000000 1000000 1000000 1000000 1000000 1000000 1000000 2319 1903 400 1000 2500 1118 707 0 1404 4082 5385 3059 5787 5825 6075 1836 2802 1170 5708 6843 5045 3828 1803 283 2247 3601 5120 4173 5070 4249 4046 1879 2640 4528 5025 6022 6265 4696 2915 2550 2886 3257 2823 1628 4743 4610 5408 4924 990 1487 2474 4950 5142 6213 2550 2002 6264 3808 6772 7185 4982 3536 2121 4123 5148 5859 4011 3511 6088 7134 6720 3354 3041 4301 3590 3920 6360 4420 6586 5728 3606 6801 6597 5099 3960 
1000000 1000000 1000000 1000000 1000000 1000000 1000000 1000000 1000000 1000000 3722 3300 1487 2402 3901 2518 1082 1404 0 3471 4937 3008 6093 5604 6604 2746 3089 424 5707 7500 5967 5016 3140 1603 1208 3734 5501 5187 5661 4958 3023 1709 3606 4793 4982 6859 6966 4159 2402 2563 4243 4589 4123 1860 5270 4810 6223 5664 2184 949 3048 5239 4904 6360 1170 3400 6712 3401 6420 7993 6090 4579 3220 5474 4535 5263 4254 4123 7043 7875 7566 2902 4082 5174 4050 4205 7214 3640 7311 6720 2484 7306 6303 4571 3041 
1000000 1000000 1000000 1000000 1000000 1000000 1000000 1000000 1000000 1000000 5814 5250 4429 4675 5780 4892 4308 4082 3471 0 1503 1581 3801 2377 4741 3551 2309 3257 2843 5814 5315 5482 4780 4022 2309 2002 3534 5025 4176 4011 1345 2220 3956 2786 2193 5772 5478 700 1166 1887 5644 5770 5277 2617 3736 2640 5197 4571 3960 2693 2915 3130 1749 3680 3027 5326 4632 600 3007 6648 6013 4707 4118 6592 1077 1803 2452 3306 6280 6356 6389 781 4397 4600 2900 2532 6113 600 5831 6129 1749 5270 2943 1105 990 
1000000 1000000 1000000 1000000 1000000 1000000 1000000 1000000 1000000 1000000 6825 6263 5758 5831 6727 6054 5701 5385 4937 1503 0 2441 3081 1063 4159 4469 3041 4687 1838 5217 5315 5954 5749 5280 3801 2360 3100 5292 3912 4080 2640 3511 4623 2550 1500 5501 5025 806 2550 2915 6444 6482 6031 3801 3536 2335 5025 4455 5077 4100 3677 2702 800 2683 4528 6325 3929 1581 1503 6166 6198 5148 4950 7211 707 728 2508 3624 6120 5805 6013 2062 4965 4743 3176 2640 5801 1655 5346 6067 3162 4522 1456 447 2341 
1000000 1000000 1000000 1000000 1000000 1000000 1000000 1000000 1000000 1000000 4393 3829 3453 3400 4314 3624 3501 3059 3008 1581 2441 0 3138 2766 3818 2052 728 2648 2717 4827 3905 3905 3324 2912 2220 781 2625 3500 3023 2625 2532 1315 2377 1860 2002 4519 4383 1921 1030 510 4105 4206 3722 1432 2581 1836 3900 3270 2642 2062 1342 2302 2088 3353 3140 3895 3842 1030 3734 5523 4501 3140 2581 5016 2421 3041 1345 1825 4934 5301 5188 900 2816 3140 1487 1345 4875 2159 4743 4730 2600 4469 3544 2263 2209 
1000000 1000000 1000000 1000000 1000000 1000000 1000000 1000000 1000000 1000000 6139 5672 6181 5700 5894 5901 6379 5787 6093 3801 3081 3138 0 2200 1100 4101 3036 5701 1300 2138 2843 4219 5148 5558 5354 2371 707 3302 1345 2102 5140 4386 3650 1300 1655 2625 2010 3444 4061 3534 5314 5148 4870 4301 1300 1304 2332 1980 5009 5148 3324 854 2309 781 6268 5689 854 3330 3008 3106 3895 3534 4230 5576 3700 3734 1838 2408 3324 2729 3015 3680 3669 2663 2209 1897 2864 4305 2300 3400 5449 1476 2693 3384 4780 
1000000 1000000 1000000 1000000 1000000 1000000 1000000 1000000 1000000 1000000 6946 6401 6217 6110 6796 6332 6239 5825 5604 2377 1063 2766 2200 0 3300 4607 3178 5301 900 4319 4754 5685 5867 5675 4554 2371 2404 4909 3257 3636 3636 4020 4561 2081 990 4768 4205 1749 3214 3276 6403 6370 5967 4198 2955 1860 4368 3863 5349 4701 3759 2062 700 1676 5360 6450 3015 2220 1063 5304 5725 4892 4993 7009 1769 1581 2267 3394 5434 4916 5209 2717 4810 4305 2973 2408 5036 2663 4500 5441 4115 3569 806 1487 3312 
1000000 1000000 1000000 1000000 1000000 1000000 1000000 1000000 1000000 1000000 6003 5604 6451 5805 5714 5984 6723 6075 6604 4741 4159 3818 1100 3300 0 4272 3523 6191 2400 1077 2110 3764 5116 5819 6021 3041 1221 2816 1020 1910 6054 4941 3635 2000 2693 1612 922 4460 4817 4123 5049 4805 4627 4751 1342 2110 1500 1432 5192 5686 3625 1612 3373 1772 6943 5601 424 4219 4079 2010 3162 3225 4243 5070 4754 4826 2476 2563 2332 1649 1924 4500 3500 2236 2555 2476 1803 5280 1200 2484 6301 728 3766 4438 5694 
1000000 1000000 1000000 1000000 1000000 1000000 1000000 1000000 1000000 1000000 2360 1803 2193 1603 2263 1811 2524 1836 2746 3551 4469 2052 4101 4607 4272 0 1442 2332 4272 5009 3253 2354 1281 1565 2828 2236 3406 2441 3257 2417 4123 1703 860 2927 3677 4201 4429 3970 2563 1664 2102 2280 1772 1200 2961 3059 3581 3089 922 2088 854 3306 3996 4627 3574 1860 4491 3061 5644 5360 3354 1836 608 3158 4469 5091 2474 1726 4319 5300 4904 2778 1342 2484 1903 2354 4545 4071 4751 3982 3920 5000 5412 4314 3890 
1000000 1000000 1000000 1000000 1000000 1000000 1000000 1000000 1000000 1000000 3801 3245 3202 2941 3688 3162 3354 2802 3089 2309 3041 728 3036 3178 3523 1442 0 2683 2927 4460 3289 3178 2720 2602 2561 825 2417 2807 2617 2059 3206 1421 1655 1746 2280 3996 3962 2608 1628 671 3421 3499 3023 1265 2202 1811 3362 2746 2184 2163 640 2184 2555 3413 3471 3302 3624 1746 4206 5061 3812 2419 1910 4295 3106 3688 1217 1208 4346 4884 4687 1612 2088 2500 990 1140 4357 2886 4319 4111 3202 4219 3981 2921 2900 
1000000 1000000 1000000 1000000 1000000 1000000 1000000 1000000 1000000 1000000 3471 3015 1360 2138 3622 2280 1082 1170 424 3257 4687 2648 5701 5301 6191 2332 2683 0 5360 7080 5544 4624 2807 1315 1131 3353 5099 4771 5243 4534 2973 1334 3191 4401 4639 6435 6544 3929 2138 2184 3912 4243 3766 1442 4855 4427 5798 5240 1825 600 2625 4847 4601 5991 1404 3114 6306 3126 6152 7569 5682 4168 2823 5135 4332 5060 3863 3701 6622 7452 7142 2631 3672 4751 3636 3808 6790 3489 6888 6301 2484 6896 6021 4342 2941 
1000000 1000000 1000000 1000000 1000000 1000000 1000000 1000000 1000000 1000000 6539 6017 6107 5846 6351 6064 6203 5708 5707 2843 1838 2717 1300 900 2400 4272 2927 5360 0 3423 3936 5021 5478 5523 4776 2110 1565 4187 2417 2907 4177 4031 4071 1442 728 3883 3306 2343 3418 3206 5883 5801 5438 4100 2163 1253 3511 3041 5099 4768 3421 1281 1140 860 5646 6054 2121 2506 1789 4405 4940 4252 4569 6370 2506 2452 1803 2830 4561 4020 4310 2955 4244 3561 2460 1931 4144 3256 3600 4588 4580 2693 1476 2195 3829 
1000000 1000000 1000000 1000000 1000000 1000000 1000000 1000000 1000000 1000000 6450 6119 7201 6451 6129 6610 7518 6843 7500 5814 5217 4827 2138 4319 1077 5009 4460 7080 3423 0 2202 4001 5675 6574 7001 4061 2283 3106 1844 2594 7120 5880 4272 3053 3764 1265 608 5536 5841 5091 5408 5100 5025 5640 2263 3176 1603 1931 5909 6607 4465 2683 4438 2702 7920 6100 1304 5284 5016 1020 3105 3650 4870 5179 5824 5869 3500 3384 1887 600 1140 5547 4026 2668 3471 3483 1221 6356 447 2193 7350 854 4710 5508 6760 
1000000 1000000 1000000 1000000 1000000 1000000 1000000 1000000 1000000 1000000 4295 4016 5360 4478 3962 4607 5749 5045 5967 5315 5315 3905 2843 4754 2110 3253 3289 5544 3936 2202 0 1800 3625 4763 5771 3314 2371 949 1526 1304 6433 4565 2408 2766 3860 1044 1612 5308 4904 3956 3225 2902 2864 4188 1803 2983 632 894 4061 5187 3002 2693 4535 3624 6637 3985 2524 4717 5725 2193 1063 1565 2941 3008 5731 6042 2902 2088 1082 2256 1700 4785 2025 806 2433 2800 1342 5914 1803 825 6485 2657 5412 5445 6100 
1000000 1000000 1000000 1000000 1000000 1000000 1000000 1000000 1000000 1000000 2563 2385 4061 3041 2214 3114 4522 3828 5016 5482 5954 3905 4219 5685 3764 2354 3178 4624 5021 4001 1800 0 2121 3551 5179 3625 3581 949 2907 2140 6320 4020 1600 3612 4701 2816 3406 5701 4717 3722 1456 1105 1166 3536 2941 3829 2408 2341 2865 4438 2617 3754 5270 4965 5920 2332 4144 4904 6736 3905 1221 806 1803 1360 6185 6665 3467 2332 2563 4031 3396 4785 1105 1565 2778 3329 3059 6064 3601 2154 6201 4393 6444 5951 6041 
1000000 1000000 1000000 1000000 1000000 1000000 1000000 1000000 1000000 1000000 1082 539 1972 922 1000 1000 2460 1803 3140 4780 5749 3324 5148 5867 5116 1281 2720 2807 5478 5675 3625 2121 0 1552 3650 3499 4441 2683 4105 3206 5200 2731 1503 4080 4919 4662 5070 5235 3722 2907 1105 1456 1030 2236 3905 4238 4111 3766 1005 2828 2110 4415 5270 5749 4201 583 5401 4319 6912 5818 3330 2062 922 2335 5731 6366 3677 2746 4579 5852 5323 4000 1649 3008 3036 3547 4966 5270 5345 4188 4904 5831 6673 5587 5009 
1000000 1000000 1000000 1000000 1000000 1000000 1000000 1000000 1000000 1000000 2159 1703 632 825 2309 985 990 283 1603 4022 5280 2912 5558 5675 5819 1565 2602 1315 5523 6574 4763 3551 1552 0 2326 3413 4884 3890 4810 3981 4080 1803 2360 4310 4851 5743 5994 4614 2860 2404 2648 3008 2563 1487 4492 4401 5131 4653 707 1526 2236 4727 5000 6003 2717 1803 6017 3712 6641 6907 4701 3253 1838 3883 5077 5780 3801 3257 5805 6860 6440 3276 2759 4022 3354 3705 6080 4393 6313 5445 3672 6546 6456 5012 3970 
1000000 1000000 1000000 1000000 1000000 1000000 1000000 1000000 1000000 1000000 4460 3956 2484 3138 4561 3311 2202 2247 1208 2309 3801 2220 5354 4554 6021 2828 2561 1131 4776 7001 5771 5179 3650 2326 0 3000 4841 5126 5166 4604 1844 1208 3614 4080 4050 6546 6519 3007 1360 1910 4727 5004 4501 1649 4738 4050 5908 5301 2648 825 2773 4522 3864 5504 922 4052 6061 2335 5300 7622 6103 4588 3413 5903 3354 4079 3561 3744 6848 7441 7242 1844 4123 4965 3547 3547 6907 2435 6877 6574 1360 6684 5209 3413 1836 
1000000 1000000 1000000 1000000 1000000 1000000 1000000 1000000 1000000 1000000 4579 4031 4001 3764 4441 3985 4119 3601 3734 2002 2360 781 2371 2371 3041 2236 825 3353 2110 4061 3314 3625 3499 3413 3000 0 1844 3059 2283 2010 3162 2025 2267 1082 1456 3828 3636 2088 1780 1170 4101 4123 3680 2010 1836 1077 3228 2596 3008 2786 1389 1526 1780 2648 3920 4082 3061 1404 3413 4789 4031 2823 2640 4855 2563 3053 566 1334 4295 4549 4478 1523 2608 2602 906 583 4179 2602 3996 4130 3312 3688 3176 2326 2816 
1000000 1000000 1000000 1000000 1000000 1000000 1000000 1000000 1000000 1000000 5434 4965 5511 5001 5192 5200 5728 5120 5501 3534 3100 2625 707 2404 1221 3406 2417 5099 1565 2283 2371 3581 4441 4884 4841 1844 0 2691 854 1442 4837 3808 2943 781 1600 2402 1965 3298 3607 2968 4624 4472 4179 3677 640 894 1965 1476 4319 4565 2648 412 2300 1389 5763 4982 1221 3002 3354 3132 3384 2865 3523 4941 3635 3805 1281 1703 3041 2823 2927 3280 2973 2052 1530 1304 2702 4085 2309 3036 5080 1844 3041 3324 4478 
1000000 1000000 1000000 1000000 1000000 1000000 1000000 1000000 1000000 1000000 3354 3068 4469 3551 3027 3672 4880 4173 5187 5025 5292 3500 3302 4909 2816 2441 2807 4771 4187 3106 949 949 2683 3890 5126 3059 2691 0 1972 1281 6013 3922 1581 2830 3945 1992 2502 5142 4428 3437 2302 2010 1924 3493 2052 3053 1503 1393 3183 4472 2377 2907 4562 4061 5951 3036 3195 4428 5941 3138 1005 640 2052 2283 5604 6017 2786 1726 1921 3202 2640 4400 1131 640 2159 2657 2285 5622 2729 1556 5984 3453 5640 5345 5704 
1000000 1000000 1000000 1000000 1000000 1000000 1000000 1000000 1000000 1000000 5016 4600 5442 4785 4738 4965 5727 5070 5661 4176 3912 3023 1345 3257 1020 3257 2617 5243 2417 1844 1526 2907 4105 4810 5166 2283 854 1972 0 900 5423 4036 2617 1414 2419 1612 1360 4031 4050 3256 4100 3890 3667 3801 447 1603 1118 640 4176 4763 2642 1217 3114 2121 6083 4601 1304 3606 4205 2506 2561 2280 3225 4254 4405 4627 1746 1565 2209 2280 2214 3801 2508 1342 1628 1700 1942 4754 1720 2184 5595 1746 3891 4101 5070 
1000000 1000000 1000000 1000000 1000000 1000000 1000000 1000000 1000000 1000000 4119 3700 4610 3905 3847 4079 4924 4249 4958 4011 4080 2625 2102 3636 1910 2417 2059 4534 2907 2594 1304 2140 3206 3981 4604 2010 1442 1281 900 0 5142 3421 1726 1565 2683 1942 2025 4020 3640 2729 3228 3046 2789 3111 806 1789 1304 707 3324 4104 1910 1628 3324 2830 5500 3701 2202 3413 4662 3041 2119 1432 2335 3500 4455 4808 1612 860 2309 2921 2640 3493 1612 671 1140 1503 2302 4610 2360 2121 5220 2631 4360 4177 4805 
1000000 1000000 1000000 1000000 1000000 1000000 1000000 1000000 1000000 1000000 6129 5590 4314 4855 6174 5048 4046 4046 3023 1345 2640 2532 5140 3636 6054 4123 3206 2973 4177 7120 6433 6320 5200 4080 1844 3162 4837 6013 5423 5142 0 2470 4727 4071 3538 6989 6754 1887 1603 2602 6198 6403 5894 2973 4977 3945 6389 5757 4249 2561 3705 4442 3061 5021 2184 5680 5964 1836 4080 7920 7018 5601 4730 7278 1992 2631 3677 4357 7446 7648 7632 1649 5215 5672 4002 3734 7339 985 7111 7257 608 6603 4085 2193 361 
1000000 1000000 1000000 1000000 1000000 1000000 1000000 1000000 1000000 1000000 3689 3138 2247 2476 3712 2687 2220 1879 1709 2220 3511 1315 4386 4020 4941 1703 1421 1334 4031 5880 4565 4020 2731 1803 1208 2025 3808 3922 4036 3421 2470 0 2433 3087 3314 5360 5374 2818 1063 854 3736 3962 3453 510 3624 3102 4720 4123 1803 762 1565 3534 3324 4657 2081 3225 5025 1931 4924 6454 4904 3396 2309 4851 3276 3982 2550 2561 5644 6294 6061 1476 2943 3759 2408 2506 5720 2617 5728 5367 2220 5630 4768 3220 2283 
1000000 1000000 1000000 1000000 1000000 1000000 1000000 1000000 1000000 1000000 2500 2022 2968 2184 2285 2354 3342 2640 3606 3956 4623 2377 3650 4561 3635 860 1655 3191 4071 4272 2408 1600 1503 2360 3614 2267 2943 1581 2617 1726 4727 2433 0 2640 3581 3384 3677 4254 3126 2138 1844 1860 1414 1965 2402 2818 2778 2341 1664 2915 1044 2941 4031 4272 4401 2040 3905 3401 5622 4549 2508 985 608 2640 4751 5301 2302 1265 3466 4518 4080 3228 510 1664 1612 2163 3720 4522 3981 3124 4601 4357 5360 4549 4455 
1000000 1000000 1000000 1000000 1000000 1000000 1000000 1000000 1000000 1000000 5126 4617 4925 4528 4924 4738 5099 4528 4793 2786 2550 1860 1300 2081 2000 2927 1746 4401 1442 3053 2766 3612 4080 4310 4080 1082 781 2830 1414 1565 4071 3087 2640 0 1118 3027 2693 2617 2828 2236 4442 4360 3996 3008 1000 224 2500 1910 3805 3848 2102 447 1772 1703 5000 4649 1985 2236 3124 3863 3677 2828 3162 4950 3000 3276 539 1389 3600 3578 3614 2500 2802 2236 1044 608 3354 3353 3046 3523 4301 2617 2832 2702 3712 
1000000 1000000 1000000 1000000 1000000 1000000 1000000 1000000 1000000 1000000 5994 5456 5423 5220 5831 5441 5500 5025 4982 2193 1500 2002 1655 990 2693 3677 2280 4639 728 3764 3860 4701 4919 4851 4050 1456 1600 3945 2419 2683 3538 3314 3581 1118 0 4001 3536 1789 2693 2500 5420 5381 4982 3406 2062 894 3536 2983 4464 4045 2823 1204 700 1500 4924 5501 2508 1803 2052 4687 4793 3905 4031 6021 2062 2209 1281 2404 4627 4342 4518 2236 3821 3354 1985 1421 4301 2663 3864 4589 3905 3130 1780 1746 3183 
1000000 1000000 1000000 1000000 1000000 1000000 1000000 1000000 1000000 1000000 5337 5060 6351 5501 5001 5636 6720 6022 6859 5772 5501 4519 2625 4768 1612 4201 3996 6435 3883 1265 1044 2816 4662 5743 6546 3828 2402 1992 1612 1942 6989 5360 3384 3027 4001 0 781 5644 5546 4665 4258 3920 3905 5033 2040 3214 640 1253 5048 6031 3829 2800 4701 3362 7440 5029 2025 5192 5632 1166 1844 2600 3945 3932 6013 6207 3324 2802 721 1217 707 5349 3041 1720 3041 3257 361 6356 825 943 7118 1921 5316 5708 6641 
1000000 1000000 1000000 1000000 1000000 1000000 1000000 1000000 1000000 1000000 5842 5511 6619 5852 5523 6008 6946 6265 6966 5478 5025 4383 2010 4205 922 4429 3962 6544 3306 608 1612 3406 5070 5994 6519 3636 1965 2502 1360 2025 6754 5374 3677 2693 3536 781 0 5263 5408 4610 4804 4501 4418 5109 1803 2846 1000 1342 5323 6088 3920 2377 4230 2693 7433 5492 1300 4924 5001 1170 2563 3041 4272 4610 5590 5708 3089 2843 1487 922 1005 5148 3421 2062 2973 3053 894 6041 361 1720 6946 1140 4687 5277 6398 
1000000 1000000 1000000 1000000 1000000 1000000 1000000 1000000 1000000 1000000 6294 5728 5057 5220 6229 5441 4965 4696 4159 700 806 1921 3444 1749 4460 3970 2608 3929 2343 5536 5308 5701 5235 4614 3007 2088 3298 5142 4031 4020 1887 2818 4254 2617 1789 5644 5263 0 1803 2335 6022 6106 5630 3162 3612 2433 5109 4501 4482 3353 3245 2886 1204 3202 3722 5798 4295 922 2309 6429 6100 4904 4500 6888 500 1166 2408 3421 6207 6103 6217 1342 4652 4653 2983 2518 5968 922 5604 6101 2377 4919 2256 412 1565 
1000000 1000000 1000000 1000000 1000000 1000000 1000000 1000000 1000000 1000000 4720 4162 3265 3536 4717 3748 3162 2915 2402 1166 2550 1030 4061 3214 4817 2563 1628 2138 3418 5841 4904 4717 3722 2860 1360 1780 3607 4428 4050 3640 1603 1063 3126 2828 2693 5546 5408 1803 0 1000 4662 4838 4332 1500 3606 2766 4924 4295 2843 1552 2102 3256 2518 4159 2236 4244 4810 1000 4020 6551 5433 4000 3162 5701 2236 2955 2343 2816 5946 6325 6218 500 3612 4123 2508 2360 5903 1562 5769 5728 1581 5445 3901 2214 1334 
1000000 1000000 1000000 1000000 1000000 1000000 1000000 1000000 1000000 1000000 3960 3394 2943 2915 3905 3138 3000 2550 2563 1887 2915 510 3534 3276 4123 1664 671 2184 3206 5091 3956 3722 2907 2404 1910 1170 2968 3437 3256 2729 2602 854 2138 2236 2500 4665 4610 2335 1000 0 3759 3900 3401 922 2828 2247 4031 3413 2163 1616 1105 2683 2596 3808 2828 3466 4188 1414 4238 5720 4441 3000 2236 4743 2828 3483 1700 1879 5016 5532 5354 1118 2617 3162 1640 1664 5025 2417 4968 4776 2550 4801 4052 2702 2319 
1000000 1000000 1000000 1000000 1000000 1000000 1000000 1000000 1000000 1000000 1118 1082 3008 1931 762 1924 3511 2886 4243 5644 6444 4105 5314 6403 5049 2102 3421 3912 5883 5408 3225 1456 1105 2648 4727 4101 4624 2302 4100 3228 6198 3736 1844 4442 5420 4258 4804 6022 4662 3759 0 424 447 3228 4016 4632 3805 3622 2100 3912 2780 4696 5873 6001 5304 1000 5394 5131 7465 5360 2640 1825 1526 1237 6522 7106 4140 3053 4016 5474 4851 4876 1655 2816 3441 4000 4512 6172 5025 3606 5944 5722 7201 6341 5981 
1000000 1000000 1000000 1000000 1000000 1000000 1000000 1000000 1000000 1000000 1526 1500 3401 2326 1166 2332 3900 3257 4589 5770 6482 4206 5148 6370 4805 2280 3499 4243 5801 5100 2902 1105 1456 3008 5004 4123 4472 2010 3890 3046 6403 3962 1860 4360 5381 3920 4501 6106 4838 3900 424 0 510 3453 3848 4561 3501 3373 2419 4200 2865 4579 5873 5859 5622 1421 5166 5235 7433 5001 2247 1616 1676 900 6604 7161 4104 2983 3640 5135 4491 5016 1562 2571 3397 3962 4159 6316 4704 3228 6181 5459 7159 6407 6168 
1000000 1000000 1000000 1000000 1000000 1000000 1000000 1000000 1000000 1000000 1432 1221 3002 1942 1105 1985 3489 2823 4123 5277 6031 3722 4870 5967 4627 1772 3023 3766 5438 5025 2864 1166 1030 2563 4501 3680 4179 1924 3667 2789 5894 3453 1414 3996 4982 3905 4418 5630 4332 3401 447 510 0 2943 3574 4188 3423 3206 1942 3701 2385 4249 5445 5554 5135 1166 4965 4751 7029 5029 2385 1404 1170 1404 6129 6701 3701 2608 3716 5120 4522 4519 1208 2402 3000 3561 4176 5818 4653 3311 5672 5308 6762 5941 5661 
1000000 1000000 1000000 1000000 1000000 1000000 1000000 1000000 1000000 1000000 3220 2663 2022 2062 3225 2280 2110 1628 1860 2617 3801 1432 4301 4198 4751 1200 1265 1442 4100 5640 4188 3536 2236 1487 1649 2010 3677 3493 3801 3111 2973 510 1965 3008 3406 5033 5109 3162 1500 922 3228 3453 2943 0 3413 3059 4393 3818 1345 1000 1204 3448 3517 4653 2460 2746 4875 2247 5155 6152 4460 2941 1803 4342 3640 4327 2474 2267 5270 6021 5738 1844 2474 3384 2195 2404 5391 3061 5456 4974 2729 5459 4973 3551 2773 
1000000 1000000 1000000 1000000 1000000 1000000 1000000 1000000 1000000 1000000 4866 4418 5124 4528 4610 4717 5385 4743 5270 3736 3536 2581 1300 2955 1342 2961 2202 4855 2163 2263 1803 2941 3905 4492 4738 1836 640 2052 447 806 4977 3624 2402 1000 2062 2040 1803 3612 3606 2828 4016 3848 3574 3413 0 1204 1500 922 3883 4360 2285 894 2746 2025 5657 4428 1530 3162 3945 2953 2778 2236 3000 4301 4000 4258 1300 1237 2600 2720 2657 3354 2377 1414 1221 1253 2377 4317 2163 2532 5148 2062 3636 3701 4624 
1000000 1000000 1000000 1000000 1000000 1000000 1000000 1000000 1000000 1000000 5292 4776 5009 4653 5099 4866 5162 4610 4810 2640 2335 1836 1304 1860 2110 3059 1811 4427 1253 3176 2983 3829 4238 4401 4050 1077 894 3053 1603 1789 3945 3102 2818 224 894 3214 2846 2433 2766 2247 4632 4561 4188 3059 1204 0 2702 2121 3920 3863 2220 500 1552 1603 4965 4810 2052 2110 2907 4016 3900 3041 3324 5162 2802 3059 600 1581 3801 3716 3785 2408 3000 2460 1208 707 3536 3195 3195 3734 4201 2691 2617 2500 3585 
1000000 1000000 1000000 1000000 1000000 1000000 1000000 1000000 1000000 1000000 4851 4535 5745 4924 4528 5070 6103 5408 6223 5197 5025 3900 2332 4368 1500 3581 3362 5798 3511 1603 632 2408 4111 5131 5908 3228 1965 1503 1118 1304 6389 4720 2778 2500 3536 640 1000 5109 4924 4031 3805 3501 3423 4393 1500 2702 0 632 4442 5391 3189 2335 4230 3106 6801 4512 1921 4610 5292 1780 1664 2062 3354 3640 5500 5743 2746 2163 1100 1746 1345 4743 2470 1118 2417 2668 1000 5787 1237 1077 6500 2025 4977 5201 6044 
1000000 1000000 1000000 1000000 1000000 1000000 1000000 1000000 1000000 1000000 4601 4230 5277 4522 4301 4684 5608 4924 5664 4571 4455 3270 1980 3863 1432 3089 2746 5240 3041 1931 894 2341 3766 4653 5301 2596 1476 1393 640 707 5757 4123 2341 1910 2983 1253 1342 4501 4295 3413 3622 3373 3206 3818 922 2121 632 0 3981 4810 2617 1803 3667 2759 6201 4219 1803 3981 4830 2335 1921 1803 2941 3667 4904 5179 2121 1562 1712 2220 1942 4111 2121 806 1789 2040 1612 5162 1664 1612 5869 2102 4518 4610 5412 
1000000 1000000 1000000 1000000 1000000 1000000 1000000 1000000 1000000 1000000 1887 1342 1304 762 1931 985 1697 990 2184 3960 5077 2642 5009 5349 5192 922 2184 1825 5099 5909 4061 2865 1005 707 2648 3008 4319 3183 4176 3324 4249 1803 1664 3805 4464 5048 5323 4482 2843 2163 2100 2419 1942 1345 3883 3920 4442 3981 0 1825 1703 4200 4701 5508 3206 1432 5413 3561 6356 6213 4000 2546 1131 3314 4968 5640 3324 2648 5099 6177 5743 3183 2052 3329 2802 3214 5382 4405 5636 4738 3922 5920 6147 4860 4082 
1000000 1000000 1000000 1000000 1000000 1000000 1000000 1000000 1000000 1000000 3640 3132 1780 2326 3736 2506 1616 1487 949 2693 4100 2062 5148 4701 5686 2088 2163 600 4768 6607 5187 4438 2828 1526 825 2786 4565 4472 4763 4104 2561 762 2915 3848 4045 6031 6088 3353 1552 1616 3912 4200 3701 1000 4360 3863 5391 4810 1825 0 2202 4295 4001 5412 1487 3228 5780 2532 5558 7145 5423 3900 2648 5100 3770 4494 3311 3253 6268 7004 6736 2040 3418 4383 3140 3265 6389 2968 6438 5968 2147 6381 5423 3764 2476 
1000000 1000000 1000000 1000000 1000000 1000000 1000000 1000000 1000000 1000000 3191 2642 2864 2433 3061 2648 3102 2474 3048 2915 3677 1342 3324 3759 3625 854 640 2625 3421 4465 3002 2617 2110 2236 2773 1389 2648 2377 2642 1910 3705 1565 1044 2102 2823 3829 3920 3245 2102 1105 2780 2865 2385 1204 2285 2220 3189 2617 1703 2202 0 2502 3162 3805 3636 2693 3795 2371 4802 4950 3373 1903 1273 3677 3744 4328 1628 1082 4082 4827 4534 2184 1513 2195 1118 1513 4187 3479 4264 3801 3622 4346 4565 3561 3423 
1000000 1000000 1000000 1000000 1000000 1000000 1000000 1000000 1000000 1000000 5441 4948 5346 4909 5220 5116 5532 4950 5239 3130 2702 2302 854 2062 1612 3306 2184 4847 1281 2683 2693 3754 4415 4727 4522 1526 412 2907 1217 1628 4442 3534 2941 447 1204 2800 2377 2886 3256 2683 4696 4579 4249 3448 894 500 2335 1803 4200 4295 2502 0 1903 1334 5441 4973 1556 2608 3053 3544 3672 3000 3493 5109 3225 3413 985 1676 3423 3231 3338 2907 3041 2280 1404 1044 3106 3677 2720 3396 4701 2193 2746 2915 4082 
1000000 1000000 1000000 1000000 1000000 1000000 1000000 1000000 1000000 1000000 6351 5798 5532 5463 6220 5686 5544 5142 4904 1749 800 2088 2309 700 3373 3996 2555 4601 1140 4438 4535 5270 5270 5000 3864 1780 2300 4562 3114 3324 3061 3324 4031 1772 700 4701 4230 1204 2518 2596 5873 5873 5445 3517 2746 1552 4230 3667 4701 4001 3162 1903 0 2000 4684 5852 3162 1530 1655 5376 5442 4465 4420 6560 1393 1513 1803 2941 5324 5022 5215 2022 4328 3992 2500 1942 5001 2121 4554 5277 3499 3770 1456 1077 2720 
1000000 1000000 1000000 1000000 1000000 1000000 1000000 1000000 1000000 1000000 6772 6282 6612 6229 6546 6438 6760 6213 6360 3680 2683 3353 781 1676 1772 4627 3413 5991 860 2702 3624 4965 5749 6003 5504 2648 1389 4061 2121 2830 5021 4657 4272 1703 1500 3362 2693 3202 4159 3808 6001 5859 5554 4653 2025 1603 3106 2759 5508 5412 3805 1334 2000 0 6395 6306 1414 3302 2319 3712 4675 4254 4827 6325 3362 3257 2202 3008 4072 3302 3688 3722 4346 3421 2729 2300 3574 4111 2943 4168 5404 1910 2010 3053 4669 
1000000 1000000 1000000 1000000 1000000 1000000 1000000 1000000 1000000 1000000 4866 4418 2657 3536 5025 3667 2236 2550 1170 3027 4528 3140 6268 5360 6943 3574 3471 1404 5646 7920 6637 5920 4201 2717 922 3920 5763 5951 6083 5500 2184 2081 4401 5000 4924 7440 7433 3722 2236 2828 5304 5622 5135 2460 5657 4965 6801 6201 3206 1487 3636 5441 4684 6395 0 4518 6981 3162 6030 8528 6908 5385 4123 6519 4000 4704 4482 4640 7718 8355 8140 2693 4904 5831 4460 4469 7801 3007 7790 7430 1581 7606 5968 4111 2319 
1000000 1000000 1000000 1000000 1000000 1000000 1000000 1000000 1000000 1000000 500 100 2062 1005 510 949 2571 2002 3400 5326 6325 3895 5689 6450 5601 1860 3302 3114 6054 6100 3985 2332 583 1803 4052 4082 4982 3036 4601 3701 5680 3225 2040 4649 5501 5029 5492 5798 4244 3466 1000 1421 1166 2746 4428 4810 4512 4219 1432 3228 2693 4973 5852 6306 4518 0 5903 4880 7495 6168 3551 2452 1487 2193 6294 6935 4254 3298 4875 6236 5665 4545 2102 3437 3606 4123 5314 5801 5749 4472 5349 6307 7256 6155 5507 
1000000 1000000 1000000 1000000 1000000 1000000 1000000 1000000 1000000 1000000 6320 5901 6648 6053 6041 6239 6895 6264 6712 4632 3929 3842 854 3015 424 4491 3624 6306 2121 1304 2524 4144 5401 6017 6061 3061 1221 3195 1304 2202 5964 5025 3905 1985 2508 2025 1300 4295 4810 4188 5394 5166 4965 4875 1530 2052 1921 1803 5413 5780 3795 1556 3162 1414 6981 5903 0 4140 3734 2302 3581 3569 4510 5463 4554 4571 2500 2766 2746 1903 2280 4460 3812 2596 2693 2524 2193 5148 1530 2907 6248 640 3423 4238 5604 
1000000 1000000 1000000 1000000 1000000 1000000 1000000 1000000 1000000 1000000 5374 4808 4179 4301 5315 4522 4123 3808 3401 600 1581 1030 3330 2220 4219 3061 1746 3126 2506 5284 4717 4904 4319 3712 2335 1404 3002 4428 3606 3413 1836 1931 3401 2236 1803 5192 4924 922 1000 1414 5131 5235 4751 2247 3162 2110 4610 3981 3561 2532 2371 2608 1530 3302 3162 4880 4140 0 3027 6093 5415 4123 3606 6042 1414 2081 1868 2707 5689 5814 5819 500 3828 4000 2300 1942 5536 1200 5280 5533 2121 4780 2902 1304 1476 
1000000 1000000 1000000 1000000 1000000 1000000 1000000 1000000 1000000 1000000 7992 7443 7157 7118 7849 7341 7139 6772 6420 3007 1503 3734 3008 1063 4079 5644 4206 6152 1789 5016 5725 6736 6912 6641 5300 3413 3354 5941 4205 4662 4080 4924 5622 3124 2052 5632 5001 2309 4020 4238 7465 7433 7029 5155 3945 2907 5292 4830 6356 5558 4802 3053 1655 2319 6030 7495 3734 3027 0 6030 6723 5946 6046 8066 2088 1526 3330 4455 6325 5614 6002 3523 5873 5325 4036 3471 5869 3105 5261 6369 4632 4201 316 1924 3808 
1000000 1000000 1000000 1000000 1000000 1000000 1000000 1000000 1000000 1000000 6456 6203 7517 6665 6113 6798 7882 7185 7993 6648 6166 5523 3106 5304 2010 5360 5061 7569 4405 1020 2193 3905 5818 6907 7622 4789 3132 3138 2506 3041 7920 6454 4549 3863 4687 1166 1170 6429 6551 5720 5360 5001 5029 6152 2953 4016 1780 2335 6213 7145 4950 3544 5376 3712 8528 6168 2302 6093 6030 0 2807 3758 5111 4901 6747 6836 4249 3895 1400 447 510 6306 4206 2884 4080 4206 854 7211 825 1803 8101 1868 5722 6433 7564 
1000000 1000000 1000000 1000000 1000000 1000000 1000000 1000000 1000000 1000000 3758 3606 5240 4245 3401 4328 5685 4982 6090 6013 6198 4501 3895 5725 3162 3354 3812 5682 4940 3105 1063 1221 3330 4701 6103 4031 3384 1005 2561 2119 7018 4904 2508 3677 4793 1844 2563 6100 5433 4441 2640 2247 2385 4460 2778 3900 1664 1921 4000 5423 3373 3672 5442 4675 6908 3551 3581 5415 6723 2807 0 1523 2884 2102 6551 6926 3711 2707 1414 3007 2302 5401 2012 1456 3126 3590 2002 6612 2668 1005 6987 3667 6414 6282 6707 
1000000 1000000 1000000 1000000 1000000 1000000 1000000 1000000 1000000 1000000 2807 2474 3829 2915 2500 3041 4243 3536 4579 4707 5148 3140 3534 4892 3225 1836 2419 4168 4252 3650 1565 806 2062 3253 4588 2823 2865 640 2280 1432 5601 3396 985 2828 3905 2600 3041 4904 4000 3000 1825 1616 1404 2941 2236 3041 2062 1803 2546 3900 1903 3000 4465 4254 5385 2452 3569 4123 5946 3758 1523 0 1414 2121 5385 5859 2663 1526 2561 3795 3265 4031 500 1000 1972 2524 2907 5295 3298 2193 5523 3905 5659 5148 5308 
1000000 1000000 1000000 1000000 1000000 1000000 1000000 1000000 1000000 1000000 1970 1456 2421 1581 1803 1746 2828 2121 3220 4118 4950 2581 4230 4993 4243 608 1910 2823 4569 4870 2941 1803 922 1838 3413 2640 3523 2052 3225 2335 4730 2309 608 3162 4031 3945 4272 4500 3162 2236 1526 1676 1170 1803 3000 3324 3354 2941 1131 2648 1273 3493 4420 4827 4123 1487 4510 3606 6046 5111 2884 1414 0 2550 5000 5597 2773 1825 3970 5099 4632 3354 922 2236 2119 2640 4272 4652 4569 3607 4528 4965 5798 4827 4492 
1000000 1000000 1000000 1000000 1000000 1000000 1000000 1000000 1000000 1000000 2140 2285 4238 3162 1803 3138 4743 4123 5474 6592 7211 5016 5576 7009 5070 3158 4295 5135 6370 5179 3008 1360 2335 3883 5903 4855 4941 2283 4254 3500 7278 4851 2640 4950 6021 3932 4610 6888 5701 4743 1237 900 1404 4342 4301 5162 3640 3667 3314 5100 3677 5109 6560 6325 6519 2193 5463 6042 8066 4901 2102 2121 2550 0 7382 7908 4763 3624 3501 5109 4400 5852 2247 2915 4061 4623 4105 7151 4752 3100 7071 5661 7779 7169 7034 
1000000 1000000 1000000 1000000 1000000 1000000 1000000 1000000 1000000 1000000 6788 6223 5501 5701 6727 5920 5385 5148 4535 1077 707 2421 3700 1769 4754 4469 3106 4332 2506 5824 5731 6185 5731 5077 3354 2563 3635 5604 4405 4455 1992 3276 4751 3000 2062 6013 5590 500 2236 2828 6522 6604 6129 3640 4000 2802 5500 4904 4968 3770 3744 3225 1393 3362 4000 6294 4554 1414 2088 6747 6551 5385 5000 7382 0 728 2844 3890 6600 6403 6562 1803 5143 5099 3448 2961 6329 1020 5923 6512 2550 5162 2102 316 1726 
1000000 1000000 1000000 1000000 1000000 1000000 1000000 1000000 1000000 1000000 7433 6868 6217 6382 7354 6603 6110 5859 5263 1803 728 3041 3734 1581 4826 5091 3688 5060 2452 5869 6042 6665 6366 5780 4079 3053 3805 6017 4627 4808 2631 3982 5301 3276 2209 6207 5708 1166 2955 3483 7106 7161 6701 4327 4258 3059 5743 5179 5640 4494 4328 3413 1513 3257 4704 6935 4571 2081 1526 6836 6926 5859 5597 7908 728 0 3231 4338 6836 6463 6703 2506 5660 5471 3891 3362 6501 1700 6021 6790 3214 5142 1628 781 2402 
1000000 1000000 1000000 1000000 1000000 1000000 1000000 1000000 1000000 1000000 4742 4215 4410 4061 4565 4276 4571 4011 4254 2452 2508 1345 1838 2267 2476 2474 1217 3863 1803 3500 2902 3467 3677 3801 3561 566 1281 2786 1746 1612 3677 2550 2302 539 1281 3324 3089 2408 2343 1700 4140 4104 3701 2474 1300 600 2746 2121 3324 3311 1628 985 1803 2202 4482 4254 2500 1868 3330 4249 3711 2663 2773 4763 2844 3231 0 1140 3833 3996 3956 2059 2546 2256 707 141 3669 3041 3448 3701 3859 3124 3061 2571 3324 
1000000 1000000 1000000 1000000 1000000 1000000 1000000 1000000 1000000 1000000 3764 3276 3890 3306 3547 3501 4163 3511 4123 3306 3624 1825 2408 3394 2563 1726 1208 3701 2830 3384 2088 2332 2746 3257 3744 1334 1703 1726 1565 860 4357 2561 1265 1389 2404 2802 2843 3421 2816 1879 3053 2983 2608 2267 1237 1581 2163 1562 2648 3253 1082 1676 2941 3008 4640 3298 2766 2707 4455 3895 2707 1526 1825 3624 3890 4338 1140 0 3138 3754 3500 2717 1421 1315 447 1000 3162 3905 3189 2912 4397 3289 4177 3640 4031 
1000000 1000000 1000000 1000000 1000000 1000000 1000000 1000000 1000000 1000000 5126 4919 6389 5464 4776 5576 6794 6088 7043 6280 6120 4934 3324 5434 2332 4319 4346 6622 4561 1887 1082 2563 4579 5805 6848 4295 3041 1921 2209 2309 7446 5644 3466 3600 4627 721 1487 6207 5946 5016 4016 3640 3716 5270 2600 3801 1100 1712 5099 6268 4082 3423 5324 4072 7718 4875 2746 5689 6325 1400 1414 2561 3970 3501 6600 6836 3833 3138 0 1649 906 5797 3048 1887 3448 3748 671 6873 1442 412 7527 2617 6008 6301 7106 
