NAME : Christ50-5-f
TYPE : ATSP
DIMENSION : 60
EDGE_WEIGHT_TYPE : EXPLICIT
EDGE_WEIGHT_FORMAT : FULL_MATRIX
EDGE_WEIGHT_SECTION
1000000 1000000 1000000 1000000 1000000 2717 100 1700 2508 2147 922 1432 1581 1789 4965 3298 2702 2452 728 4201 4276 3106 1746 3612 4785 5247 3298 1000 361 1140 2550 2002 3759 4801 5280 3360 2816 5308 5345 5385 5665 3483 3770 5964 4329 3200 4052 1581 3945 4860 2417 2267 1616 4342 4754 0 1000000 1000000 1000000 1000000 
1000000 1000000 1000000 1000000 1000000 2780 2195 3847 2040 2000 2550 3547 3722 1825 3228 2460 1118 1581 1442 2126 3384 990 424 1838 4640 4368 3483 2729 2506 1526 3864 2059 4357 4205 3812 4254 2408 3280 4111 5341 5805 1442 2550 4179 2830 1640 2002 3716 1803 2759 1500 539 2550 2807 3667 1000000 0 1000000 1000000 1000000 
1000000 1000000 1000000 1000000 1000000 4187 2433 3912 510 707 2236 3805 3722 854 4617 4031 2693 0 1838 3228 4965 2209 1442 1442 6159 5948 4892 3384 2717 1315 4830 3397 5664 5778 5304 5441 3912 4366 5657 6851 7280 2717 4123 5492 1900 943 2193 3900 2693 3716 3041 2119 3606 4310 5239 1000000 1000000 0 1000000 1000000 
1000000 1000000 1000000 1000000 1000000 3891 5522 7009 5474 5554 6090 6576 6953 5441 500 2683 2746 4965 4888 1803 2408 2766 4031 4119 4111 2625 4176 5517 5780 5148 5771 3920 5120 3126 1077 5471 3312 1063 1746 4669 5277 2256 2012 539 5022 4400 3373 6790 2408 1655 3111 3265 4780 1253 2010 1000000 1000000 1000000 0 1000000 
1000000 1000000 1000000 1000000 1000000 608 3423 4245 5077 4876 4243 3736 4295 4562 3298 1204 2419 4720 3289 3766 1500 3400 3280 5000 1487 2195 412 2729 3501 3900 2193 1393 1400 1581 3002 1709 860 4310 2691 2147 2561 3289 1811 4123 6044 4884 4830 3956 4016 4319 1780 2766 1811 2550 2062 1000000 1000000 1000000 1000000 0 
1000000 1000000 1000000 1000000 1000000 0 2816 3700 4522 4305 3635 3195 3736 3982 3401 1208 2088 4187 2693 3601 1860 3068 2759 4579 2088 2693 707 2159 2900 3311 1887 806 1616 2138 3265 1700 608 4295 3061 2731 3106 3041 1879 4305 5604 4420 4494 3418 3766 4205 1393 2332 1237 2640 2421 2717 2780 4187 3891 608 
1000000 1000000 1000000 1000000 1000000 2816 0 1655 2470 2102 825 1414 1526 1746 5048 3396 2780 2433 762 4264 4374 3162 1789 3622 4884 5346 3396 1063 316 1118 2617 2102 3847 4901 5371 3441 2915 5376 5441 5482 5758 3547 3863 6046 4319 3202 4080 1552 3996 4920 2508 2335 1709 4429 4851 100 2195 2433 5522 3423 
1000000 1000000 1000000 1000000 1000000 3700 1655 0 3805 3406 1703 510 224 3100 6519 4614 4319 3912 2417 5882 5504 4802 3444 5217 5533 6391 4061 1565 1342 2648 2532 3225 4111 5824 6712 3536 4025 6966 6665 6001 6120 5161 5187 7517 5808 4768 5725 300 5644 6546 3905 3941 2470 5841 6037 1700 3847 3912 7009 4245 
1000000 1000000 1000000 1000000 1000000 4522 2470 3805 0 400 2102 3766 3601 728 5124 4460 3158 510 2000 3736 5412 2717 1838 1838 6537 6403 5220 3489 2720 1389 4993 3720 5941 6203 5801 5673 4294 4870 6140 7220 7628 3225 4589 6002 2062 1345 2640 3833 3195 4215 3454 2571 3829 4804 5707 2508 2040 510 5474 5077 
1000000 1000000 1000000 1000000 1000000 4305 2102 3406 400 0 1703 3373 3202 361 5179 4342 3106 707 1697 3863 5315 2789 1726 2140 6351 6315 4993 3138 2341 1063 4662 3499 5673 6073 5808 5376 4123 5016 6107 7024 7409 3298 4528 6088 2452 1640 2900 3437 3354 4383 3324 2508 3536 4804 5644 2147 2000 707 5554 4876 
1000000 1000000 1000000 1000000 1000000 3635 825 1703 2102 1703 0 1709 1500 1404 5636 4144 3354 2236 1208 4675 5135 3538 2126 3606 5707 6120 4220 1803 860 1082 3342 2902 4652 5701 6041 4219 3701 5826 6161 6306 6579 3982 4561 6624 4119 3132 4206 1746 4319 5304 3202 2830 2530 5070 5590 922 2550 2236 6090 4243 
1000000 1000000 1000000 1000000 1000000 3195 1414 510 3766 3373 1709 0 608 3041 6083 4134 3920 3805 2159 5523 5009 4472 3162 5036 5025 5887 3551 1082 1105 2500 2062 2746 3622 5316 6243 3059 3536 6580 6177 5500 5632 4802 4720 7077 5704 4610 5482 224 5323 6191 3466 3585 1970 5391 5547 1432 3547 3805 6576 3736 
1000000 1000000 1000000 1000000 1000000 3736 1526 224 3601 3202 1500 608 0 2902 6466 4607 4243 3722 2283 5780 5515 4687 3312 5045 5614 6420 4130 1581 1221 2474 2668 3220 4230 5869 6689 3667 4031 6877 6664 6101 6239 5061 5162 7465 5614 4589 5571 447 5523 6440 3860 3842 2500 5801 6042 1581 3722 3722 6953 4295 
1000000 1000000 1000000 1000000 1000000 3982 1746 3100 728 361 1404 3041 2902 0 5045 4079 2902 854 1345 3801 5064 2693 1500 2283 6042 6067 4665 2778 1992 707 4301 3176 5326 5797 5632 5021 3828 4965 5900 6708 7083 3195 4305 5977 2717 1789 2983 3114 3329 4357 3059 2302 3183 4627 5415 1789 1825 854 5441 4562 
1000000 1000000 1000000 1000000 1000000 3401 5048 6519 5124 5179 5636 6083 6466 5045 0 2193 2283 4617 4429 1581 2002 2408 3606 3883 3748 2371 3711 5021 5301 4717 5277 3421 4669 2789 922 5000 2818 1208 1562 4342 4948 1903 1523 1000 4838 4119 3195 6297 2184 1628 2617 2823 4280 762 1676 4965 3228 4617 500 3298 
1000000 1000000 1000000 1000000 1000000 1208 3396 4614 4460 4342 4144 4134 4607 4079 2193 0 1421 4031 3002 2571 1000 2343 2625 4031 2267 2002 1600 3053 3574 3513 3089 1389 2602 1746 2126 2844 640 3126 2062 2973 3500 2147 671 3106 5093 4000 3744 4357 2864 3114 1020 1924 2202 1432 1456 3298 2460 4031 2683 1204 
1000000 1000000 1000000 1000000 1000000 2088 2780 4319 3158 3106 3354 3920 4243 2902 2283 1421 0 2693 2147 1676 2285 985 1404 2617 3677 3257 2731 2915 3048 2474 3622 1603 3700 3138 2746 3748 1565 2663 3002 4384 4892 1005 1432 3276 3677 2581 2417 4123 1703 2341 707 600 2377 1746 2550 2702 1118 2693 2746 2419 
1000000 1000000 1000000 1000000 1000000 4187 2433 3912 510 707 2236 3805 3722 854 4617 4031 2693 0 1838 3228 4965 2209 1442 1442 6159 5948 4892 3384 2717 1315 4830 3397 5664 5778 5304 5441 3912 4366 5657 6851 7280 2717 4123 5492 1900 943 2193 3900 2693 3716 3041 2119 3606 4310 5239 2452 1581 0 4965 4720 
1000000 1000000 1000000 1000000 1000000 2693 762 2417 2000 1697 1208 2159 2283 1345 4429 3002 2147 1838 0 3538 4001 2421 1030 2902 4776 5000 3354 1552 1077 640 3002 1897 3982 4639 4838 3680 2631 4669 4982 5423 5771 2828 3373 5420 3667 2508 3324 2309 3245 4187 2022 1640 1838 3863 4428 728 1442 1838 4888 3289 
1000000 1000000 1000000 1000000 1000000 3601 4264 5882 3736 3863 4675 5523 5780 3801 1581 2571 1676 3228 3538 0 2968 1140 2550 2319 4696 3677 4144 4562 4561 3640 5277 3256 5148 3883 2460 5301 3007 1166 3023 5371 5948 721 2102 2302 3257 2602 1616 5714 608 671 2335 1942 4052 1697 2900 4201 2126 3228 1803 3766 
1000000 1000000 1000000 1000000 1000000 1860 4374 5504 5412 5315 5135 5009 5515 5064 2002 1000 2285 4965 4001 2968 0 3081 3590 4801 1772 1005 1887 3940 4535 4510 3680 2309 2751 922 1523 3176 1487 3158 1204 2417 3008 2759 922 2693 5860 4837 4384 5233 3406 3362 2010 2846 3041 1360 566 4276 3384 4965 2408 1500 
1000000 1000000 1000000 1000000 1000000 3068 3162 4802 2717 2789 3538 4472 4687 2693 2408 2343 985 2209 2421 1140 3081 0 1414 1720 4610 3982 3716 3574 3467 2500 4500 2518 4682 3982 3126 4707 2550 2302 3544 5315 5841 510 2163 3298 2780 1803 1432 4653 854 1769 1676 922 3206 2159 3220 3106 990 2209 2766 3400 
1000000 1000000 1000000 1000000 1000000 2759 1789 3444 1838 1726 2126 3162 3312 1500 3606 2625 1404 1442 1030 2550 3590 1414 0 2040 4717 4589 3466 2402 2102 1118 3640 1985 4280 4366 4144 4118 2470 3701 4400 5408 5841 1860 2807 4569 2955 1746 2335 3324 2220 3183 1616 806 2341 3140 3920 1746 424 1442 4031 3280 
1000000 1000000 1000000 1000000 1000000 4579 3622 5217 1838 2140 3606 5036 5045 2283 3883 4031 2617 1442 2902 2319 4801 1720 2040 0 6294 5694 5270 4410 3932 2571 5675 3891 6177 5701 4713 6093 4140 3314 5200 7001 7507 2102 3883 4604 1063 500 854 5162 1712 2617 3220 2247 4368 3808 4924 3612 1838 1442 4119 5000 
1000000 1000000 1000000 1000000 1000000 2088 4884 5533 6537 6351 5707 5025 5614 6042 3748 2267 3677 6159 4776 4696 1772 4610 4717 6294 0 1676 1503 4101 4937 5385 3162 2879 1664 1005 3102 2283 2247 4924 2532 707 1253 4383 2594 4305 7354 6237 6000 5235 5077 5126 3140 4123 3214 3132 2102 4785 4640 6159 4111 1487 
1000000 1000000 1000000 1000000 1000000 2693 5346 6391 6403 6315 6120 5887 6420 6067 2371 2002 3257 5948 5000 3677 1005 3982 4589 5694 1676 0 2500 4838 5492 5515 4360 3256 3140 721 1552 3680 2433 3578 906 2100 2702 3606 1838 2717 6742 5770 5201 6110 4187 3941 3015 3833 3922 1980 781 5247 4368 5948 2625 2195 
1000000 1000000 1000000 1000000 1000000 707 3396 4061 5220 4993 4220 3551 4130 4665 3711 1600 2731 4892 3354 4144 1887 3716 3466 5270 1503 2500 0 2600 3437 3982 1860 1500 1005 1836 3400 1300 1170 4717 3061 2088 2419 3640 2220 4531 6301 5122 5148 3766 4368 4710 2059 3023 1712 2961 2441 3298 3483 4892 4176 412 
1000000 1000000 1000000 1000000 1000000 2159 1063 1565 3489 3138 1803 1082 1581 2778 5021 3053 2915 3384 1552 4562 3940 3574 2402 4410 4101 4838 2600 0 943 2102 1556 1664 2879 4295 5161 2419 2460 5576 5100 4639 4851 3848 3640 6011 5217 4045 4727 1304 4427 5233 2408 2657 922 4319 4472 1000 2729 3384 5517 2729 
1000000 1000000 1000000 1000000 1000000 2900 316 1342 2720 2341 860 1105 1221 1992 5301 3574 3048 2717 1077 4561 4535 3467 2102 3932 4937 5492 3437 943 0 1404 2484 2236 3808 5016 5590 3362 3059 5664 5630 5511 5757 3842 4072 6301 4610 3506 4397 1237 4305 5220 2729 2625 1726 4665 5029 361 2506 2717 5780 3501 
1000000 1000000 1000000 1000000 1000000 3311 1118 2648 1389 1063 1082 2500 2474 707 4717 3513 2474 1315 640 3640 4510 2500 1118 2571 5385 5515 3982 2102 1404 0 3606 2508 4623 5197 5217 4314 3202 4801 5423 6042 6401 2968 3812 5686 3206 2121 3130 2608 3253 4252 2502 1897 2476 4220 4901 1140 1526 1315 5148 3900 
1000000 1000000 1000000 1000000 1000000 1887 2617 2532 4993 4662 3342 2062 2668 4301 5277 3089 3622 4830 3002 5277 3680 4500 3640 5675 3162 4360 1860 1556 2484 3606 0 2022 1603 3689 5140 1005 2460 6103 4880 3536 3601 4627 3759 6191 6579 5376 5831 2236 5308 5923 2943 3606 1315 4518 4245 2550 3864 4830 5771 2193 
1000000 1000000 1000000 1000000 1000000 806 2102 3225 3720 3499 2902 2746 3220 3176 3421 1389 1603 3397 1897 3256 2309 2518 1985 3891 2879 3256 1500 1664 2236 2508 2022 0 2302 2800 3500 2214 825 4123 3444 3534 3912 2608 1985 4393 4888 3689 3905 2968 3300 3905 922 1676 860 2691 2823 2002 2059 3397 3920 1393 
1000000 1000000 1000000 1000000 1000000 1616 3847 4111 5941 5673 4652 3622 4230 5326 4669 2602 3700 5664 3982 5148 2751 4682 4280 6177 1664 3140 1005 2879 3808 4623 1603 2302 0 2421 4272 632 2159 5708 3847 1942 2010 4632 3206 5441 7187 5991 6110 3812 5360 5714 3008 3936 2163 3932 3270 3759 4357 5664 5120 1400 
1000000 1000000 1000000 1000000 1000000 2138 4901 5824 6203 6073 5701 5316 5869 5797 2789 1746 3138 5778 4639 3883 922 3982 4366 5701 1005 721 1836 4295 5016 5197 3689 2800 2421 0 2100 2970 2010 3985 1530 1552 2159 3677 1838 3302 6762 5714 5304 5536 4328 4249 2751 3667 3373 2236 1118 4801 4205 5778 3126 1581 
1000000 1000000 1000000 1000000 1000000 3265 5371 6712 5801 5808 6041 6243 6689 5632 922 2126 2746 5304 4838 2460 1523 3126 4144 4713 3102 1552 3400 5161 5590 5217 5140 3500 4272 2100 0 4696 2759 2081 671 3622 4230 2648 1526 1204 5701 4903 4072 6464 3046 2550 2864 3338 4328 1005 1020 5280 3812 5304 1077 3002 
1000000 1000000 1000000 1000000 1000000 1700 3441 3536 5673 5376 4219 3059 3667 5021 5000 2844 3748 5441 3680 5301 3176 4707 4118 6093 2283 3680 1300 2419 3362 4314 1005 2214 632 2970 4696 0 2302 5968 4327 2571 2600 4727 3493 5831 7066 5859 6113 3239 5445 5903 3041 3890 1844 4245 3722 3360 4254 5441 5471 1709 
1000000 1000000 1000000 1000000 1000000 608 2915 4025 4294 4123 3701 3536 4031 3828 2818 640 1565 3912 2631 3007 1487 2550 2470 4140 2247 2433 1170 2460 3059 3202 2460 825 2159 2010 2759 2302 0 3688 2642 2941 3397 2474 1304 3744 5186 4031 3981 3759 3202 3601 922 1910 1581 2059 2012 2816 2408 3912 3312 860 
1000000 1000000 1000000 1000000 1000000 4295 5376 6966 4870 5016 5826 6580 6877 4965 1208 3126 2663 4366 4669 1166 3158 2302 3701 3314 4924 3578 4717 5576 5664 4801 6103 4123 5708 3985 2081 5968 3688 0 2746 5536 6140 1844 2502 1393 4119 3667 2500 6780 1676 700 3220 3041 4966 1811 2879 5308 3280 4366 1063 4310 
1000000 1000000 1000000 1000000 1000000 3061 5441 6665 6140 6107 6161 6177 6664 5900 1562 2062 3002 5657 4982 3023 1204 3544 4400 5200 2532 906 3061 5100 5630 5423 4880 3444 3847 1530 671 4327 2642 2746 0 3002 3606 3102 1612 1811 6217 5345 4614 6401 3585 3183 2961 3601 4219 1393 640 5345 4111 5657 1746 2691 
1000000 1000000 1000000 1000000 1000000 2731 5482 6001 7220 7024 6306 5500 6101 6708 4342 2973 4384 6851 5423 5371 2417 5315 5408 7001 707 2100 2088 4639 5511 6042 3536 3534 1942 1552 3622 2571 2941 5536 3002 0 608 5080 3276 4809 8061 6943 6701 5701 5769 5778 3842 4827 3785 3770 2668 5385 5341 6851 4669 2147 
1000000 1000000 1000000 1000000 1000000 3106 5758 6120 7628 7409 6579 5632 6239 7083 4948 3500 4892 7280 5771 5948 3008 5841 5841 7507 1253 2702 2419 4851 5757 6401 3601 3912 2010 2159 4230 2600 3397 6140 3606 608 0 5630 3847 5415 8563 7425 7242 5822 6329 6369 4314 5304 4050 4366 3276 5665 5805 7280 5277 2561 
1000000 1000000 1000000 1000000 1000000 3041 3547 5161 3225 3298 3982 4802 5061 3195 1903 2147 1005 2717 2828 721 2759 510 1860 2102 4383 3606 3640 3848 3842 2968 4627 2608 4632 3677 2648 4727 2474 1844 3102 5080 5630 0 1838 2789 3138 2256 1628 4993 728 1389 1700 1221 3373 1709 2830 3483 1442 2717 2256 3289 
1000000 1000000 1000000 1000000 1000000 1879 3863 5187 4589 4528 4561 4720 5162 4305 1523 671 1432 4123 3373 2102 922 2163 2807 3883 2594 1838 2220 3640 4072 3812 3759 1985 3206 1838 1526 3493 1304 2502 1612 3276 3847 1838 0 2441 4941 3936 3466 4941 2500 2571 1360 2022 2828 762 1118 3770 2550 4123 2012 1811 
1000000 1000000 1000000 1000000 1000000 4305 6046 7517 6002 6088 6624 7077 7465 5977 1000 3106 3276 5492 5420 2302 2693 3298 4569 4604 4305 2717 4531 6011 6301 5686 6191 4393 5441 3302 1204 5831 3744 1393 1811 4809 5415 2789 2441 0 5474 4904 3833 7292 2900 2062 3612 3801 5250 1703 2220 5964 4179 5492 539 4123 
1000000 1000000 1000000 1000000 1000000 5604 4319 5808 2062 2452 4119 5704 5614 2717 4838 5093 3677 1900 3667 3257 5860 2780 2955 1063 7354 6742 6301 5217 4610 3206 6579 4888 7187 6762 5701 7066 5186 4119 6217 8061 8563 3138 4941 5474 0 1208 1649 5800 2657 3423 4264 3280 5292 4830 5968 4329 2830 1900 5022 6044 
1000000 1000000 1000000 1000000 1000000 4420 3202 4768 1345 1640 3132 4610 4589 1789 4119 4000 2581 943 2508 2602 4837 1803 1746 500 6237 5770 5122 4045 3506 2121 5376 3689 5991 5714 4903 5859 4031 3667 5345 6943 7425 2256 3936 4904 1208 0 1304 4727 2010 2983 3111 2121 4085 3956 5016 3200 1640 943 4400 4884 
1000000 1000000 1000000 1000000 1000000 4494 4080 5725 2640 2900 4206 5482 5571 2983 3195 3744 2417 2193 3324 1616 4384 1432 2335 854 6000 5201 5148 4727 4397 3130 5831 3905 6110 5304 4072 6113 3981 2500 4614 6701 7242 1628 3466 3833 1649 1304 0 5632 1030 1800 3102 2236 4518 3245 4420 4052 2002 2193 3373 4830 
1000000 1000000 1000000 1000000 1000000 3418 1552 300 3833 3437 1746 224 447 3114 6297 4357 4123 3900 2309 5714 5233 4653 3324 5162 5235 6110 3766 1304 1237 2608 2236 2968 3812 5536 6464 3239 3759 6780 6401 5701 5822 4993 4941 7292 5800 4727 5632 0 5501 6381 3680 3774 2193 5608 5771 1581 3716 3900 6790 3956 
1000000 1000000 1000000 1000000 1000000 3766 3996 5644 3195 3354 4319 5323 5523 3329 2184 2864 1703 2693 3245 608 3406 854 2220 1712 5077 4187 4368 4427 4305 3253 5308 3300 5360 4328 3046 5445 3202 1676 3585 5769 6329 728 2500 2900 2657 2010 1030 5501 0 1030 2408 1772 4031 2220 3406 3945 1803 2693 2408 4016 
1000000 1000000 1000000 1000000 1000000 4205 4920 6546 4215 4383 5304 6191 6440 4357 1628 3114 2341 3716 4187 671 3362 1769 3183 2617 5126 3941 4710 5233 5220 4252 5923 3905 5714 4249 2550 5903 3601 700 3183 5778 6369 1389 2571 2062 3423 2983 1800 6381 1030 0 2983 2608 4713 2012 3191 4860 2759 3716 1655 4319 
1000000 1000000 1000000 1000000 1000000 1393 2508 3905 3454 3324 3202 3466 3860 3059 2617 1020 707 3041 2022 2335 2010 1676 1616 3220 3140 3015 2059 2408 2729 2502 2943 922 3008 2751 2864 3041 922 3220 2961 3842 4314 1700 1360 3612 4264 3111 3102 3680 2408 2983 0 990 1746 1942 2408 2417 1500 3041 3111 1780 
1000000 1000000 1000000 1000000 1000000 2332 2335 3941 2571 2508 2830 3585 3842 2302 2823 1924 600 2119 1640 1942 2846 922 806 2247 4123 3833 3023 2657 2625 1897 3606 1676 3936 3667 3338 3890 1910 3041 3601 4827 5304 1221 2022 3801 3280 2121 2236 3774 1772 2608 990 0 2300 2335 3140 2267 539 2119 3265 2766 
1000000 1000000 1000000 1000000 1000000 1237 1709 2470 3829 3536 2530 1970 2500 3183 4280 2202 2377 3606 1838 4052 3041 3206 2341 4368 3214 3922 1712 922 1726 2476 1315 860 2163 3373 4328 1844 1581 4966 4219 3785 4050 3373 2828 5250 5292 4085 4518 2193 4031 4713 1746 2300 0 3547 3585 1616 2550 3606 4780 1811 
1000000 1000000 1000000 1000000 1000000 2640 4429 5841 4804 4804 5070 5391 5801 4627 762 1432 1746 4310 3863 1697 1360 2159 3140 3808 3132 1980 2961 4319 4665 4220 4518 2691 3932 2236 1005 4245 2059 1811 1393 3770 4366 1709 762 1703 4830 3956 3245 5608 2220 2012 1942 2335 3547 0 1204 4342 2807 4310 1253 2550 
1000000 1000000 1000000 1000000 1000000 2421 4851 6037 5707 5644 5590 5547 6042 5415 1676 1456 2550 5239 4428 2900 566 3220 3920 4924 2102 781 2441 4472 5029 4901 4245 2823 3270 1118 1020 3722 2012 2879 640 2668 3276 2830 1118 2220 5968 5016 4420 5771 3406 3191 2408 3140 3585 1204 0 4754 3667 5239 2010 2062 
1000000 0 1000000 1000000 1000000 1000000 1000000 1000000 1000000 1000000 1000000 1000000 1000000 1000000 1000000 1000000 1000000 1000000 1000000 1000000 1000000 1000000 1000000 1000000 1000000 1000000 1000000 1000000 1000000 1000000 1000000 1000000 1000000 1000000 1000000 1000000 1000000 1000000 1000000 1000000 1000000 1000000 1000000 1000000 1000000 1000000 1000000 1000000 1000000 1000000 1000000 1000000 1000000 1000000 1000000 1000000 1000000 1000000 1000000 1000000 
1000000 1000000 0 1000000 1000000 1000000 1000000 1000000 1000000 1000000 1000000 1000000 1000000 1000000 1000000 1000000 1000000 1000000 1000000 1000000 1000000 1000000 1000000 1000000 1000000 1000000 1000000 1000000 1000000 1000000 1000000 1000000 1000000 1000000 1000000 1000000 1000000 1000000 1000000 1000000 1000000 1000000 1000000 1000000 1000000 1000000 1000000 1000000 1000000 1000000 1000000 1000000 1000000 1000000 1000000 1000000 1000000 1000000 1000000 1000000 
1000000 1000000 1000000 0 1000000 1000000 1000000 1000000 1000000 1000000 1000000 1000000 1000000 1000000 1000000 1000000 1000000 1000000 1000000 1000000 1000000 1000000 1000000 1000000 1000000 1000000 1000000 1000000 1000000 1000000 1000000 1000000 1000000 1000000 1000000 1000000 1000000 1000000 1000000 1000000 1000000 1000000 1000000 1000000 1000000 1000000 1000000 1000000 1000000 1000000 1000000 1000000 1000000 1000000 1000000 1000000 1000000 1000000 1000000 1000000 
1000000 1000000 1000000 1000000 0 1000000 1000000 1000000 1000000 1000000 1000000 1000000 1000000 1000000 1000000 1000000 1000000 1000000 1000000 1000000 1000000 1000000 1000000 1000000 1000000 1000000 1000000 1000000 1000000 1000000 1000000 1000000 1000000 1000000 1000000 1000000 1000000 1000000 1000000 1000000 1000000 1000000 1000000 1000000 1000000 1000000 1000000 1000000 1000000 1000000 1000000 1000000 1000000 1000000 1000000 1000000 1000000 1000000 1000000 1000000 
0 1000000 1000000 1000000 1000000 1000000 1000000 1000000 1000000 1000000 1000000 1000000 1000000 1000000 1000000 1000000 1000000 1000000 1000000 1000000 1000000 1000000 1000000 1000000 1000000 1000000 1000000 1000000 1000000 1000000 1000000 1000000 1000000 1000000 1000000 1000000 1000000 1000000 1000000 1000000 1000000 1000000 1000000 1000000 1000000 1000000 1000000 1000000 1000000 1000000 1000000 1000000 1000000 1000000 1000000 1000000 1000000 1000000 1000000 1000000 
EOF
