NAME : Das150-10-f
TYPE : ATSP
DIMENSION : 170
EDGE_WEIGHT_TYPE : EXPLICIT
EDGE_WEIGHT_FORMAT : FULL_MATRIX
EDGE_WEIGHT_SECTION
1000000 1000000 1000000 1000000 1000000 1000000 1000000 1000000 1000000 1000000 0 135170 116723 158587 36096 103020 167973 103715 110809 197774 121592 133355 64108 178982 20488 70929 45017 100996 98653 137155 273993 120435 50619 152954 189929 88909 114870 60259 99016 71002 45983 75800 96828 264920 68957 156704 154176 90455 68506 98693 136049 113405 34586 44157 75817 45299 23241 27105 138480 125012 25007 254888 80506 29093 73001 54184 134221 137296 72846 135791 279912 87408 122623 206638 107457 95807 199033 86451 109063 15216 144173 72432 22451 88048 16643 28144 126737 131755 30803 45349 72100 88657 138417 18080 83919 97399 25667 65278 84535 77325 134212 205575 23124 126473 130383 65936 114353 42170 120601 147683 137427 106365 116747 62353 104052 66527 52422 105966 117359 88504 19799 262407 161426 8828 38500 69602 281447 113060 90429 66972 150610 110136 134392 14451 37583 103383 205562 75615 86985 55706 46811 99791 103968 132627 258708 118207 22093 111426 95821 51702 124678 119224 88370 84971 20319 273497 59747 83786 37895 160183 0 1000000 1000000 1000000 1000000 1000000 1000000 1000000 1000000 1000000 
1000000 1000000 1000000 1000000 1000000 1000000 1000000 1000000 1000000 1000000 135170 0 209399 106664 116309 35335 52374 157898 81925 82687 47354 32622 196467 117039 152901 65995 91849 93725 122059 78440 178417 189646 84913 245647 144000 52773 92419 179651 179385 64658 89195 59858 56097 138620 67132 264119 238008 46042 67190 36520 53774 38541 163947 91106 108995 90538 148854 149856 15134 15262 160151 152551 148840 156595 62669 169507 82754 89982 63267 205415 377671 187603 168177 151159 107296 70601 119223 48747 211303 145105 233185 65301 137949 57644 148803 151840 243733 198214 165926 158583 63508 60984 71673 145670 68635 210647 155777 70841 56988 57872 247644 144934 155302 74725 17515 194217 48483 176701 17601 228824 31109 28809 236579 74971 158747 69329 82807 37239 18027 130318 148854 136519 58099 143998 97727 66040 381620 48269 187380 159331 68811 30366 72686 148774 156924 157049 126436 60307 71486 79834 91736 212865 112437 200186 137384 211364 154600 28042 40804 83641 20257 76529 178883 57066 135996 178282 161576 218588 151839 251306 1000000 0 1000000 1000000 1000000 1000000 1000000 1000000 1000000 1000000 
1000000 1000000 1000000 1000000 1000000 1000000 1000000 1000000 1000000 1000000 116723 209399 0 162765 103844 189832 215417 59611 138569 288437 171284 223138 131575 179851 121936 149981 131735 123064 95288 242683 275383 34505 147229 37780 172243 157354 132578 154601 30766 153885 141264 157545 153775 347978 150772 56899 37675 178052 151866 180043 233754 173031 130199 141349 100721 135180 131603 135631 204328 194678 110957 266609 60717 131414 155355 155377 155932 153229 153655 35511 170041 29355 64165 190155 114594 140891 205919 168704 16043 124894 27523 149383 137445 151921 122018 135228 53141 38364 110727 71383 154939 148414 168042 128025 140765 36761 126814 147927 153584 161722 49640 193887 122696 155335 196195 143527 166194 99702 191800 32522 225971 185103 55364 142535 58840 149765 146361 196081 192907 82239 126939 345905 202562 113628 129611 152914 173221 210122 26432 54160 182456 196825 163596 107392 79534 60385 209501 156420 138180 143427 129068 36165 219158 37153 346383 1972 121895 181382 171110 141919 209004 148446 31628 153316 98547 274622 168073 124277 147319 44547 1000000 1000000 0 1000000 1000000 1000000 1000000 1000000 1000000 1000000 
1000000 1000000 1000000 1000000 1000000 1000000 1000000 1000000 1000000 1000000 158587 106664 162765 0 123210 119250 74193 103416 48831 183079 63173 137902 219644 20529 178828 106144 121048 57800 72700 181048 118818 131134 129515 190176 38668 90733 43756 218328 133922 110466 128500 108510 76528 221114 109557 218710 176922 117827 111389 108689 158376 76978 193101 130922 85910 123424 181022 184252 92435 94605 178772 105245 111846 187587 109571 210903 28562 22715 107749 141797 311488 154898 101195 50920 55343 67692 44373 108895 172417 173591 177294 103588 174940 86112 175180 185718 212126 134541 183802 150493 110271 82074 35441 176042 81990 182439 184242 111195 92363 111901 211330 47950 181415 38578 89499 223877 66673 186985 96052 167680 137299 105690 209695 109518 104140 111587 126038 126558 102777 87997 178230 219884 59550 165259 126811 111169 317279 144526 152003 134085 39687 121205 35759 165786 154842 102694 49453 107365 76702 118585 117287 183881 198279 136681 226302 164551 180319 92180 99018 122028 122066 43121 141805 91515 145319 118196 211194 232366 192531 193448 1000000 1000000 1000000 0 1000000 1000000 1000000 1000000 1000000 1000000 
1000000 1000000 1000000 1000000 1000000 1000000 1000000 1000000 1000000 1000000 36096 116309 103844 123210 0 89817 140446 74619 76385 188959 92680 122949 96834 143696 55827 50799 28214 65425 63232 138863 239891 97692 43385 141617 153879 64640 79462 96349 79004 53411 37423 57829 68504 252720 50465 153170 138952 77246 51042 81941 131152 87300 70144 37593 39762 31458 59256 62956 116084 103636 55824 221887 53150 65125 55212 90101 100005 102478 54024 114200 273267 76971 92952 170692 71366 63742 164629 69545 101050 51312 130810 51141 55859 61633 52363 64134 128916 108818 61102 42362 54567 60616 105624 54113 54272 96213 61436 47034 60150 61228 134002 169810 58372 93016 107618 100668 85646 66754 99704 131081 126343 88531 120979 42084 75138 48811 42627 95047 98393 54684 55883 250401 132006 42108 25801 52194 275924 107344 78243 49686 118722 97120 101353 42738 40894 74107 170949 57021 55783 40563 26241 98544 119042 110122 248816 105650 57259 89472 75519 38467 110730 85470 72389 60288 23104 239361 94041 112293 72954 148355 1000000 1000000 1000000 1000000 0 1000000 1000000 1000000 1000000 1000000 
1000000 1000000 1000000 1000000 1000000 1000000 1000000 1000000 1000000 1000000 103020 35335 189832 119250 89817 0 83058 144545 81105 99264 56360 33379 162515 133986 119580 39926 62663 87820 112381 64041 207524 174905 52445 227197 157916 36752 91925 144574 161308 36505 57528 32422 48284 163410 39548 242130 221627 12795 38803 11813 46291 42323 129907 59059 93495 60469 114811 115529 44986 32558 127722 182858 131037 122502 34821 134361 91487 98484 36327 191390 359776 165310 157944 168348 102213 63404 142022 21145 189441 111671 215337 40450 103619 43294 115554 117527 218731 184627 133416 131836 35375 48231 84477 111950 54515 185997 122020 42824 38954 28623 223711 163319 121879 81702 39906 159646 52658 145105 28507 212836 36557 13779 210653 47976 145344 41025 51005 7793 21543 116782 115172 161019 84402 111790 67630 37664 363052 26184 165837 137040 87535 7335 83520 117114 128847 143745 149413 33472 59612 49973 63718 188316 82683 186424 159015 191752 121255 27594 22898 53127 21683 80030 158384 39535 106779 207297 126242 185436 116903 233404 1000000 1000000 1000000 1000000 1000000 0 1000000 1000000 1000000 1000000 
1000000 1000000 1000000 1000000 1000000 1000000 1000000 1000000 1000000 1000000 167973 52374 215417 74193 140446 83058 0 157529 76851 112393 47907 83721 231900 76633 187698 97884 123022 92399 120461 129708 126048 189020 122071 248313 105390 79212 83543 220121 184681 99176 124554 94793 72026 147054 100447 272215 237587 89874 101414 78461 104527 54603 200462 126912 117993 123208 185836 187716 38634 50555 192447 100376 156130 193487 97322 210599 62561 67846 96798 202758 376305 199296 162192 107973 101607 78749 71176 87167 221088 180496 235333 96038 176203 80030 183569 189597 257877 195279 198199 179673 98271 80081 49098 181814 86175 225335 191681 103867 83498 95158 259708 100635 190286 60558 43260 231947 54818 206433 54841 228146 81139 71233 252677 105915 158376 103007 119097 87334 61523 133230 184777 145768 14839 176481 129605 100500 381330 100493 197828 172837 36558 80328 53053 179823 180503 156681 77887 94504 85231 113657 121213 227279 164173 197409 152152 217364 189399 60157 75553 117861 72588 67046 188117 83030 163003 125909 205155 251111 192065 252868 1000000 1000000 1000000 1000000 1000000 1000000 0 1000000 1000000 1000000 
1000000 1000000 1000000 1000000 1000000 1000000 1000000 1000000 1000000 1000000 103715 157898 59611 103416 74619 144545 157529 0 81195 239645 115748 176657 146021 121125 118073 106884 96884 66259 37267 204019 218197 32000 113022 90787 116608 108820 74039 158384 30702 111684 107804 114196 101928 295091 108706 116232 80827 134355 110262 133474 190570 119857 130807 108864 51074 100745 125333 129556 150661 142708 111336 207939 23338 128632 112653 155163 96798 93771 110598 47525 220601 54252 18919 134862 55946 87371 147027 123874 69145 117144 77816 105524 126065 102616 116150 130049 109109 40404 114118 69265 112524 98272 109301 120452 90995 81242 124017 106819 105861 118834 107929 137597 119949 97012 142999 154871 111571 109868 140517 71464 178787 137008 107644 101569 860 108531 110966 151700 142981 27882 120905 293192 144161 105321 97638 111086 225051 168077 50525 44041 123540 150858 104962 101615 77361 860 150981 112865 87000 105684 93037 82342 192429 42331 295117 61456 118858 130563 123224 105754 161134 90568 40754 105379 83554 217470 163186 149486 141129 95482 1000000 1000000 1000000 1000000 1000000 1000000 1000000 0 1000000 1000000 
1000000 1000000 1000000 1000000 1000000 1000000 1000000 1000000 1000000 1000000 110809 81925 138569 48831 76385 81105 76851 81195 0 164523 35760 107454 173210 68734 131229 59033 72219 15621 43933 145141 163515 113038 81217 171876 84592 46679 10914 170036 107831 63778 79867 62678 33100 215374 62400 195368 161855 76095 64309 69410 125607 43841 145395 82261 43690 74633 132822 135918 71922 66904 132199 145864 79604 139597 63214 162367 23628 26632 61195 127574 301365 123234 88147 99183 26182 20081 88313 65832 144469 125606 158947 56507 126331 40840 127452 137443 181944 120144 137483 109014 63787 36076 31404 127921 34139 149874 136457 63554 46991 66675 183288 96744 133846 18004 65219 176575 33443 142208 66085 152442 108299 69171 177408 61314 82052 64181 77763 88888 70801 56391 130242 213610 64322 117928 77996 64272 306028 107286 121481 97909 45832 85178 26809 119099 111836 80339 94764 61388 28453 70257 68463 151703 153894 122230 216695 140517 132775 58091 58472 73527 90885 10324 111616 46147 99210 162989 162374 187907 143894 176676 1000000 1000000 1000000 1000000 1000000 1000000 1000000 1000000 0 1000000 
1000000 1000000 1000000 1000000 1000000 1000000 1000000 1000000 1000000 1000000 197774 82687 288437 183079 188959 99264 112393 239645 164523 0 129358 66009 250492 188666 211216 139081 161344 176356 204433 73429 220849 271071 149048 325473 217267 131528 174885 226064 259242 135766 154741 131644 137821 69212 138812 341344 318906 111718 138041 108435 62702 121200 218735 155797 189590 158775 204325 203817 93438 97892 221175 193166 228698 211453 134082 215566 162856 169839 135542 287135 457992 264493 250646 220338 189983 152847 182495 120126 288596 203321 313332 139392 192562 137400 207541 205770 317792 280047 226536 230682 134638 141498 150385 202734 148949 285171 212229 142063 135051 127875 322935 212897 213138 155903 99384 244617 131108 239640 99476 309874 62722 103439 309471 147239 240483 140253 148403 93969 96666 211839 205930 66485 125334 206155 165725 136910 461541 84752 264903 236174 143399 92043 152383 212218 227146 238806 188683 132640 152658 148665 162755 287501 127732 281973 60969 290376 212761 109141 117451 151399 79435 158591 257188 135383 204654 221033 202875 275604 201409 331461 1000000 1000000 1000000 1000000 1000000 1000000 1000000 1000000 1000000 0 
1000000 1000000 1000000 1000000 1000000 1000000 1000000 1000000 1000000 1000000 0 135170 116723 158587 36096 103020 167973 103715 110809 197774 121592 133355 64108 178982 20488 70929 45017 100996 98653 137155 273993 120435 50619 152954 189929 88909 114870 60259 99016 71002 45983 75800 96828 264920 68957 156704 154176 90455 68506 98693 136049 113405 34586 44157 75817 45299 23241 27105 138480 125012 25007 254888 80506 29093 73001 54184 134221 137296 72846 135791 279912 87408 122623 206638 107457 95807 199033 86451 109063 15216 144173 72432 22451 88048 16643 28144 126737 131755 30803 45349 72100 88657 138417 18080 83919 97399 25667 65278 84535 77325 134212 205575 23124 126473 130383 65936 114353 42170 120601 147683 137427 106365 116747 62353 104052 66527 52422 105966 117359 88504 19799 262407 161426 8828 38500 69602 281447 113060 90429 66972 150610 110136 134392 14451 37583 103383 205562 75615 86985 55706 46811 99791 103968 132627 258708 118207 22093 111426 95821 51702 124678 119224 88370 84971 20319 273497 59747 83786 37895 160183 0 135170 116723 158587 36096 103020 167973 103715 110809 197774 
1000000 1000000 1000000 1000000 1000000 1000000 1000000 1000000 1000000 1000000 135170 0 209399 106664 116309 35335 52374 157898 81925 82687 47354 32622 196467 117039 152901 65995 91849 93725 122059 78440 178417 189646 84913 245647 144000 52773 92419 179651 179385 64658 89195 59858 56097 138620 67132 264119 238008 46042 67190 36520 53774 38541 163947 91106 108995 90538 148854 149856 15134 15262 160151 152551 148840 156595 62669 169507 82754 89982 63267 205415 377671 187603 168177 151159 107296 70601 119223 48747 211303 145105 233185 65301 137949 57644 148803 151840 243733 198214 165926 158583 63508 60984 71673 145670 68635 210647 155777 70841 56988 57872 247644 144934 155302 74725 17515 194217 48483 176701 17601 228824 31109 28809 236579 74971 158747 69329 82807 37239 18027 130318 148854 136519 58099 143998 97727 66040 381620 48269 187380 159331 68811 30366 72686 148774 156924 157049 126436 60307 71486 79834 91736 212865 112437 200186 137384 211364 154600 28042 40804 83641 20257 76529 178883 57066 135996 178282 161576 218588 151839 251306 135170 0 209399 106664 116309 35335 52374 157898 81925 82687 
1000000 1000000 1000000 1000000 1000000 1000000 1000000 1000000 1000000 1000000 116723 209399 0 162765 103844 189832 215417 59611 138569 288437 171284 223138 131575 179851 121936 149981 131735 123064 95288 242683 275383 34505 147229 37780 172243 157354 132578 154601 30766 153885 141264 157545 153775 347978 150772 56899 37675 178052 151866 180043 233754 173031 130199 141349 100721 135180 131603 135631 204328 194678 110957 266609 60717 131414 155355 155377 155932 153229 153655 35511 170041 29355 64165 190155 114594 140891 205919 168704 16043 124894 27523 149383 137445 151921 122018 135228 53141 38364 110727 71383 154939 148414 168042 128025 140765 36761 126814 147927 153584 161722 49640 193887 122696 155335 196195 143527 166194 99702 191800 32522 225971 185103 55364 142535 58840 149765 146361 196081 192907 82239 126939 345905 202562 113628 129611 152914 173221 210122 26432 54160 182456 196825 163596 107392 79534 60385 209501 156420 138180 143427 129068 36165 219158 37153 346383 1972 121895 181382 171110 141919 209004 148446 31628 153316 98547 274622 168073 124277 147319 44547 116723 209399 0 162765 103844 189832 215417 59611 138569 288437 
1000000 1000000 1000000 1000000 1000000 1000000 1000000 1000000 1000000 1000000 158587 106664 162765 0 123210 119250 74193 103416 48831 183079 63173 137902 219644 20529 178828 106144 121048 57800 72700 181048 118818 131134 129515 190176 38668 90733 43756 218328 133922 110466 128500 108510 76528 221114 109557 218710 176922 117827 111389 108689 158376 76978 193101 130922 85910 123424 181022 184252 92435 94605 178772 105245 111846 187587 109571 210903 28562 22715 107749 141797 311488 154898 101195 50920 55343 67692 44373 108895 172417 173591 177294 103588 174940 86112 175180 185718 212126 134541 183802 150493 110271 82074 35441 176042 81990 182439 184242 111195 92363 111901 211330 47950 181415 38578 89499 223877 66673 186985 96052 167680 137299 105690 209695 109518 104140 111587 126038 126558 102777 87997 178230 219884 59550 165259 126811 111169 317279 144526 152003 134085 39687 121205 35759 165786 154842 102694 49453 107365 76702 118585 117287 183881 198279 136681 226302 164551 180319 92180 99018 122028 122066 43121 141805 91515 145319 118196 211194 232366 192531 193448 158587 106664 162765 0 123210 119250 74193 103416 48831 183079 
1000000 1000000 1000000 1000000 1000000 1000000 1000000 1000000 1000000 1000000 36096 116309 103844 123210 0 89817 140446 74619 76385 188959 92680 122949 96834 143696 55827 50799 28214 65425 63232 138863 239891 97692 43385 141617 153879 64640 79462 96349 79004 53411 37423 57829 68504 252720 50465 153170 138952 77246 51042 81941 131152 87300 70144 37593 39762 31458 59256 62956 116084 103636 55824 221887 53150 65125 55212 90101 100005 102478 54024 114200 273267 76971 92952 170692 71366 63742 164629 69545 101050 51312 130810 51141 55859 61633 52363 64134 128916 108818 61102 42362 54567 60616 105624 54113 54272 96213 61436 47034 60150 61228 134002 169810 58372 93016 107618 100668 85646 66754 99704 131081 126343 88531 120979 42084 75138 48811 42627 95047 98393 54684 55883 250401 132006 42108 25801 52194 275924 107344 78243 49686 118722 97120 101353 42738 40894 74107 170949 57021 55783 40563 26241 98544 119042 110122 248816 105650 57259 89472 75519 38467 110730 85470 72389 60288 23104 239361 94041 112293 72954 148355 36096 116309 103844 123210 0 89817 140446 74619 76385 188959 
1000000 1000000 1000000 1000000 1000000 1000000 1000000 1000000 1000000 1000000 103020 35335 189832 119250 89817 0 83058 144545 81105 99264 56360 33379 162515 133986 119580 39926 62663 87820 112381 64041 207524 174905 52445 227197 157916 36752 91925 144574 161308 36505 57528 32422 48284 163410 39548 242130 221627 12795 38803 11813 46291 42323 129907 59059 93495 60469 114811 115529 44986 32558 127722 182858 131037 122502 34821 134361 91487 98484 36327 191390 359776 165310 157944 168348 102213 63404 142022 21145 189441 111671 215337 40450 103619 43294 115554 117527 218731 184627 133416 131836 35375 48231 84477 111950 54515 185997 122020 42824 38954 28623 223711 163319 121879 81702 39906 159646 52658 145105 28507 212836 36557 13779 210653 47976 145344 41025 51005 7793 21543 116782 115172 161019 84402 111790 67630 37664 363052 26184 165837 137040 87535 7335 83520 117114 128847 143745 149413 33472 59612 49973 63718 188316 82683 186424 159015 191752 121255 27594 22898 53127 21683 80030 158384 39535 106779 207297 126242 185436 116903 233404 103020 35335 189832 119250 89817 0 83058 144545 81105 99264 
1000000 1000000 1000000 1000000 1000000 1000000 1000000 1000000 1000000 1000000 167973 52374 215417 74193 140446 83058 0 157529 76851 112393 47907 83721 231900 76633 187698 97884 123022 92399 120461 129708 126048 189020 122071 248313 105390 79212 83543 220121 184681 99176 124554 94793 72026 147054 100447 272215 237587 89874 101414 78461 104527 54603 200462 126912 117993 123208 185836 187716 38634 50555 192447 100376 156130 193487 97322 210599 62561 67846 96798 202758 376305 199296 162192 107973 101607 78749 71176 87167 221088 180496 235333 96038 176203 80030 183569 189597 257877 195279 198199 179673 98271 80081 49098 181814 86175 225335 191681 103867 83498 95158 259708 100635 190286 60558 43260 231947 54818 206433 54841 228146 81139 71233 252677 105915 158376 103007 119097 87334 61523 133230 184777 145768 14839 176481 129605 100500 381330 100493 197828 172837 36558 80328 53053 179823 180503 156681 77887 94504 85231 113657 121213 227279 164173 197409 152152 217364 189399 60157 75553 117861 72588 67046 188117 83030 163003 125909 205155 251111 192065 252868 167973 52374 215417 74193 140446 83058 0 157529 76851 112393 
1000000 1000000 1000000 1000000 1000000 1000000 1000000 1000000 1000000 1000000 103715 157898 59611 103416 74619 144545 157529 0 81195 239645 115748 176657 146021 121125 118073 106884 96884 66259 37267 204019 218197 32000 113022 90787 116608 108820 74039 158384 30702 111684 107804 114196 101928 295091 108706 116232 80827 134355 110262 133474 190570 119857 130807 108864 51074 100745 125333 129556 150661 142708 111336 207939 23338 128632 112653 155163 96798 93771 110598 47525 220601 54252 18919 134862 55946 87371 147027 123874 69145 117144 77816 105524 126065 102616 116150 130049 109109 40404 114118 69265 112524 98272 109301 120452 90995 81242 124017 106819 105861 118834 107929 137597 119949 97012 142999 154871 111571 109868 140517 71464 178787 137008 107644 101569 860 108531 110966 151700 142981 27882 120905 293192 144161 105321 97638 111086 225051 168077 50525 44041 123540 150858 104962 101615 77361 860 150981 112865 87000 105684 93037 82342 192429 42331 295117 61456 118858 130563 123224 105754 161134 90568 40754 105379 83554 217470 163186 149486 141129 95482 103715 157898 59611 103416 74619 144545 157529 0 81195 239645 
1000000 1000000 1000000 1000000 1000000 1000000 1000000 1000000 1000000 1000000 110809 81925 138569 48831 76385 81105 76851 81195 0 164523 35760 107454 173210 68734 131229 59033 72219 15621 43933 145141 163515 113038 81217 171876 84592 46679 10914 170036 107831 63778 79867 62678 33100 215374 62400 195368 161855 76095 64309 69410 125607 43841 145395 82261 43690 74633 132822 135918 71922 66904 132199 145864 79604 139597 63214 162367 23628 26632 61195 127574 301365 123234 88147 99183 26182 20081 88313 65832 144469 125606 158947 56507 126331 40840 127452 137443 181944 120144 137483 109014 63787 36076 31404 127921 34139 149874 136457 63554 46991 66675 183288 96744 133846 18004 65219 176575 33443 142208 66085 152442 108299 69171 177408 61314 82052 64181 77763 88888 70801 56391 130242 213610 64322 117928 77996 64272 306028 107286 121481 97909 45832 85178 26809 119099 111836 80339 94764 61388 28453 70257 68463 151703 153894 122230 216695 140517 132775 58091 58472 73527 90885 10324 111616 46147 99210 162989 162374 187907 143894 176676 110809 81925 138569 48831 76385 81105 76851 81195 0 164523 
1000000 1000000 1000000 1000000 1000000 1000000 1000000 1000000 1000000 1000000 197774 82687 288437 183079 188959 99264 112393 239645 164523 0 129358 66009 250492 188666 211216 139081 161344 176356 204433 73429 220849 271071 149048 325473 217267 131528 174885 226064 259242 135766 154741 131644 137821 69212 138812 341344 318906 111718 138041 108435 62702 121200 218735 155797 189590 158775 204325 203817 93438 97892 221175 193166 228698 211453 134082 215566 162856 169839 135542 287135 457992 264493 250646 220338 189983 152847 182495 120126 288596 203321 313332 139392 192562 137400 207541 205770 317792 280047 226536 230682 134638 141498 150385 202734 148949 285171 212229 142063 135051 127875 322935 212897 213138 155903 99384 244617 131108 239640 99476 309874 62722 103439 309471 147239 240483 140253 148403 93969 96666 211839 205930 66485 125334 206155 165725 136910 461541 84752 264903 236174 143399 92043 152383 212218 227146 238806 188683 132640 152658 148665 162755 287501 127732 281973 60969 290376 212761 109141 117451 151399 79435 158591 257188 135383 204654 221033 202875 275604 201409 331461 197774 82687 288437 183079 188959 99264 112393 239645 164523 0 
1000000 1000000 1000000 1000000 1000000 1000000 1000000 1000000 1000000 1000000 121592 47354 171284 63173 92680 56360 47907 115748 35760 129358 0 76047 185700 77705 141709 53989 77177 49572 78672 117992 158305 147742 79151 205840 101769 35115 45674 176345 140578 56626 80482 53072 24768 179781 57056 227608 196575 56636 58441 46444 95896 14132 154972 82954 71573 77944 140757 143020 36240 33131 145635 136208 110927 148251 55082 167343 36479 43732 53939 162717 336325 153118 123770 112009 61879 31336 87900 49431 175631 134831 193026 51748 131923 33944 137624 144819 211360 155334 151332 131814 55980 32942 28119 136436 38453 178554 146058 59991 38712 55022 213752 107128 144331 27637 30053 186636 7242 158986 33615 187208 76075 42664 205703 60874 116608 59563 75857 63501 39902 89423 139260 177981 39836 129888 83779 57764 340796 81362 152002 125998 33161 58034 27454 132821 132600 114888 95242 52352 37330 69442 74857 180569 137388 157393 180936 173252 143389 29026 38108 73583 59727 29254 142596 38055 115404 157950 163806 203995 148584 210944 121592 47354 171284 63173 92680 56360 47907 115748 35760 129358 
1000000 1000000 1000000 1000000 1000000 1000000 1000000 1000000 1000000 1000000 133355 32622 223138 137902 122949 33379 83721 176657 107454 66009 76047 0 189662 149271 148294 73303 95391 116736 143128 46049 209192 207461 83629 260434 175778 67857 118337 168411 194425 69820 89169 65800 76744 131597 72885 275493 254586 45714 72066 43387 21155 64127 157233 90379 125823 92905 142354 142433 47755 43333 157460 182742 164042 149824 68174 157923 112475 119741 69705 223826 393021 198684 189193 183525 131000 92266 151817 54446 222818 140332 248499 73772 130732 74164 144427 144429 251796 216940 163004 164725 68703 78747 102528 140145 85759 219162 149995 76087 70849 61920 256931 177421 150408 103612 48626 185315 75103 175494 42441 245716 4554 39839 243537 81301 177474 74272 82745 28022 36749 148787 143381 129108 90599 141949 99926 70942 396355 24083 199215 170420 101015 26314 102938 147714 161359 175841 159012 66849 90230 82697 96748 221492 86234 218785 126223 225063 149912 49364 53439 85523 16580 103990 191726 71301 138995 209106 147435 213769 141863 266588 133355 32622 223138 137902 122949 33379 83721 176657 107454 66009 
1000000 1000000 1000000 1000000 1000000 1000000 1000000 1000000 1000000 1000000 64108 196467 131575 219644 96834 162515 231900 146021 173210 250492 185700 189662 0 240171 44225 134325 108885 161897 153436 182290 336723 150387 111813 159323 248173 152712 176017 32206 128511 133799 108209 138501 160936 319312 132064 148931 167105 150621 131381 160070 187803 177298 32612 106039 134191 108766 47704 47244 201196 187548 41011 318383 123925 40028 135766 40057 196819 199274 135886 161814 268482 106127 163874 265623 165990 159420 261461 148371 117772 51663 155207 136008 59050 152101 48364 45245 113791 160528 35843 76885 134834 152765 201898 50828 147933 98171 40726 128478 148402 139375 124084 265417 41662 189597 193323 13097 178460 36153 183037 163775 194044 167935 102327 126027 146028 129553 114264 163999 179102 140318 47677 316664 225533 55953 102296 132413 267959 167015 110746 102093 214425 169186 197753 54113 69378 146019 267750 138494 150773 118714 110886 99888 135658 160570 311075 132241 42518 174377 158579 114560 183657 182151 114726 148872 74328 336194 56405 26407 49408 166504 64108 196467 131575 219644 96834 162515 231900 146021 173210 250492 
1000000 1000000 1000000 1000000 1000000 1000000 1000000 1000000 1000000 1000000 178982 117039 179851 20529 143696 133986 76633 121125 68734 188666 77705 149271 240171 0 199261 124619 140786 78308 92337 193823 98762 147239 148558 205418 28777 108250 64234 238607 151811 128700 147855 126388 94260 220706 128024 235067 191409 133934 129802 124102 170207 91830 213521 150304 106406 143024 201324 204508 102138 106652 199291 86825 131158 207949 127664 231065 46805 42149 125951 156651 323211 173666 116903 34465 75579 86876 26140 125674 190268 193950 192702 122075 195050 104145 195591 205996 230208 149604 204328 170766 128414 100439 49739 196366 101061 201193 204645 129902 110306 129482 228920 29519 201852 56415 100709 244357 82356 207482 108781 182352 148128 120231 228251 128576 121803 130165 145075 140948 115871 107600 198589 219718 63353 185721 146676 129496 329353 158392 170577 153767 48260 135112 51530 186297 175246 120450 29930 125318 96019 137691 137119 202549 214748 151710 227444 181577 200760 106451 115137 141265 134167 62042 160414 109473 165845 98115 231012 252826 212622 208218 178982 117039 179851 20529 143696 133986 76633 121125 68734 188666 
1000000 1000000 1000000 1000000 1000000 1000000 1000000 1000000 1000000 1000000 20488 152901 121936 178828 55827 119580 187698 118073 131229 211216 141709 148294 44225 199261 0 90108 64713 121131 117084 146793 294474 130886 68009 156196 209615 108498 135081 41306 108779 89671 64136 94400 116973 279295 87879 155438 159586 107368 87234 116403 148736 133095 14318 62029 95177 64542 10065 13779 157152 143545 12315 275355 94757 10562 91647 37090 154675 157675 91715 145210 278779 92862 136917 226508 127028 116281 219485 104497 111936 7962 148775 91784 20038 107993 4144 13297 123088 142022 16164 52610 90720 108815 158896 8792 104268 97077 5994 84278 104202 95442 131679 225623 2640 146960 149215 45448 134467 30777 139060 154019 152546 124218 112295 81807 118303 85378 70303 121699 135345 105870 6014 276716 181518 13877 58112 88280 279663 126664 96599 77549 171030 126466 154878 16477 43760 117849 225992 94355 107433 74529 66853 99360 107225 142631 272153 123185 1712 130255 114489 70391 141022 139700 96635 104680 36057 293975 46739 65856 25390 163538 20488 152901 121936 178828 55827 119580 187698 118073 131229 211216 
1000000 1000000 1000000 1000000 1000000 1000000 1000000 1000000 1000000 1000000 70929 65995 149981 106144 50799 39926 97884 106884 59033 139081 53989 73303 134325 124619 90108 0 26223 59128 78057 97247 211845 136283 25185 187431 143332 19008 68178 122696 121766 5209 26759 7574 30974 201973 3413 202263 182270 28147 5280 31177 84401 43470 102617 29177 56139 25643 87952 89872 67707 54447 95836 190173 91760 95608 5778 113506 77910 83452 3744 152915 319982 125419 121724 157059 72562 39000 139513 18974 149537 82744 175685 2555 78466 20863 85966 91739 179465 146377 101638 93150 5772 24181 76942 83966 24982 146569 93888 6042 15312 12011 184143 153764 92663 68206 59512 134064 46984 111446 50181 173609 76366 37781 171731 8982 107646 5664 21868 46130 47974 79678 86961 199671 92941 79657 32512 5315 323190 61353 125913 97126 86215 47056 73961 83801 91043 106124 146661 6454 30880 15780 25751 148862 95698 148089 198401 151895 91818 40602 25371 19986 60147 63026 118491 16021 70018 211459 109866 154692 94788 193712 70929 65995 149981 106144 50799 39926 97884 106884 59033 139081 
1000000 1000000 1000000 1000000 1000000 1000000 1000000 1000000 1000000 1000000 45017 91849 131735 121048 28214 62663 123022 96884 72219 161344 77177 95391 108885 140786 64713 26223 0 66533 75988 111007 232503 123092 16225 169512 155878 43895 78862 99802 105789 27239 10977 32009 52562 226052 24726 181349 166219 49909 24715 56016 102961 68427 77802 12420 51026 3864 63633 66054 93923 80661 69776 212132 77806 71084 29210 91333 94369 98649 28610 139789 301389 105170 113975 171198 77140 54339 158502 43461 129261 57680 158473 27522 55364 43324 60596 67802 156483 133914 75571 69339 28402 44484 96410 59260 40909 124031 68906 21011 39537 34565 161900 168956 67315 85586 85700 109460 69944 85224 76369 158086 98955 63238 148146 17414 97531 22539 14715 67382 73836 72459 62088 223672 116911 53648 6610 25879 304101 79147 106358 77656 107551 69998 92755 57604 66192 96241 165373 31548 45136 12706 4317 126385 95912 135390 221542 133568 66408 66817 51524 10253 84039 79020 100160 39992 44372 232059 90232 128637 72600 176164 45017 91849 131735 121048 28214 62663 123022 96884 72219 161344 
1000000 1000000 1000000 1000000 1000000 1000000 1000000 1000000 1000000 1000000 100996 93725 123064 57800 65425 87820 92399 66259 15621 176356 49572 116736 161897 78308 121131 59128 66533 0 29102 151444 175411 98227 78057 156709 89835 51382 14135 161005 92309 64261 75606 64331 40055 229263 62240 179823 147071 80794 64177 76016 133611 55185 135427 77820 29300 69518 123678 127046 85067 78480 120989 159024 63988 130063 64180 153937 37057 37899 62002 113149 286774 107667 74606 105932 14396 24555 100069 70018 128849 116090 143820 56797 118241 44900 117536 128438 166377 105773 126055 94966 64552 39856 46632 118639 35009 134397 126610 62484 50302 68803 167671 104599 123705 33295 77795 166091 45894 129721 76992 137688 118066 77269 161948 59080 67119 63513 74756 95567 80763 40837 120722 227429 79942 107505 71556 64424 291297 113652 105875 82635 61166 92814 42030 107989 98382 65399 106091 62938 29150 67330 62409 136203 154779 107827 229965 125016 122603 67934 64944 69952 100358 25831 95998 49541 87573 174843 155349 175310 135840 161640 100996 93725 123064 57800 65425 87820 92399 66259 15621 176356 
1000000 1000000 1000000 1000000 1000000 1000000 1000000 1000000 1000000 1000000 98653 122059 95288 72700 63232 112381 120461 37267 43933 204433 78672 143128 153436 92337 117084 78057 75988 29102 0 174501 191084 69171 90727 127965 95277 75718 37290 158330 64764 83212 86658 84671 66800 258311 80561 152187 118014 103579 82364 100816 158662 83643 131188 88375 25088 79668 121872 125752 114002 106800 113993 177816 39322 127080 83724 152826 60874 58888 81534 84059 257679 83002 46245 113155 19396 51589 117067 92749 102454 113710 115024 76190 119091 69229 114100 126781 141221 76697 118259 79706 83826 64465 72757 116713 57866 110422 122981 79596 73493 89378 141558 113950 119444 60101 106561 159735 74815 118662 104965 108619 144849 103296 137900 74947 38124 81063 87938 119909 108099 15297 118131 256459 107338 103239 79041 82949 262231 137313 80531 61436 87198 118109 68308 101847 85289 36409 122027 83266 52965 81306 71693 112001 170700 78743 258804 97212 118304 95403 90029 82654 127083 53423 70371 72875 81166 190428 157273 162891 136102 132743 98653 122059 95288 72700 63232 112381 120461 37267 43933 204433 
1000000 1000000 1000000 1000000 1000000 1000000 1000000 1000000 1000000 1000000 137155 78440 242683 181048 138863 64041 129708 204019 145141 73429 117992 46049 182290 193823 146793 97247 111007 151444 174501 0 254783 232698 95494 280463 219458 100064 155966 155538 216545 92356 101486 90140 112289 141924 95316 290625 277111 71002 93761 75790 25266 104643 151956 101573 153385 107510 138594 137295 93509 87176 157995 228073 187578 145033 91470 145204 154213 161374 93577 249411 411979 215569 218935 228245 165793 127234 197615 81867 239451 139279 269479 98790 127035 106568 143584 139134 262988 243094 162822 176795 91548 111602 145659 138018 117179 231931 146647 97269 101479 85440 269654 222441 148321 144720 93357 175048 115508 176955 85164 268839 48624 76438 253453 102594 204767 95528 96336 56254 78285 176925 141040 139132 136535 144625 113180 92933 414424 37887 217058 188540 145763 60407 145432 151283 171390 203271 204852 91518 122677 99809 113908 234335 54304 244731 131092 244501 148161 89244 86834 100905 59745 143698 211146 102180 148783 254722 131431 208223 132902 287153 137155 78440 242683 181048 138863 64041 129708 204019 145141 73429 
1000000 1000000 1000000 1000000 1000000 1000000 1000000 1000000 1000000 1000000 273993 178417 275383 118818 239891 207524 126048 218197 163515 220849 158305 209192 336723 98762 294474 211845 232503 175411 191084 254783 0 241566 236990 297057 103609 193282 161313 332189 248821 214834 237651 211376 181101 222235 215047 328683 281682 212207 216537 200912 229519 170906 308515 240151 204294 234049 295382 298188 164446 175185 295711 27692 229731 302439 213345 323834 139920 137619 212116 248500 403774 271661 211299 86533 174161 178548 75354 206915 286957 288520 284902 209472 287844 191121 290613 299832 327060 242028 300975 269285 214232 188717 136101 290639 191594 299094 299538 217729 196558 213225 324950 81727 297104 147548 167858 339904 165031 305132 179038 273220 206230 194604 325822 217807 218811 217493 233604 212592 186181 206330 293130 222499 123167 281342 238865 215926 410858 226502 268356 252497 125631 205683 139867 282613 273455 217585 69455 210637 187632 226767 229366 300340 289756 244017 235400 276990 296052 181741 195124 230762 198634 154776 258276 195830 262616 894 321584 350708 305087 298783 273993 178417 275383 118818 239891 207524 126048 218197 163515 220849 
1000000 1000000 1000000 1000000 1000000 1000000 1000000 1000000 1000000 1000000 120435 189646 34505 131134 97692 174905 189020 32000 113038 271071 147742 207461 150387 147239 130886 136283 123092 98227 69171 232698 241566 0 139295 59644 138171 139812 105483 168430 22269 140845 133686 143756 133586 327060 137786 87829 48845 164195 139206 164116 220558 151748 141804 134376 81662 126871 139526 143769 182626 174494 121821 233688 45305 141230 141989 167114 127590 123995 140026 16726 188602 45458 30413 155962 87455 119229 173377 153970 48612 131808 46631 135153 142700 133754 129875 143844 87596 11336 123201 78393 141764 129574 140428 135131 122161 66544 136492 135549 136625 148294 83977 159921 132276 128462 174922 161030 143559 115336 172198 39467 209763 168046 89052 130175 31140 137327 137664 181848 174431 59333 134858 325152 175418 119845 122689 140115 193070 197632 40688 53634 154459 181432 136188 114754 87259 32860 176583 142476 118456 133185 119628 66761 216712 12443 326953 35897 131292 162141 154144 132657 192211 122236 35698 136196 100330 240793 177525 148170 155671 63865 120435 189646 34505 131134 97692 174905 189020 32000 113038 271071 
1000000 1000000 1000000 1000000 1000000 1000000 1000000 1000000 1000000 1000000 50619 84913 147229 129515 43385 52445 122071 113022 81217 149048 79151 83629 111813 148558 68009 25185 16225 78057 90727 95494 236990 139295 0 185002 165772 44076 89176 98059 121789 22939 6014 27290 55952 215138 22106 195746 182098 39838 20840 48401 89060 68170 79496 6754 66103 12423 64511 65990 89479 75790 75451 215350 94019 72258 24755 88650 101754 106823 25448 155985 316534 120136 129945 180265 89907 61824 164342 36558 144102 60261 174148 27520 54283 45884 63902 67922 169700 150132 81189 82554 23808 48659 101743 60996 47541 137717 71089 19261 40497 27606 175616 177400 70434 92323 81763 110474 72167 92662 71258 174055 87518 56209 160897 20000 113677 19589 3483 55817 67343 88192 64136 212678 117841 59417 17714 21658 319078 65320 121566 93071 111361 59618 98571 64670 78302 112369 171434 27577 52864 10960 19990 140100 80226 151603 209714 149035 69712 62932 47086 8200 74123 86557 115747 41199 55668 236598 84681 133683 70026 191733 50619 84913 147229 129515 43385 52445 122071 113022 81217 149048 
1000000 1000000 1000000 1000000 1000000 1000000 1000000 1000000 1000000 1000000 152954 245647 37780 190176 141617 227197 248313 90787 171876 325473 205840 260434 159323 205418 156196 187431 169512 156709 127965 280463 297057 59644 185002 0 193534 194091 164799 185490 66310 191428 179034 195004 189700 383995 188313 34246 17018 215547 189445 217211 271393 208620 162966 179101 136655 172960 166111 169974 239833 230744 144606 291109 96899 165069 192862 187542 187188 183639 191124 48846 132587 65973 88986 210602 146715 176190 231508 206053 44272 159931 13017 186755 172889 188471 156739 169367 55394 55814 143557 107739 192468 184755 199934 162931 177138 61378 160635 185526 190449 199237 45861 215445 156654 187782 231857 172001 201176 131070 228055 24010 263174 222044 64124 180123 89938 187362 184141 233559 229507 116442 161537 381982 234875 149132 167374 190481 136095 247801 63764 91931 214039 234126 195648 142620 115410 91636 234234 193854 174189 181170 166825 59519 256168 53709 382915 35967 155955 217722 208033 179692 246057 181346 69372 190141 135506 296249 201275 147122 181368 7355 152954 245647 37780 190176 141617 227197 248313 90787 171876 325473 
1000000 1000000 1000000 1000000 1000000 1000000 1000000 1000000 1000000 1000000 189929 144000 172243 38668 153879 157916 105390 116608 84592 217267 101769 175778 248173 28777 209615 143332 155878 89835 95277 219458 103609 138171 165772 193534 0 128803 77016 250176 146807 147876 164186 146242 114559 249058 146731 225080 178350 156366 148610 147342 196464 115631 223922 166532 114512 158598 212932 216445 129356 132648 208009 99156 131186 218998 147117 243476 66921 60440 145207 144907 304838 170787 108077 18283 82598 104393 46174 147247 184410 205132 181316 140783 207975 123861 206230 217755 224476 138419 212617 174899 147768 119573 73822 207830 118647 197841 215294 148071 130138 149831 221879 21911 212118 76941 127176 253711 105337 213836 134332 169766 174933 144342 223945 145903 117141 148620 162328 165208 141176 109636 209728 248125 91938 195787 161200 148483 311428 183129 167133 154752 75412 159798 74407 195381 180555 116079 45414 145042 113038 154814 151881 198899 236607 140408 256070 173798 210992 130792 137584 157996 160196 80663 157286 129284 174586 102816 245184 258154 225552 195431 189929 144000 172243 38668 153879 157916 105390 116608 84592 217267 
