NAME : Das88-8-f
TYPE : ATSP
DIMENSION : 104
EDGE_WEIGHT_TYPE : EXPLICIT
EDGE_WEIGHT_FORMAT : FULL_MATRIX
EDGE_WEIGHT_SECTION
1000000 1000000 1000000 1000000 1000000 1000000 1000000 1000000 0 4455 1404 2371 141 4374 906 2435 3864 2773 4817 361 1204 4909 1360 906 1414 1709 361 316 4851 3324 800 1942 1393 3102 2640 2435 2474 4925 2110 4455 3808 1612 922 1221 447 3354 4809 608 4704 1942 2256 1118 1616 4617 2200 1005 539 2319 1942 2025 707 424 1836 2002 2300 1513 1500 1897 316 3800 141 1118 4211 1487 2209 4916 1603 200 990 141 854 3239 316 3100 2766 4604 283 1811 4937 361 283 1140 3847 500 2617 316 0 1000000 1000000 1000000 1000000 1000000 1000000 1000000 
1000000 1000000 1000000 1000000 1000000 1000000 1000000 1000000 4455 0 3105 2335 4342 141 3590 2102 600 1965 500 4130 3256 640 3622 3551 3132 2802 4130 4768 1456 1217 3667 2828 3106 1432 2040 2102 2002 1300 2354 0 728 2844 3701 3400 4211 1105 566 3847 583 2731 2209 3338 3883 361 2309 3493 4002 2138 2731 2729 3905 4119 2807 2530 2214 3036 3206 2602 4768 922 4571 3421 1020 3423 2256 1208 2864 4491 3700 4342 3622 1217 4144 1476 2140 539 4687 2648 1393 4130 4230 3324 1432 4903 2059 4610 1000000 0 1000000 1000000 1000000 1000000 1000000 1000000 
1000000 1000000 1000000 1000000 1000000 1000000 1000000 1000000 1404 3105 0 1389 1315 3036 500 1273 2530 1703 3437 1140 283 3523 1342 539 100 728 1140 1700 3453 2059 608 1217 608 1712 1562 1273 1221 3523 762 3105 2508 361 990 894 1300 2025 3423 825 3314 583 1000 424 1789 3239 806 400 906 985 583 1237 1082 1170 1020 600 906 141 1020 806 1700 2402 1500 316 2807 1265 854 3513 283 1404 1063 1315 721 1897 1118 1703 1393 3214 1603 500 3536 1140 1237 500 2452 1811 1217 1513 1000000 1000000 0 1000000 1000000 1000000 1000000 1000000 
1000000 1000000 1000000 1000000 1000000 1000000 1000000 1000000 2371 2335 1389 0 2236 2220 1697 361 1746 412 2789 2012 1345 2912 1300 1562 1476 707 2012 2683 3245 1118 1703 500 1000 1414 300 361 583 3225 900 2335 1612 1030 1487 1170 2025 1300 2816 1803 2751 1513 608 1345 1552 2596 1105 1628 2062 825 1513 400 1709 1970 539 1204 1118 1432 922 583 2683 2025 2506 1640 2524 1100 906 3176 1118 2470 1456 2236 1526 1253 2059 1487 1803 2657 2642 949 3276 2012 2102 1281 2404 2865 1487 2608 1000000 1000000 1000000 0 1000000 1000000 1000000 1000000 
1000000 1000000 1000000 1000000 1000000 1000000 1000000 1000000 141 4342 1315 2236 0 4258 825 2309 3748 2640 4710 224 1100 4804 1221 800 1334 1581 224 447 4768 3202 707 1803 1265 3000 2508 2309 2354 4837 2002 4342 3688 1503 781 1082 316 3239 4704 500 4601 1868 2138 1005 1487 4510 2102 922 500 2209 1868 1887 566 283 1700 1910 2202 1432 1360 1772 447 3701 283 1044 4119 1345 2102 4826 1500 316 849 0 728 3126 200 3002 2693 4501 424 1703 4851 224 141 1020 3766 640 2532 447 1000000 1000000 1000000 1000000 0 1000000 1000000 1000000 
1000000 1000000 1000000 1000000 1000000 1000000 1000000 1000000 4374 141 3036 2220 4258 0 3517 2000 510 1844 640 4045 3178 781 3513 3471 3068 2707 4045 4687 1581 1105 3590 2717 3015 1389 1924 2000 1910 1432 2280 141 608 2766 3606 3302 4119 1020 707 3766 721 2683 2121 3256 3766 500 2247 3421 3929 2062 2683 2617 3812 4031 2702 2470 2154 2973 3102 2508 4687 943 4491 3353 1105 3314 2184 1342 2789 4415 3601 4258 3536 1140 4061 1442 2126 671 4610 2571 1523 4045 4144 3239 1487 4827 2025 4535 1000000 1000000 1000000 1000000 1000000 0 1000000 1000000 
1000000 1000000 1000000 1000000 1000000 1000000 1000000 1000000 906 3590 500 1697 825 3517 0 1664 3008 2062 3932 671 361 4020 1204 200 510 990 671 1200 3946 2508 141 1389 721 2209 1921 1664 1655 4020 1237 3590 2973 762 728 806 860 2500 3920 361 3812 1044 1432 361 1628 3734 1304 100 412 1456 1044 1442 721 721 1221 1100 1404 608 1044 1140 1200 2902 1000 224 3306 1204 1334 4011 728 906 825 825 412 2377 632 2202 1868 3712 1105 949 4031 671 762 447 2943 1315 1712 1020 1000000 1000000 1000000 1000000 1000000 1000000 0 1000000 
1000000 1000000 1000000 1000000 1000000 1000000 1000000 1000000 2435 2102 1273 361 2309 2000 1664 0 1503 447 2532 2088 1304 2648 1530 1565 1345 728 2088 2751 2915 906 1700 762 1044 1063 316 0 224 2907 632 2102 1404 922 1612 1304 2138 1020 2550 1838 2474 1265 316 1342 1838 2335 806 1581 2059 500 1265 671 1825 2062 707 949 800 1281 1105 539 2751 1700 2563 1562 2195 1334 608 2864 990 2508 1603 2309 1581 949 2119 1131 1456 2377 2693 781 2953 2088 2184 1300 2052 2915 1140 2640 1000000 1000000 1000000 1000000 1000000 1000000 1000000 0 
1000000 1000000 1000000 1000000 1000000 1000000 1000000 1000000 0 4455 1404 2371 141 4374 906 2435 3864 2773 4817 361 1204 4909 1360 906 1414 1709 361 316 4851 3324 800 1942 1393 3102 2640 2435 2474 4925 2110 4455 3808 1612 922 1221 447 3354 4809 608 4704 1942 2256 1118 1616 4617 2200 1005 539 2319 1942 2025 707 424 1836 2002 2300 1513 1500 1897 316 3800 141 1118 4211 1487 2209 4916 1603 200 990 141 854 3239 316 3100 2766 4604 283 1811 4937 361 283 1140 3847 500 2617 316 0 4455 1404 2371 141 4374 906 2435 
1000000 1000000 1000000 1000000 1000000 1000000 1000000 1000000 4455 0 3105 2335 4342 141 3590 2102 600 1965 500 4130 3256 640 3622 3551 3132 2802 4130 4768 1456 1217 3667 2828 3106 1432 2040 2102 2002 1300 2354 0 728 2844 3701 3400 4211 1105 566 3847 583 2731 2209 3338 3883 361 2309 3493 4002 2138 2731 2729 3905 4119 2807 2530 2214 3036 3206 2602 4768 922 4571 3421 1020 3423 2256 1208 2864 4491 3700 4342 3622 1217 4144 1476 2140 539 4687 2648 1393 4130 4230 3324 1432 4903 2059 4610 4455 0 3105 2335 4342 141 3590 2102 
1000000 1000000 1000000 1000000 1000000 1000000 1000000 1000000 1404 3105 0 1389 1315 3036 500 1273 2530 1703 3437 1140 283 3523 1342 539 100 728 1140 1700 3453 2059 608 1217 608 1712 1562 1273 1221 3523 762 3105 2508 361 990 894 1300 2025 3423 825 3314 583 1000 424 1789 3239 806 400 906 985 583 1237 1082 1170 1020 600 906 141 1020 806 1700 2402 1500 316 2807 1265 854 3513 283 1404 1063 1315 721 1897 1118 1703 1393 3214 1603 500 3536 1140 1237 500 2452 1811 1217 1513 1404 3105 0 1389 1315 3036 500 1273 
1000000 1000000 1000000 1000000 1000000 1000000 1000000 1000000 2371 2335 1389 0 2236 2220 1697 361 1746 412 2789 2012 1345 2912 1300 1562 1476 707 2012 2683 3245 1118 1703 500 1000 1414 300 361 583 3225 900 2335 1612 1030 1487 1170 2025 1300 2816 1803 2751 1513 608 1345 1552 2596 1105 1628 2062 825 1513 400 1709 1970 539 1204 1118 1432 922 583 2683 2025 2506 1640 2524 1100 906 3176 1118 2470 1456 2236 1526 1253 2059 1487 1803 2657 2642 949 3276 2012 2102 1281 2404 2865 1487 2608 2371 2335 1389 0 2236 2220 1697 361 
1000000 1000000 1000000 1000000 1000000 1000000 1000000 1000000 141 4342 1315 2236 0 4258 825 2309 3748 2640 4710 224 1100 4804 1221 800 1334 1581 224 447 4768 3202 707 1803 1265 3000 2508 2309 2354 4837 2002 4342 3688 1503 781 1082 316 3239 4704 500 4601 1868 2138 1005 1487 4510 2102 922 500 2209 1868 1887 566 283 1700 1910 2202 1432 1360 1772 447 3701 283 1044 4119 1345 2102 4826 1500 316 849 0 728 3126 200 3002 2693 4501 424 1703 4851 224 141 1020 3766 640 2532 447 141 4342 1315 2236 0 4258 825 2309 
1000000 1000000 1000000 1000000 1000000 1000000 1000000 1000000 4374 141 3036 2220 4258 0 3517 2000 510 1844 640 4045 3178 781 3513 3471 3068 2707 4045 4687 1581 1105 3590 2717 3015 1389 1924 2000 1910 1432 2280 141 608 2766 3606 3302 4119 1020 707 3766 721 2683 2121 3256 3766 500 2247 3421 3929 2062 2683 2617 3812 4031 2702 2470 2154 2973 3102 2508 4687 943 4491 3353 1105 3314 2184 1342 2789 4415 3601 4258 3536 1140 4061 1442 2126 671 4610 2571 1523 4045 4144 3239 1487 4827 2025 4535 4374 141 3036 2220 4258 0 3517 2000 
1000000 1000000 1000000 1000000 1000000 1000000 1000000 1000000 906 3590 500 1697 825 3517 0 1664 3008 2062 3932 671 361 4020 1204 200 510 990 671 1200 3946 2508 141 1389 721 2209 1921 1664 1655 4020 1237 3590 2973 762 728 806 860 2500 3920 361 3812 1044 1432 361 1628 3734 1304 100 412 1456 1044 1442 721 721 1221 1100 1404 608 1044 1140 1200 2902 1000 224 3306 1204 1334 4011 728 906 825 825 412 2377 632 2202 1868 3712 1105 949 4031 671 762 447 2943 1315 1712 1020 906 3590 500 1697 825 3517 0 1664 
1000000 1000000 1000000 1000000 1000000 1000000 1000000 1000000 2435 2102 1273 361 2309 2000 1664 0 1503 447 2532 2088 1304 2648 1530 1565 1345 728 2088 2751 2915 906 1700 762 1044 1063 316 0 224 2907 632 2102 1404 922 1612 1304 2138 1020 2550 1838 2474 1265 316 1342 1838 2335 806 1581 2059 500 1265 671 1825 2062 707 949 800 1281 1105 539 2751 1700 2563 1562 2195 1334 608 2864 990 2508 1603 2309 1581 949 2119 1131 1456 2377 2693 781 2953 2088 2184 1300 2052 2915 1140 2640 2435 2102 1273 361 2309 2000 1664 0 
1000000 1000000 1000000 1000000 1000000 1000000 1000000 1000000 3864 600 2530 1746 3748 510 3008 1503 0 1393 1044 3536 2668 1170 3027 2961 2563 2202 3536 4177 1720 632 3081 2236 2508 922 1456 1503 1404 1628 1772 600 224 2256 3102 2800 3612 510 1077 3256 1030 2195 1612 2746 3298 854 1746 2912 3421 1552 2195 2138 3306 3523 2209 1970 1655 2470 2608 2002 4177 700 3981 2846 1077 2828 1676 1556 2280 3905 3100 3748 3027 632 3551 990 1703 943 4100 2062 1703 3536 3635 2729 1300 4317 1562 4026 3864 600 2530 1746 3748 510 3008 1503 
1000000 1000000 1000000 1000000 1000000 1000000 1000000 1000000 2773 1965 1703 412 2640 1844 2062 447 1393 0 2435 2417 1703 2563 1703 1942 1780 1082 2417 3087 2983 762 2081 906 1389 1253 141 447 608 2941 1077 1965 1237 1345 1897 1581 2435 1000 2470 2195 2417 1709 762 1720 1924 2247 1237 1985 2441 922 1709 806 2119 2377 949 1393 1217 1720 1334 922 3087 1769 2907 1980 2267 1503 1044 2884 1421 2865 1868 2640 1924 990 2460 1342 1811 2326 3041 1221 3000 2417 2508 1664 2220 3265 1503 3002 2773 1965 1703 412 2640 1844 2062 447 
1000000 1000000 1000000 1000000 1000000 1000000 1000000 1000000 4817 500 3437 2789 4710 640 3932 2532 1044 2435 0 4504 3612 141 4061 3912 3453 3206 4504 5124 1100 1676 4020 3276 3501 1726 2500 2532 2408 906 2707 500 1208 3206 4105 3812 4600 1513 100 4211 224 3008 2602 3705 4342 200 2631 3833 4342 2502 3008 3178 4301 4501 3239 2844 2532 3354 3635 3007 5124 1077 4925 3748 922 3864 2608 806 3214 4837 4111 4710 4001 1603 4510 1746 2326 283 5036 3007 1005 4504 4604 3701 1414 5247 2309 4950 4817 500 3437 2789 4710 640 3932 2532 
1000000 1000000 1000000 1000000 1000000 1000000 1000000 1000000 361 4130 1140 2012 224 4045 671 2088 3536 2417 4504 0 906 4601 1030 608 1170 1360 0 671 4589 2983 539 1581 1044 2802 2285 2088 2138 4653 1800 4130 3471 1300 566 860 224 3027 4501 316 4400 1709 1924 800 1334 4305 1910 762 447 2002 1709 1664 361 100 1476 1726 2010 1265 1140 1552 671 3506 500 894 3932 1140 1900 4639 1304 500 640 224 510 2915 100 2807 2530 4300 640 1500 4669 0 100 806 3590 860 2354 640 361 4130 1140 2012 224 4045 671 2088 
1000000 1000000 1000000 1000000 1000000 1000000 1000000 1000000 1204 3256 283 1345 1100 3178 361 1304 2668 1703 3612 906 0 3705 1077 300 361 640 906 1513 3688 2154 412 1077 412 1900 1562 1304 1300 3748 906 3256 2625 412 707 632 1044 2159 3606 600 3501 860 1077 141 1523 3413 1005 283 762 1118 860 1118 806 922 894 825 1105 424 800 781 1513 2602 1315 316 3027 1020 1005 3734 400 1237 781 1100 447 2040 900 1903 1655 3401 1432 608 3766 906 1005 224 2693 1649 1456 1360 1204 3256 283 1345 1100 3178 361 1304 
1000000 1000000 1000000 1000000 1000000 1000000 1000000 1000000 4909 640 3523 2912 4804 781 4020 2648 1170 2563 141 4601 3705 0 4177 4005 3536 3314 4601 5215 1005 1803 4111 3396 3606 1811 2625 2648 2518 800 2802 640 1342 3302 4211 3920 4701 1628 100 4305 224 3081 2707 3801 4464 316 2717 3920 4428 2600 3081 3298 4405 4600 3354 2927 2617 3437 3748 3114 5215 1140 5016 3833 922 3981 2702 700 3306 4925 4219 4804 4100 1712 4604 1825 2377 316 5124 3102 900 4601 4701 3800 1421 5334 2377 5036 4909 640 3523 2912 4804 781 4020 2648 
1000000 1000000 1000000 1000000 1000000 1000000 1000000 1000000 1360 3622 1342 1300 1221 3513 1204 1530 3027 1703 4061 1030 1077 4177 0 1005 1432 943 1030 1628 4386 2408 1100 800 781 2508 1600 1530 1676 4401 1581 3622 2907 1204 510 447 922 2550 4079 1020 4002 1860 1523 949 447 3864 1780 1217 1334 1700 1860 900 671 943 825 1697 1860 1476 447 1118 1628 3195 1500 1334 3677 200 1664 4366 1281 1526 412 1221 800 2474 1118 2550 2550 3905 1640 1345 4438 1030 1082 854 3448 1844 2280 1664 1360 3622 1342 1300 1221 3513 1204 1530 
1000000 1000000 1000000 1000000 1000000 1000000 1000000 1000000 906 3551 539 1562 800 3471 200 1565 2961 1942 3912 608 300 4005 1005 0 583 860 608 1217 3981 2435 141 1221 566 2200 1803 1565 1581 4045 1204 3551 2912 707 539 608 762 2452 3905 300 3801 1118 1360 224 1432 3712 1304 224 500 1414 1118 1281 566 632 1063 1118 1404 671 854 1030 1217 2902 1020 361 3324 1005 1304 4031 700 949 632 800 224 2335 600 2202 1931 3701 1140 906 4061 608 707 283 2983 1360 1746 1077 906 3551 539 1562 800 3471 200 1565 
1000000 1000000 1000000 1000000 1000000 1000000 1000000 1000000 1414 3132 100 1476 1334 3068 510 1345 2563 1780 3453 1170 361 3536 1432 583 0 825 1170 1703 3437 2110 632 1315 707 1726 1640 1345 1281 3513 806 3132 2550 447 1063 985 1342 2062 3437 854 3324 539 1063 500 1879 3256 825 412 900 1030 539 1334 1140 1208 1118 608 922 100 1118 894 1703 2408 1503 300 2802 1360 894 3506 361 1400 1140 1334 781 1931 1140 1712 1360 3225 1600 566 3523 1170 1265 583 2433 1803 1204 1503 1414 3132 100 1476 1334 3068 510 1345 
1000000 1000000 1000000 1000000 1000000 1000000 1000000 1000000 1709 2802 728 707 1581 2707 990 728 2202 1082 3206 1360 640 3314 943 860 825 0 1360 2025 3454 1628 1000 500 316 1581 943 728 800 3479 640 2802 2121 400 900 608 1414 1700 3214 1118 3126 1044 608 640 1345 3007 849 922 1360 762 1044 510 1105 1334 300 806 922 806 500 200 2025 2280 1838 943 2751 781 721 3448 500 1789 906 1581 854 1603 1393 1616 1628 3027 1970 447 3511 1360 1456 583 2506 2193 1345 1924 1709 2802 728 707 1581 2707 990 728 
1000000 1000000 1000000 1000000 1000000 1000000 1000000 1000000 361 4130 1140 2012 224 4045 671 2088 3536 2417 4504 0 906 4601 1030 608 1170 1360 0 671 4589 2983 539 1581 1044 2802 2285 2088 2138 4653 1800 4130 3471 1300 566 860 224 3027 4501 316 4400 1709 1924 800 1334 4305 1910 762 447 2002 1709 1664 361 100 1476 1726 2010 1265 1140 1552 671 3506 500 894 3932 1140 1900 4639 1304 500 640 224 510 2915 100 2807 2530 4300 640 1500 4669 0 100 806 3590 860 2354 640 361 4130 1140 2012 224 4045 671 2088 
1000000 1000000 1000000 1000000 1000000 1000000 1000000 1000000 316 4768 1700 2683 447 4687 1200 2751 4177 3087 5124 671 1513 5215 1628 1217 1703 2025 671 0 5135 3640 1105 2247 1709 3406 2955 2751 2789 5215 2419 4768 4123 1924 1221 1526 707 3667 5116 922 5009 2220 2571 1432 1836 4925 2502 1300 806 2631 2220 2332 1000 721 2147 2300 2602 1803 1803 2214 0 4101 200 1404 4504 1769 2518 5209 1910 316 1281 447 1170 3551 632 3401 3041 4909 141 2121 5224 671 583 1456 4130 224 2907 283 316 4768 1700 2683 447 4687 1200 2751 
1000000 1000000 1000000 1000000 1000000 1000000 1000000 1000000 4851 1456 3453 3245 4768 1581 3946 2915 1720 2983 1100 4589 3688 1005 4386 3981 3437 3454 4589 5135 0 2263 4061 3672 3700 1879 3000 2915 2729 224 2846 1456 1942 3324 4301 4050 4730 1985 1000 4276 906 2915 2864 3808 4741 1118 2693 3847 4329 2693 2915 3585 4464 4610 3578 2864 2596 3338 3940 3270 5135 1221 4937 3734 721 4205 2751 316 3298 4826 4332 4768 4123 2000 4571 1838 2102 922 5025 3132 141 4589 4687 3833 1005 5215 2236 4916 4851 1456 3453 3245 4768 1581 3946 2915 
1000000 1000000 1000000 1000000 1000000 1000000 1000000 1000000 3324 1217 2059 1118 3202 1105 2508 906 632 762 1676 2983 2154 1803 2408 2435 2110 1628 2983 3640 2263 0 2563 1612 1942 806 825 906 854 2202 1304 1217 500 1746 2518 2209 3041 316 1709 2720 1655 1838 1077 2214 2668 1487 1345 2417 2915 1082 1838 1513 2729 2961 1600 1562 1273 2025 2000 1432 3640 1082 3448 2371 1562 2209 1221 2140 1789 3384 2508 3202 2474 400 3008 906 1581 1565 3574 1565 2267 2983 3081 2184 1616 3795 1342 3511 3324 1217 2059 1118 3202 1105 2508 906 
1000000 1000000 1000000 1000000 1000000 1000000 1000000 1000000 800 3667 608 1703 707 3590 141 1700 3081 2081 4020 539 412 4111 1100 141 632 1000 539 1105 4061 2563 0 1360 707 2302 1942 1700 1709 4130 1315 3667 3036 825 608 728 721 2571 4011 224 3905 1170 1487 361 1513 3821 1400 224 361 1530 1170 1421 583 583 1204 1204 1500 728 985 1166 1105 3000 906 361 3413 1118 1414 4119 806 825 707 707 300 2452 510 2300 1992 3805 1020 1020 4144 539 632 424 3059 1237 1825 949 800 3667 608 1703 707 3590 141 1700 
1000000 1000000 1000000 1000000 1000000 1000000 1000000 1000000 1942 2828 1217 500 1803 2717 1389 762 2236 906 3276 1581 1077 3396 800 1221 1315 500 1581 2247 3672 1612 1360 0 671 1803 800 762 943 3667 1030 2828 2110 900 1030 721 1565 1772 3298 1414 3228 1530 849 1030 1077 3081 1253 1342 1703 1063 1530 100 1253 1526 200 1265 1304 1304 447 539 2247 2460 2081 1393 2953 600 1082 3625 1000 2062 985 1803 1131 1709 1640 1860 2025 3132 2220 922 3712 1581 1664 943 2780 2441 1720 2202 1942 2828 1217 500 1803 2717 1389 762 
1000000 1000000 1000000 1000000 1000000 1000000 1000000 1000000 1393 3106 608 1000 1265 3015 721 1044 2508 1389 3501 1044 412 3606 781 566 707 316 1044 1709 3700 1942 707 671 0 1844 1253 1044 1105 3736 854 3106 2433 424 608 361 1105 2002 3506 806 3413 1082 900 361 1221 3302 1030 671 1063 1020 1082 721 800 1020 500 922 1118 728 412 510 1709 2550 1523 728 3008 671 949 3711 500 1476 632 1265 539 1900 1077 1868 1780 3314 1655 583 3764 1044 1140 283 2731 1879 1526 1612 1393 3106 608 1000 1265 3015 721 1044 
1000000 1000000 1000000 1000000 1000000 1000000 1000000 1000000 3102 1432 1712 1414 3000 1389 2209 1063 922 1253 1726 2802 1900 1811 2508 2200 1726 1581 2802 3406 1879 806 2302 1803 1844 0 1221 1063 860 1897 1005 1432 1000 1503 2452 2184 2915 539 1712 2500 1603 1300 985 2002 2865 1530 906 2110 2617 825 1300 1720 2631 2807 1700 1118 806 1628 2062 1393 3406 707 3206 2022 1170 2326 906 1868 1500 3114 2474 3000 2309 412 2800 100 806 1503 3314 1304 1931 2802 2902 2010 990 3523 640 3225 3102 1432 1712 1414 3000 1389 2209 1063 
1000000 1000000 1000000 1000000 1000000 1000000 1000000 1000000 2640 2040 1562 300 2508 1924 1921 316 1456 141 2500 2285 1562 2625 1600 1803 1640 943 2285 2955 3000 825 1942 800 1253 1221 0 316 500 2968 949 2040 1315 1204 1772 1456 2309 1030 2530 2059 2470 1581 632 1581 1844 2309 1118 1844 2302 806 1581 700 1992 2247 825 1265 1105 1581 1217 781 2955 1780 2773 1838 2280 1400 922 2915 1281 2729 1746 2508 1789 1000 2326 1304 1726 2377 2907 1082 3023 2285 2377 1526 2202 3130 1414 2865 2640 2040 1562 300 2508 1924 1921 316 
1000000 1000000 1000000 1000000 1000000 1000000 1000000 1000000 2435 2102 1273 361 2309 2000 1664 0 1503 447 2532 2088 1304 2648 1530 1565 1345 728 2088 2751 2915 906 1700 762 1044 1063 316 0 224 2907 632 2102 1404 922 1612 1304 2138 1020 2550 1838 2474 1265 316 1342 1838 2335 806 1581 2059 500 1265 671 1825 2062 707 949 800 1281 1105 539 2751 1700 2563 1562 2195 1334 608 2864 990 2508 1603 2309 1581 949 2119 1131 1456 2377 2693 781 2953 2088 2184 1300 2052 2915 1140 2640 2435 2102 1273 361 2309 2000 1664 0 
1000000 1000000 1000000 1000000 1000000 1000000 1000000 1000000 2474 2002 1221 583 2354 1910 1655 224 1404 608 2408 2138 1300 2518 1676 1581 1281 800 2138 2789 2729 854 1709 943 1105 860 500 224 0 2731 500 2002 1334 894 1700 1404 2209 900 2419 1868 2335 1118 224 1360 2012 2209 632 1565 2062 316 1118 860 1903 2121 854 806 608 1204 1237 600 2789 1523 2596 1526 2012 1487 447 2693 943 2530 1703 2354 1628 806 2159 922 1237 2236 2720 721 2773 2138 2236 1334 1844 2941 922 2657 2474 2002 1221 583 2354 1910 1655 224 
1000000 1000000 1000000 1000000 1000000 1000000 1000000 1000000 4925 1300 3523 3225 4837 1432 4020 2907 1628 2941 906 4653 3748 800 4401 4045 3513 3479 4653 5215 224 2202 4130 3667 3736 1897 2968 2907 2731 0 2886 1300 1844 3373 4342 4080 4785 1942 806 4342 728 3002 2879 3864 4742 949 2746 3920 4410 2720 3002 3578 4512 4669 3585 2927 2648 3413 3956 3289 5215 1208 5016 3812 728 4215 2789 100 3354 4909 4368 4837 4177 1972 4639 1868 2202 762 5109 3178 100 4653 4752 3883 1105 5304 2309 5004 4925 1300 3523 3225 4837 1432 4020 2907 
1000000 1000000 1000000 1000000 1000000 1000000 1000000 1000000 2110 2354 762 900 2002 2280 1237 632 1772 1077 2707 1800 906 2802 1581 1204 806 640 1800 2419 2846 1304 1315 1030 854 1005 949 632 500 2886 0 2354 1746 500 1456 1208 1910 1265 2702 1503 2600 632 316 1000 1985 2508 224 1140 1649 224 632 985 1628 1803 860 316 283 721 1140 500 2419 1712 2220 1077 2159 1421 100 2864 510 2138 1487 2002 1304 1140 1803 1020 1000 2500 2335 300 2912 1800 1900 1005 1879 2550 707 2256 2110 2354 762 900 2002 2280 1237 632 
1000000 1000000 1000000 1000000 1000000 1000000 1000000 1000000 4455 0 3105 2335 4342 141 3590 2102 600 1965 500 4130 3256 640 3622 3551 3132 2802 4130 4768 1456 1217 3667 2828 3106 1432 2040 2102 2002 1300 2354 0 728 2844 3701 3400 4211 1105 566 3847 583 2731 2209 3338 3883 361 2309 3493 4002 2138 2731 2729 3905 4119 2807 2530 2214 3036 3206 2602 4768 922 4571 3421 1020 3423 2256 1208 2864 4491 3700 4342 3622 1217 4144 1476 2140 539 4687 2648 1393 4130 4230 3324 1432 4903 2059 4610 4455 0 3105 2335 4342 141 3590 2102 
1000000 1000000 1000000 1000000 1000000 1000000 1000000 1000000 3808 728 2508 1612 3688 608 2973 1404 224 1237 1208 3471 2625 1342 2907 2912 2550 2121 3471 4123 1942 500 3036 2110 2433 1000 1315 1404 1334 1844 1746 728 0 2214 3015 2707 3536 500 1253 3202 1221 2220 1552 2693 3158 1030 1749 2879 3384 1523 2220 2010 3225 3453 2100 1972 1664 2460 2500 1924 4123 906 3929 2823 1300 2707 1655 1769 2247 3860 3007 3688 2961 640 3493 1082 1803 1140 4052 2025 1921 3471 3569 2668 1503 4272 1628 3985 3808 728 2508 1612 3688 608 2973 1404 
1000000 1000000 1000000 1000000 1000000 1000000 1000000 1000000 1612 2844 361 1030 1503 2766 762 922 2256 1345 3206 1300 412 3302 1204 707 447 400 1300 1924 3324 1746 825 900 424 1503 1204 922 894 3373 500 2844 2214 0 985 781 1414 1746 3202 1005 3100 671 671 500 1640 3007 632 671 1170 707 671 906 1140 1304 700 500 728 412 806 447 1924 2209 1726 640 2648 1082 600 3354 100 1649 1030 1503 806 1628 1304 1513 1360 3000 1844 200 3396 1300 1400 510 2341 2062 1118 1772 1612 2844 361 1030 1503 2766 762 922 
1000000 1000000 1000000 1000000 1000000 1000000 1000000 1000000 922 3701 990 1487 781 3606 728 1612 3102 1897 4105 566 707 4211 510 539 1063 900 566 1221 4301 2518 608 1030 608 2452 1772 1612 1700 4342 1456 3701 3015 985 0 316 539 2600 4111 510 4020 1562 1503 566 906 3905 1616 762 825 1628 1562 1118 224 500 949 1476 1709 1131 583 1100 1221 3158 1063 894 3614 583 1552 4317 1030 1063 100 781 316 2502 640 2474 2332 3920 1204 1170 4368 566 640 500 3324 1421 2102 1204 922 3701 990 1487 781 3606 728 1612 
1000000 1000000 1000000 1000000 1000000 1000000 1000000 1000000 1221 3400 894 1170 1082 3302 806 1304 2800 1581 3812 860 632 3920 447 608 985 608 860 1526 4050 2209 728 721 361 2184 1456 1304 1404 4080 1208 3400 2707 781 316 0 854 2302 3821 721 3734 1421 1217 510 894 3612 1389 800 1030 1360 1421 806 539 806 632 1281 1476 1030 283 806 1526 2886 1360 906 3353 400 1300 4052 849 1345 300 1082 447 2209 922 2214 2140 3635 1500 943 4111 860 943 412 3087 1720 1887 1487 1221 3400 894 1170 1082 3302 806 1304 
1000000 1000000 1000000 1000000 1000000 1000000 1000000 1000000 447 4211 1300 2025 316 4119 860 2138 3612 2435 4600 224 1044 4701 922 762 1342 1414 224 707 4730 3041 721 1565 1105 2915 2309 2138 2209 4785 1910 4211 3536 1414 539 854 0 3106 4601 500 4504 1879 2002 922 1170 4400 2040 943 671 2102 1879 1655 316 141 1487 1868 2138 1432 1118 1612 707 3622 583 1082 4061 1063 2010 4768 1432 632 583 316 608 3002 316 2927 2693 4405 721 1612 4805 224 200 906 3736 922 2500 762 447 4211 1300 2025 316 4119 860 2138 
1000000 1000000 1000000 1000000 1000000 1000000 1000000 1000000 3354 1105 2025 1300 3239 1020 2500 1020 510 1000 1513 3027 2159 1628 2550 2452 2062 1700 3027 3667 1985 316 2571 1772 2002 539 1030 1020 900 1942 1265 1105 500 1746 2600 2302 3106 0 1530 2746 1456 1720 1105 2236 2846 1315 1253 2404 2912 1044 1720 1676 2802 3015 1726 1476 1166 1970 2121 1500 3667 781 3471 2341 1273 2354 1170 1887 1772 3396 2602 3239 2518 141 3041 632 1342 1360 3590 1552 2000 3027 3126 2220 1300 3808 1140 3517 3354 1105 2025 1300 3239 1020 2500 1020 
1000000 1000000 1000000 1000000 1000000 1000000 1000000 1000000 4809 566 3423 2816 4704 707 3920 2550 1077 2470 100 4501 3606 100 4079 3905 3437 3214 4501 5116 1000 1709 4011 3298 3506 1712 2530 2550 2419 806 2702 566 1253 3202 4111 3821 4601 1530 0 4205 141 2983 2608 3701 4368 224 2617 3821 4329 2500 2983 3202 4305 4500 3256 2828 2518 3338 3650 3015 5116 1044 4916 3734 849 3883 2602 707 3206 4826 4119 4704 4000 1612 4504 1726 2285 224 5025 3002 906 4501 4601 3700 1345 5235 2280 4937 4809 566 3423 2816 4704 707 3920 2550 
1000000 1000000 1000000 1000000 1000000 1000000 1000000 1000000 608 3847 825 1803 500 3766 361 1838 3256 2195 4211 316 600 4305 1020 300 854 1118 316 922 4276 2720 224 1414 806 2500 2059 1838 1868 4342 1503 3847 3202 1005 510 721 500 2746 4205 0 4101 1393 1649 510 1400 4011 1603 447 316 1712 1393 1487 412 361 1281 1414 1703 949 1000 1300 922 3202 728 583 3622 1077 1603 4329 1000 671 608 500 283 2631 300 2502 2214 4001 854 1204 4357 316 412 539 3276 1077 2040 806 608 3847 825 1803 500 3766 361 1838 
1000000 1000000 1000000 1000000 1000000 1000000 1000000 1000000 4704 583 3314 2751 4601 721 3812 2474 1030 2417 224 4400 3501 224 4002 3801 3324 3126 4400 5009 906 1655 3905 3228 3413 1603 2470 2474 2335 728 2600 583 1221 3100 4020 3734 4504 1456 141 4101 0 2864 2518 3600 4301 224 2508 3712 4219 2402 2864 3132 4211 4401 3178 2717 2408 3225 3569 2927 5009 922 4809 3622 707 3808 2500 632 3102 4717 4031 4601 3901 1530 4401 1612 2154 100 4916 2900 825 4400 4500 3601 1204 5124 2159 4826 4704 583 3314 2751 4601 721 3812 2474 
1000000 1000000 1000000 1000000 1000000 1000000 1000000 1000000 1942 2731 583 1513 1868 2683 1044 1265 2195 1709 3008 1709 860 3081 1860 1118 539 1044 1709 2220 2915 1838 1170 1530 1082 1300 1581 1265 1118 3002 632 2731 2220 671 1562 1421 1879 1720 2983 1393 2864 0 949 1000 2302 2816 500 949 1414 806 0 1513 1664 1746 1334 316 566 447 1476 1005 2220 1942 2022 825 2302 1749 671 3000 583 1910 1628 1868 1304 1581 1676 1265 825 2766 2110 608 3007 1709 1803 1063 1910 2302 707 2002 1942 2731 583 1513 1868 2683 1044 1265 
1000000 1000000 1000000 1000000 1000000 1000000 1000000 1000000 2256 2209 1000 608 2138 2121 1432 316 1612 762 2602 1924 1077 2707 1523 1360 1063 608 1924 2571 2864 1077 1487 849 900 985 632 316 224 2879 316 2209 1552 671 1503 1217 2002 1105 2608 1649 2518 949 0 1140 1887 2402 500 1342 1838 224 949 781 1700 1910 721 632 510 990 1077 412 2571 1676 2377 1304 2154 1342 300 2846 721 2309 1513 2138 1414 1000 1942 1030 1208 2419 2500 500 2915 1924 2022 1118 1942 2720 894 2435 2256 2209 1000 608 2138 2121 1432 316 
1000000 1000000 1000000 1000000 1000000 1000000 1000000 1000000 1118 3338 424 1345 1005 3256 361 1342 2746 1720 3705 800 141 3801 949 224 500 640 800 1432 3808 2214 361 1030 361 2002 1581 1342 1360 3864 1000 3338 2693 500 566 510 922 2236 3701 510 3600 1000 1140 0 1393 3506 1118 316 721 1204 1000 1082 671 806 860 949 1217 566 707 806 1432 2707 1237 400 3140 906 1100 3847 510 1170 640 1005 316 2121 806 2010 1789 3500 1360 700 3883 800 900 100 2816 1581 1581 1300 1118 3338 424 1345 1005 3256 361 1342 
1000000 1000000 1000000 1000000 1000000 1000000 1000000 1000000 1616 3883 1789 1552 1487 3766 1628 1838 3298 1924 4342 1334 1523 4464 447 1432 1879 1345 1334 1836 4741 2668 1513 1077 1221 2865 1844 1838 2012 4742 1985 3883 3158 1640 906 894 1170 2846 4368 1400 4301 2302 1887 1393 0 4148 2193 1649 1703 2081 2302 1170 1005 1237 1166 2126 2267 1924 849 1500 1836 3534 1746 1772 4025 566 2062 4701 1720 1803 806 1487 1217 2786 1432 2915 2970 4206 1879 1769 4785 1334 1360 1300 3828 2059 2691 1931 1616 3883 1789 1552 1487 3766 1628 1838 
1000000 1000000 1000000 1000000 1000000 1000000 1000000 1000000 4617 361 3239 2596 4510 500 3734 2335 854 2247 200 4305 3413 316 3864 3712 3256 3007 4305 4925 1118 1487 3821 3081 3302 1530 2309 2335 2209 949 2508 361 1030 3007 3905 3612 4400 1315 224 4011 224 2816 2402 3506 4148 0 2433 3635 4144 2302 2816 2983 4101 4301 3041 2648 2335 3158 3437 2807 4925 894 4727 3551 806 3667 2408 854 3015 4639 3912 4510 3801 1404 4310 1552 2147 200 4837 2807 1044 4305 4405 3501 1281 5049 2119 4752 4617 361 3239 2596 4510 500 3734 2335 
1000000 1000000 1000000 1000000 1000000 1000000 1000000 1000000 2200 2309 806 1105 2102 2247 1304 806 1746 1237 2631 1910 1005 2717 1780 1304 825 849 1910 2502 2693 1345 1400 1253 1030 906 1118 806 632 2746 224 2309 1749 632 1616 1389 2040 1253 2617 1603 2508 500 500 1118 2193 2433 0 1204 1712 316 500 1208 1772 1924 1082 224 100 728 1345 721 2502 1600 2302 1118 2022 1628 200 2729 608 2209 1655 2102 1432 1118 1903 900 781 2408 2408 447 2766 1910 2010 1140 1709 2617 500 2319 2200 2309 806 1105 2102 2247 1304 806 
1000000 1000000 1000000 1000000 1000000 1000000 1000000 1000000 1005 3493 400 1628 922 3421 100 1581 2912 1985 3833 762 283 3920 1217 224 412 922 762 1300 3847 2417 224 1342 671 2110 1844 1581 1565 3920 1140 3493 2879 671 762 800 943 2404 3821 447 3712 949 1342 316 1649 3635 1204 0 510 1360 949 1389 781 806 1166 1000 1304 510 1020 1063 1300 2802 1100 141 3206 1200 1237 3912 632 1005 854 922 447 2280 728 2102 1772 3612 1204 854 3932 762 854 412 2844 1414 1612 1118 1005 3493 400 1628 922 3421 100 1581 
1000000 1000000 1000000 1000000 1000000 1000000 1000000 1000000 539 4002 906 2062 500 3929 412 2059 3421 2441 4342 447 762 4428 1334 500 900 1360 447 806 4329 2915 361 1703 1063 2617 2302 2059 2062 4410 1649 4002 3384 1170 825 1030 671 2912 4329 316 4219 1414 1838 721 1703 4144 1712 510 0 1868 1414 1769 700 539 1556 1503 1811 1000 1304 1526 806 3306 608 600 3701 1393 1746 4405 1140 500 922 500 583 2789 361 2608 2236 4119 700 1360 4418 447 500 781 3324 906 2102 608 539 4002 906 2062 500 3929 412 2059 
1000000 1000000 1000000 1000000 1000000 1000000 1000000 1000000 2319 2138 985 825 2209 2062 1456 500 1552 922 2502 2002 1118 2600 1700 1414 1030 762 2002 2631 2693 1082 1530 1063 1020 825 806 500 316 2720 224 2138 1523 707 1628 1360 2102 1044 2500 1712 2402 806 224 1204 2081 2302 316 1360 1868 0 806 1000 1811 2000 922 500 300 943 1253 583 2631 1530 2433 1300 1992 1526 141 2693 728 2354 1649 2209 1500 922 2010 854 985 2302 2550 510 2751 2002 2102 1200 1749 2766 671 2474 2319 2138 985 825 2209 2062 1456 500 
1000000 1000000 1000000 1000000 1000000 1000000 1000000 1000000 1942 2731 583 1513 1868 2683 1044 1265 2195 1709 3008 1709 860 3081 1860 1118 539 1044 1709 2220 2915 1838 1170 1530 1082 1300 1581 1265 1118 3002 632 2731 2220 671 1562 1421 1879 1720 2983 1393 2864 0 949 1000 2302 2816 500 949 1414 806 0 1513 1664 1746 1334 316 566 447 1476 1005 2220 1942 2022 825 2302 1749 671 3000 583 1910 1628 1868 1304 1581 1676 1265 825 2766 2110 608 3007 1709 1803 1063 1910 2302 707 2002 1942 2731 583 1513 1868 2683 1044 1265 
1000000 1000000 1000000 1000000 1000000 1000000 1000000 1000000 2025 2729 1237 400 1887 2617 1442 671 2138 806 3178 1664 1118 3298 900 1281 1334 510 1664 2332 3585 1513 1421 100 721 1720 700 671 860 3578 985 2729 2010 906 1118 806 1655 1676 3202 1487 3132 1513 781 1082 1170 2983 1208 1389 1769 1000 1513 0 1342 1612 224 1237 1253 1315 539 510 2332 2371 2163 1432 2865 700 1030 3534 1005 2140 1077 1887 1204 1616 1720 1780 1972 3036 2302 906 3624 1664 1749 1000 2702 2524 1664 2280 2025 2729 1237 400 1887 2617 1442 671 
1000000 1000000 1000000 1000000 1000000 1000000 1000000 1000000 707 3905 1082 1709 566 3812 721 1825 3306 2119 4301 361 806 4405 671 566 1140 1105 361 1000 4464 2729 583 1253 800 2631 1992 1825 1903 4512 1628 3905 3225 1140 224 539 316 2802 4305 412 4211 1664 1700 671 1005 4101 1772 781 700 1811 1664 1342 0 283 1170 1616 1868 1221 806 1304 1000 3338 849 922 3785 781 1726 4491 1170 860 283 566 361 2700 447 2648 2460 4111 990 1334 4535 361 424 632 3479 1204 2247 1000 707 3905 1082 1709 566 3812 721 1825 
1000000 1000000 1000000 1000000 1000000 1000000 1000000 1000000 424 4119 1170 1970 283 4031 721 2062 3523 2377 4501 100 922 4600 943 632 1208 1334 100 721 4610 2961 583 1526 1020 2807 2247 2062 2121 4669 1803 4119 3453 1304 500 806 141 3015 4500 361 4401 1746 1910 806 1237 4301 1924 806 539 2000 1746 1612 283 0 1432 1746 2022 1300 1082 1530 721 3513 566 943 3946 1063 1903 4653 1315 583 566 283 500 2907 200 2816 2563 4301 707 1503 4687 100 141 800 3614 922 2377 721 424 4119 1170 1970 283 4031 721 2062 
1000000 1000000 1000000 1000000 1000000 1000000 1000000 1000000 1836 2807 1020 539 1700 2702 1221 707 2209 949 3239 1476 894 3354 825 1063 1118 300 1476 2147 3578 1600 1204 200 500 1700 825 707 854 3585 860 2807 2100 700 949 632 1487 1726 3256 1281 3178 1334 721 860 1166 3041 1082 1166 1556 922 1334 224 1170 1432 0 1077 1140 1105 400 361 2147 2377 1972 1208 2864 632 922 3547 800 1942 922 1700 1000 1649 1526 1749 1860 3081 2110 728 3625 1476 1565 781 2663 2332 1562 2081 1836 2807 1020 539 1700 2702 1221 707 
1000000 1000000 1000000 1000000 1000000 1000000 1000000 1000000 2002 2530 600 1204 1910 2470 1100 949 1970 1393 2844 1726 825 2927 1697 1118 608 806 1726 2300 2864 1562 1204 1265 922 1118 1265 949 806 2927 316 2530 1972 500 1476 1281 1868 1476 2828 1414 2717 316 632 949 2126 2648 224 1000 1503 500 316 1237 1616 1746 1077 0 316 510 1281 728 2300 1803 2100 906 2209 1562 361 2915 447 2002 1526 1910 1265 1342 1712 1105 860 2617 2202 361 2943 1726 1825 985 1868 2408 632 2110 2002 2530 600 1204 1910 2470 1100 949 
1000000 1000000 1000000 1000000 1000000 1000000 1000000 1000000 2300 2214 906 1118 2202 2154 1404 800 1655 1217 2532 2010 1105 2617 1860 1404 922 922 2010 2602 2596 1273 1500 1304 1118 806 1105 800 608 2648 283 2214 1664 728 1709 1476 2138 1166 2518 1703 2408 566 510 1217 2267 2335 100 1304 1811 300 566 1253 1868 2022 1140 316 0 825 1421 781 2602 1500 2402 1217 1924 1703 224 2631 707 2309 1746 2202 1530 1030 2002 800 721 2309 2508 539 2668 2010 2110 1237 1616 2717 424 2419 2300 2214 906 1118 2202 2154 1404 800 
1000000 1000000 1000000 1000000 1000000 1000000 1000000 1000000 1513 3036 141 1432 1432 2973 608 1281 2470 1720 3354 1265 424 3437 1476 671 100 806 1265 1803 3338 2025 728 1304 728 1628 1581 1281 1204 3413 721 3036 2460 412 1131 1030 1432 1970 3338 949 3225 447 990 566 1924 3158 728 510 1000 943 447 1315 1221 1300 1105 510 825 0 1140 854 1803 2309 1603 400 2702 1393 806 3406 316 1500 1204 1432 860 1838 1237 1612 1265 3126 1700 500 3423 1265 1360 640 2335 1903 1105 1603 1513 3036 141 1432 1432 2973 608 1281 
1000000 1000000 1000000 1000000 1000000 1000000 1000000 1000000 1500 3206 1020 922 1360 3102 1044 1105 2608 1334 3635 1140 800 3748 447 854 1118 500 1140 1803 3940 2000 985 447 412 2062 1217 1105 1237 3956 1140 3206 2500 806 583 283 1118 2121 3650 1000 3569 1476 1077 707 849 3437 1345 1020 1304 1253 1476 539 806 1082 400 1281 1421 1140 0 671 1803 2751 1640 1105 3231 283 1221 3922 894 1628 539 1360 721 2040 1204 2102 2121 3471 1780 922 3992 1140 1221 608 3002 2000 1844 1769 1500 3206 1020 922 1360 3102 1044 1105 
1000000 1000000 1000000 1000000 1000000 1000000 1000000 1000000 1897 2602 806 583 1772 2508 1140 539 2002 922 3007 1552 781 3114 1118 1030 894 200 1552 2214 3270 1432 1166 539 510 1393 781 539 600 3289 500 2602 1924 447 1100 806 1612 1500 3015 1300 2927 1005 412 806 1500 2807 721 1063 1526 583 1005 510 1304 1530 361 728 781 854 671 0 2214 2088 2025 1063 2563 943 566 3257 539 1970 1105 1772 1044 1404 1581 1432 1500 2828 2154 400 3324 1552 1649 762 2332 2377 1204 2102 1897 2602 806 583 1772 2508 1140 539 
1000000 1000000 1000000 1000000 1000000 1000000 1000000 1000000 316 4768 1700 2683 447 4687 1200 2751 4177 3087 5124 671 1513 5215 1628 1217 1703 2025 671 0 5135 3640 1105 2247 1709 3406 2955 2751 2789 5215 2419 4768 4123 1924 1221 1526 707 3667 5116 922 5009 2220 2571 1432 1836 4925 2502 1300 806 2631 2220 2332 1000 721 2147 2300 2602 1803 1803 2214 0 4101 200 1404 4504 1769 2518 5209 1910 316 1281 447 1170 3551 632 3401 3041 4909 141 2121 5224 671 583 1456 4130 224 2907 283 316 4768 1700 2683 447 4687 1200 2751 
1000000 1000000 1000000 1000000 1000000 1000000 1000000 1000000 3800 922 2402 2025 3701 943 2902 1700 700 1769 1077 3506 2602 1140 3195 2902 2408 2280 3506 4101 1221 1082 3000 2460 2550 707 1780 1700 1523 1208 1712 922 906 2209 3158 2886 3622 781 1044 3202 922 1942 1676 2707 3534 894 1600 2802 3306 1530 1942 2371 3338 3513 2377 1803 1500 2309 2751 2088 4101 0 3901 2707 500 3008 1612 1170 2202 3805 3178 3701 3015 781 3501 700 1253 825 4005 2010 1253 3506 3606 2717 600 4211 1237 3912 3800 922 2402 2025 3701 943 2902 1700 
1000000 1000000 1000000 1000000 1000000 1000000 1000000 1000000 141 4571 1500 2506 283 4491 1000 2563 3981 2907 4925 500 1315 5016 1500 1020 1503 1838 500 200 4937 3448 906 2081 1523 3206 2773 2563 2596 5016 2220 4571 3929 1726 1063 1360 583 3471 4916 728 4809 2022 2377 1237 1746 4727 2302 1100 608 2433 2022 2163 849 566 1972 2100 2402 1603 1640 2025 200 3901 0 1204 4305 1628 2319 5009 1712 141 1131 283 985 3354 447 3202 2844 4710 141 1924 5025 500 424 1265 3932 361 2707 200 141 4571 1500 2506 283 4491 1000 2563 
1000000 1000000 1000000 1000000 1000000 1000000 1000000 1000000 1118 3421 316 1640 1044 3353 224 1562 2846 1980 3748 894 316 3833 1334 361 300 943 894 1404 3734 2371 361 1393 728 2022 1838 1562 1526 3812 1077 3421 2823 640 894 906 1082 2341 3734 583 3622 825 1304 400 1772 3551 1118 141 600 1300 825 1432 922 943 1208 906 1217 400 1105 1063 1404 2707 1204 0 3102 1304 1170 3805 583 1100 985 1044 583 2214 854 2010 1649 3523 1300 806 3821 894 985 500 2729 1503 1503 1204 1118 3421 316 1640 1044 3353 224 1562 
1000000 1000000 1000000 1000000 1000000 1000000 1000000 1000000 4211 1020 2807 2524 4119 1105 3306 2195 1077 2267 922 3932 3027 922 3677 3324 2802 2751 3932 4504 721 1562 3413 2953 3008 1170 2280 2195 2012 728 2159 1020 1300 2648 3614 3353 4061 1273 849 3622 707 2302 2154 3140 4025 806 2022 3206 3701 1992 2302 2865 3785 3946 2864 2209 1924 2702 3231 2563 4504 500 4305 3102 0 3493 2062 707 2631 4201 3640 4119 3453 1281 3920 1140 1530 640 4401 2452 762 3932 4031 3158 500 4600 1600 4300 4211 1020 2807 2524 4119 1105 3306 2195 
1000000 1000000 1000000 1000000 1000000 1000000 1000000 1000000 1487 3423 1265 1100 1345 3314 1204 1334 2828 1503 3864 1140 1020 3981 200 1005 1360 781 1140 1769 4205 2209 1118 600 671 2326 1400 1334 1487 4215 1421 3423 2707 1082 583 400 1063 2354 3883 1077 3808 1749 1342 906 566 3667 1628 1200 1393 1526 1749 700 781 1063 632 1562 1703 1393 283 943 1769 3008 1628 1304 3493 0 1500 4179 1166 1640 500 1345 825 2280 1221 2371 2404 3711 1769 1204 4254 1140 1204 806 3276 1980 2126 1780 1487 3423 1265 1100 1345 3314 1204 1334 
1000000 1000000 1000000 1000000 1000000 1000000 1000000 1000000 2209 2256 854 906 2102 2184 1334 608 1676 1044 2608 1900 1005 2702 1664 1304 894 721 1900 2518 2751 1221 1414 1082 949 906 922 608 447 2789 100 2256 1655 600 1552 1300 2010 1170 2602 1603 2500 671 300 1100 2062 2408 200 1237 1746 141 671 1030 1726 1903 922 361 224 806 1221 566 2518 1612 2319 1170 2062 1500 0 2766 608 2236 1581 2102 1404 1044 1903 922 943 2400 2433 400 2816 1900 2000 1105 1789 2648 640 2354 2209 2256 854 906 2102 2184 1334 608 
1000000 1000000 1000000 1000000 1000000 1000000 1000000 1000000 4916 1208 3513 3176 4826 1342 4011 2864 1556 2884 806 4639 3734 700 4366 4031 3506 3448 4639 5209 316 2140 4119 3625 3711 1868 2915 2864 2693 100 2864 1208 1769 3354 4317 4052 4768 1887 707 4329 632 3000 2846 3847 4701 854 2729 3912 4405 2693 3000 3534 4491 4653 3547 2915 2631 3406 3922 3257 5209 1170 5009 3805 707 4179 2766 0 3338 4904 4342 4826 4159 1924 4627 1844 2209 671 5104 3158 200 4639 4738 3864 1118 5301 2302 5001 4916 1208 3513 3176 4826 1342 4011 2864 
