NAME : Gaspelle29-5-f
TYPE : ATSP
DIMENSION : 39
EDGE_WEIGHT_TYPE : EXPLICIT
EDGE_WEIGHT_FORMAT : FULL_MATRIX
EDGE_WEIGHT_SECTION
1000000 1000000 1000000 1000000 1000000 2193 4272 2807 2915 3500 1746 10834 9762 10208 8875 9236 9374 9705 9949 8907 9347 10485 6862 4482 4442 8016 4366 7072 1500 985 1581 894 2247 721 0 1000000 1000000 1000000 1000000 
1000000 1000000 1000000 1000000 1000000 11297 11104 9443 10747 11735 10512 762 2983 2419 2506 2360 2343 1082 3220 1897 1265 2154 4707 6803 7301 6003 8110 4657 11157 11006 8709 10966 9127 10469 1000000 0 1000000 1000000 1000000 
1000000 1000000 1000000 1000000 1000000 3500 2138 1649 2404 3138 3087 9300 7278 7925 6818 7134 7244 8101 7350 7201 7806 8302 4410 2377 1803 4442 949 4528 3936 4272 4002 5295 5749 3929 1000000 1000000 0 1000000 1000000 
1000000 1000000 1000000 1000000 1000000 2902 3829 1769 2773 3734 2102 8981 7742 8215 6896 7256 7393 7819 7920 6986 7467 8509 4817 2441 2470 6003 2602 5025 2668 2550 1005 2921 2746 2012 1000000 1000000 1000000 0 1000000 
1000000 1000000 1000000 1000000 1000000 5921 6198 4258 5533 6538 5124 5962 5109 5449 4104 4460 4601 4830 5341 4050 4472 5685 2668 2126 2702 4600 3523 2886 5727 5566 3312 5608 4140 5029 1000000 1000000 1000000 1000000 0 
1000000 1000000 1000000 1000000 1000000 0 2400 2081 1170 1342 800 11739 10198 10754 9492 9843 9972 10551 10331 9684 10211 11086 7201 4701 4391 7799 3905 7379 762 1342 3195 2640 4405 1487 2193 11297 3500 2902 5921 
1000000 1000000 1000000 1000000 1000000 2400 0 2081 1360 1342 2530 11407 9415 10062 8945 9266 9377 10204 9483 9305 9901 10439 6538 4329 3805 6488 3002 6661 3114 3650 4610 4924 6213 3574 4272 11104 2138 3829 6198 
1000000 1000000 1000000 1000000 1000000 2081 2081 0 1304 2300 1500 9831 8154 8732 7500 7845 7970 8631 8276 7747 8302 9076 5162 2693 2326 5731 1838 5331 2360 2640 2642 3650 4346 2280 2807 9443 1649 1769 4258 
1000000 1000000 1000000 1000000 1000000 1170 1360 1304 0 1005 1170 11131 9398 9993 8780 9121 9244 9930 9508 9043 9603 10345 6420 3981 3574 6801 2953 6579 1803 2309 3406 3569 4920 2214 2915 10747 2404 2773 5533 
1000000 1000000 1000000 1000000 1000000 1342 1342 2300 1005 0 1844 12106 10309 10920 9729 10066 10187 10904 10406 10013 10580 11279 7350 4950 4512 7580 3828 7500 2102 2683 4272 3981 5657 2780 3500 11735 3138 3734 6538 
1000000 1000000 1000000 1000000 1000000 800 2530 1500 1170 1844 0 10964 9483 10022 8746 9100 9231 9780 9625 8919 9437 10347 6488 3982 3720 7212 3330 6673 860 1217 2460 2419 3821 1044 1746 10512 3087 2102 5124 
1000000 1000000 1000000 1000000 1000000 11739 11407 9831 11131 12106 10964 0 2720 2052 2550 2309 2247 1204 2907 2102 1530 1703 4909 7157 7624 5962 8405 4826 11639 11517 9261 11538 9765 10979 10834 762 9300 8981 5962 
1000000 1000000 1000000 1000000 1000000 10198 9415 8154 9398 10309 9483 2720 0 728 1140 900 806 1972 300 1703 2025 1140 2997 5501 5831 3373 6485 2823 10258 10263 8288 10576 9246 9735 9762 2983 7278 7742 5109 
1000000 1000000 1000000 1000000 1000000 10754 10062 8732 9993 10920 10022 2052 728 0 1345 990 849 1530 860 1616 1700 412 3574 6054 6420 4100 7106 3421 10778 10754 8701 11000 9552 10222 10208 2419 7925 8215 5449 
1000000 1000000 1000000 1000000 1000000 9492 8945 7500 8780 9729 8746 2550 1140 1345 0 361 500 1432 1432 721 1281 1612 2408 4808 5217 3499 5954 2300 9485 9441 7360 9661 8213 8907 8875 2506 6818 6896 4104 
1000000 1000000 1000000 1000000 1000000 9843 9266 7845 9121 10066 9100 2309 900 990 361 0 141 1281 1200 806 1221 1253 2729 5155 5554 3667 6280 2608 9841 9801 7720 10021 8563 9266 9236 2360 7134 7256 4460 
1000000 1000000 1000000 1000000 1000000 9972 9377 7970 9244 10187 9231 2247 806 849 500 141 0 1273 1105 900 1253 1118 2844 5281 5675 3716 6395 2717 9974 9936 7860 10161 8705 9402 9374 2343 7244 7393 4601 
1000000 1000000 1000000 1000000 1000000 10551 10204 8631 9930 10904 9780 1204 1972 1530 1432 1281 1273 0 2236 900 361 1404 3722 5954 6420 4924 7203 3650 10468 10362 8141 10432 8746 9823 9705 1082 8101 7819 4830 
1000000 1000000 1000000 1000000 1000000 10331 9483 8276 9508 10406 9625 2907 300 860 1432 1200 1105 2236 0 2002 2309 1253 3138 5644 5951 3324 6579 2953 10410 10429 8490 10771 9481 9905 9949 3220 7350 7920 5341 
1000000 1000000 1000000 1000000 1000000 9684 9305 7747 9043 10013 8919 2102 1703 1616 721 806 900 900 2002 0 632 1720 2828 5064 5523 4162 6303 2766 9621 9534 7357 9657 8066 8996 8907 1897 7201 6986 4050 
1000000 1000000 1000000 1000000 1000000 10211 9901 8302 9603 10580 9437 1530 2025 1700 1281 1221 1253 361 2309 632 0 1649 3453 5632 6107 4771 6900 3396 10119 10009 7783 10072 8387 9470 9347 1265 7806 7467 4472 
1000000 1000000 1000000 1000000 1000000 11086 10439 9076 10345 11279 10347 1703 1140 412 1612 1253 1118 1404 1253 1720 1649 0 3929 6391 6772 4512 7473 3785 11092 11054 8963 11265 9758 10519 10485 2154 8302 8509 5685 
1000000 1000000 1000000 1000000 1000000 7201 6538 5162 6420 7350 6488 4909 2997 3574 2408 2729 2844 3722 3138 2828 3453 3929 0 2506 2846 2088 3551 224 7272 7301 5467 7708 6665 6780 6862 4707 4410 4817 2668 
1000000 1000000 1000000 1000000 1000000 4701 4329 2693 3981 4950 3982 7157 5501 6054 4808 5155 5281 5954 5644 5064 5632 6391 2506 0 583 3578 1432 2693 4771 4827 3270 5360 4785 4319 4482 6803 2377 2441 2126 
1000000 1000000 1000000 1000000 1000000 4391 3805 2326 3574 4512 3720 7624 5831 6420 5217 5554 5675 6420 5951 5523 6107 6772 2846 583 0 3581 854 3008 4545 4669 3396 5334 5016 4187 4442 7301 1803 2470 2702 
1000000 1000000 1000000 1000000 1000000 7799 6488 5731 6801 7580 7212 5962 3373 4100 3499 3667 3716 4924 3324 4162 4771 4512 2088 3578 3581 0 3895 1931 8062 8233 6845 8904 8286 7762 8016 6003 4442 6003 4600 
1000000 1000000 1000000 1000000 1000000 3905 3002 1838 2953 3828 3330 8405 6485 7106 5954 6280 6395 7203 6579 6303 6900 7473 3551 1432 854 3895 0 3688 4187 4410 3600 5255 5315 3982 4366 8110 949 2602 3523 
1000000 1000000 1000000 1000000 1000000 7379 6661 5331 6579 7500 6673 4826 2823 3421 2300 2608 2717 3650 2953 2766 3396 3785 224 2693 3008 1931 3688 0 7463 7500 5685 7921 6888 6981 7072 4657 4528 5025 2886 
1000000 1000000 1000000 1000000 1000000 762 3114 2360 1803 2102 860 11639 10258 10778 9485 9841 9974 10468 10410 9621 10119 11092 7272 4771 4545 8062 4187 7463 0 583 2729 1879 3744 854 1500 11157 3936 2668 5727 
1000000 1000000 1000000 1000000 1000000 1342 3650 2640 2309 2683 1217 11517 10263 10754 9441 9801 9936 10362 10429 9534 10009 11054 7301 4827 4669 8233 4410 7500 583 0 2402 1300 3225 539 985 11006 4272 2550 5566 
1000000 1000000 1000000 1000000 1000000 3195 4610 2642 3406 4272 2460 9261 8288 8701 7360 7720 7860 8141 8490 7357 7783 8963 5467 3270 3396 6845 3600 5685 2729 2402 0 2302 1746 1903 1581 8709 4002 1005 3312 
1000000 1000000 1000000 1000000 1000000 2640 4924 3650 3569 3981 2419 11538 10576 11000 9661 10021 10161 10432 10771 9657 10072 11265 7708 5360 5334 8904 5255 7921 1879 1300 2302 0 2335 1400 894 10966 5295 2921 5608 
1000000 1000000 1000000 1000000 1000000 4405 6213 4346 4920 5657 3821 9765 9246 9552 8213 8563 8705 8746 9481 8066 8387 9758 6665 4785 5016 8286 5315 6888 3744 3225 1746 2335 0 2921 2247 9127 5749 2746 4140 
1000000 1000000 1000000 1000000 1000000 1487 3574 2280 2214 2780 1044 10979 9735 10222 8907 9266 9402 9823 9905 8996 9470 10519 6780 4319 4187 7762 3982 6981 854 539 1903 1400 2921 0 721 10469 3929 2012 5029 
1000000 0 1000000 1000000 1000000 1000000 1000000 1000000 1000000 1000000 1000000 1000000 1000000 1000000 1000000 1000000 1000000 1000000 1000000 1000000 1000000 1000000 1000000 1000000 1000000 1000000 1000000 1000000 1000000 1000000 1000000 1000000 1000000 1000000 1000000 1000000 1000000 1000000 1000000 
1000000 1000000 0 1000000 1000000 1000000 1000000 1000000 1000000 1000000 1000000 1000000 1000000 1000000 1000000 1000000 1000000 1000000 1000000 1000000 1000000 1000000 1000000 1000000 1000000 1000000 1000000 1000000 1000000 1000000 1000000 1000000 1000000 1000000 1000000 1000000 1000000 1000000 1000000 
1000000 1000000 1000000 0 1000000 1000000 1000000 1000000 1000000 1000000 1000000 1000000 1000000 1000000 1000000 1000000 1000000 1000000 1000000 1000000 1000000 1000000 1000000 1000000 1000000 1000000 1000000 1000000 1000000 1000000 1000000 1000000 1000000 1000000 1000000 1000000 1000000 1000000 1000000 
1000000 1000000 1000000 1000000 0 1000000 1000000 1000000 1000000 1000000 1000000 1000000 1000000 1000000 1000000 1000000 1000000 1000000 1000000 1000000 1000000 1000000 1000000 1000000 1000000 1000000 1000000 1000000 1000000 1000000 1000000 1000000 1000000 1000000 1000000 1000000 1000000 1000000 1000000 
0 1000000 1000000 1000000 1000000 1000000 1000000 1000000 1000000 1000000 1000000 1000000 1000000 1000000 1000000 1000000 1000000 1000000 1000000 1000000 1000000 1000000 1000000 1000000 1000000 1000000 1000000 1000000 1000000 1000000 1000000 1000000 1000000 1000000 1000000 1000000 1000000 1000000 1000000 
EOF
