NAME : Gaspelle36-5-f
TYPE : ATSP
DIMENSION : 46
EDGE_WEIGHT_TYPE : EXPLICIT
EDGE_WEIGHT_FORMAT : FULL_MATRIX
EDGE_WEIGHT_SECTION
1000000 1000000 1000000 1000000 1000000 2786 1887 1166 1077 1720 2600 2600 1600 600 400 1400 2400 2786 1887 1166 1077 1720 2600 3280 2561 2088 2040 2441 3124 3970 3400 3059 3027 3311 3842 4771 4308 4045 4020 4238 4665 0 1000000 1000000 1000000 1000000 
1000000 1000000 1000000 1000000 1000000 2550 1924 1703 2025 2702 3536 2025 1140 707 1304 2214 3178 1924 949 316 1140 2121 3114 2302 1581 1304 1703 2470 3362 2983 2470 2302 2550 3114 3860 3808 3421 3302 3479 3912 4528 1000000 0 1000000 1000000 1000000 
1000000 1000000 1000000 1000000 1000000 2319 1334 424 762 1726 2717 2404 1476 762 990 1838 2789 2860 2140 1726 1838 2404 3191 3547 2997 2717 2789 3191 3818 4357 3922 3712 3766 4072 4580 5233 4876 4710 4752 4998 5420 1000000 1000000 0 1000000 1000000 
1000000 1000000 1000000 1000000 1000000 4025 3688 3606 3795 4219 4817 3162 2720 2608 2864 3406 4123 2408 1789 1612 2000 2720 3578 1897 1000 632 1342 2280 3256 1844 894 447 1265 2236 3225 2280 1612 1414 1844 2608 3493 1000000 1000000 1000000 0 1000000 
1000000 1000000 1000000 1000000 1000000 3183 2555 2220 2309 2780 3483 2594 1769 1237 1389 2081 2955 2309 1315 361 728 1712 2707 2435 1526 854 1063 1879 2816 2921 2220 1825 1931 2476 3245 3624 3087 2816 2886 3276 3890 1000000 1000000 1000000 1000000 0 
1000000 1000000 1000000 1000000 1000000 0 1000 2000 3000 4000 5000 1000 1414 2236 3162 4123 5099 2000 2236 2828 3606 4472 5385 3000 3162 3606 4243 5000 5831 4000 4123 4472 5000 5657 6403 5000 5099 5385 5831 6403 7071 2786 2550 2319 4025 3183 
1000000 1000000 1000000 1000000 1000000 1000 0 1000 2000 3000 4000 1414 1000 1414 2236 3162 4123 2236 2000 2236 2828 3606 4472 3162 3000 3162 3606 4243 5000 4123 4000 4123 4472 5000 5657 5099 5000 5099 5385 5831 6403 1887 1924 1334 3688 2555 
1000000 1000000 1000000 1000000 1000000 2000 1000 0 1000 2000 3000 2236 1414 1000 1414 2236 3162 2828 2236 2000 2236 2828 3606 3606 3162 3000 3162 3606 4243 4472 4123 4000 4123 4472 5000 5385 5099 5000 5099 5385 5831 1166 1703 424 3606 2220 
1000000 1000000 1000000 1000000 1000000 3000 2000 1000 0 1000 2000 3162 2236 1414 1000 1414 2236 3606 2828 2236 2000 2236 2828 4243 3606 3162 3000 3162 3606 5000 4472 4123 4000 4123 4472 5831 5385 5099 5000 5099 5385 1077 2025 762 3795 2309 
1000000 1000000 1000000 1000000 1000000 4000 3000 2000 1000 0 1000 4123 3162 2236 1414 1000 1414 4472 3606 2828 2236 2000 2236 5000 4243 3606 3162 3000 3162 5657 5000 4472 4123 4000 4123 6403 5831 5385 5099 5000 5099 1720 2702 1726 4219 2780 
1000000 1000000 1000000 1000000 1000000 5000 4000 3000 2000 1000 0 5099 4123 3162 2236 1414 1000 5385 4472 3606 2828 2236 2000 5831 5000 4243 3606 3162 3000 6403 5657 5000 4472 4123 4000 7071 6403 5831 5385 5099 5000 2600 3536 2717 4817 3483 
1000000 1000000 1000000 1000000 1000000 1000 1414 2236 3162 4123 5099 0 1000 2000 3000 4000 5000 1000 1414 2236 3162 4123 5099 2000 2236 2828 3606 4472 5385 3000 3162 3606 4243 5000 5831 4000 4123 4472 5000 5657 6403 2600 2025 2404 3162 2594 
1000000 1000000 1000000 1000000 1000000 1414 1000 1414 2236 3162 4123 1000 0 1000 2000 3000 4000 1414 1000 1414 2236 3162 4123 2236 2000 2236 2828 3606 4472 3162 3000 3162 3606 4243 5000 4123 4000 4123 4472 5000 5657 1600 1140 1476 2720 1769 
1000000 1000000 1000000 1000000 1000000 2236 1414 1000 1414 2236 3162 2000 1000 0 1000 2000 3000 2236 1414 1000 1414 2236 3162 2828 2236 2000 2236 2828 3606 3606 3162 3000 3162 3606 4243 4472 4123 4000 4123 4472 5000 600 707 762 2608 1237 
1000000 1000000 1000000 1000000 1000000 3162 2236 1414 1000 1414 2236 3000 2000 1000 0 1000 2000 3162 2236 1414 1000 1414 2236 3606 2828 2236 2000 2236 2828 4243 3606 3162 3000 3162 3606 5000 4472 4123 4000 4123 4472 400 1304 990 2864 1389 
1000000 1000000 1000000 1000000 1000000 4123 3162 2236 1414 1000 1414 4000 3000 2000 1000 0 1000 4123 3162 2236 1414 1000 1414 4472 3606 2828 2236 2000 2236 5000 4243 3606 3162 3000 3162 5657 5000 4472 4123 4000 4123 1400 2214 1838 3406 2081 
1000000 1000000 1000000 1000000 1000000 5099 4123 3162 2236 1414 1000 5000 4000 3000 2000 1000 0 5099 4123 3162 2236 1414 1000 5385 4472 3606 2828 2236 2000 5831 5000 4243 3606 3162 3000 6403 5657 5000 4472 4123 4000 2400 3178 2789 4123 2955 
1000000 1000000 1000000 1000000 1000000 2000 2236 2828 3606 4472 5385 1000 1414 2236 3162 4123 5099 0 1000 2000 3000 4000 5000 1000 1414 2236 3162 4123 5099 2000 2236 2828 3606 4472 5385 3000 3162 3606 4243 5000 5831 2786 1924 2860 2408 2309 
1000000 1000000 1000000 1000000 1000000 2236 2000 2236 2828 3606 4472 1414 1000 1414 2236 3162 4123 1000 0 1000 2000 3000 4000 1414 1000 1414 2236 3162 4123 2236 2000 2236 2828 3606 4472 3162 3000 3162 3606 4243 5000 1887 949 2140 1789 1315 
1000000 1000000 1000000 1000000 1000000 2828 2236 2000 2236 2828 3606 2236 1414 1000 1414 2236 3162 2000 1000 0 1000 2000 3000 2236 1414 1000 1414 2236 3162 2828 2236 2000 2236 2828 3606 3606 3162 3000 3162 3606 4243 1166 316 1726 1612 361 
1000000 1000000 1000000 1000000 1000000 3606 2828 2236 2000 2236 2828 3162 2236 1414 1000 1414 2236 3000 2000 1000 0 1000 2000 3162 2236 1414 1000 1414 2236 3606 2828 2236 2000 2236 2828 4243 3606 3162 3000 3162 3606 1077 1140 1838 2000 728 
1000000 1000000 1000000 1000000 1000000 4472 3606 2828 2236 2000 2236 4123 3162 2236 1414 1000 1414 4000 3000 2000 1000 0 1000 4123 3162 2236 1414 1000 1414 4472 3606 2828 2236 2000 2236 5000 4243 3606 3162 3000 3162 1720 2121 2404 2720 1712 
1000000 1000000 1000000 1000000 1000000 5385 4472 3606 2828 2236 2000 5099 4123 3162 2236 1414 1000 5000 4000 3000 2000 1000 0 5099 4123 3162 2236 1414 1000 5385 4472 3606 2828 2236 2000 5831 5000 4243 3606 3162 3000 2600 3114 3191 3578 2707 
1000000 1000000 1000000 1000000 1000000 3000 3162 3606 4243 5000 5831 2000 2236 2828 3606 4472 5385 1000 1414 2236 3162 4123 5099 0 1000 2000 3000 4000 5000 1000 1414 2236 3162 4123 5099 2000 2236 2828 3606 4472 5385 3280 2302 3547 1897 2435 
1000000 1000000 1000000 1000000 1000000 3162 3000 3162 3606 4243 5000 2236 2000 2236 2828 3606 4472 1414 1000 1414 2236 3162 4123 1000 0 1000 2000 3000 4000 1414 1000 1414 2236 3162 4123 2236 2000 2236 2828 3606 4472 2561 1581 2997 1000 1526 
1000000 1000000 1000000 1000000 1000000 3606 3162 3000 3162 3606 4243 2828 2236 2000 2236 2828 3606 2236 1414 1000 1414 2236 3162 2000 1000 0 1000 2000 3000 2236 1414 1000 1414 2236 3162 2828 2236 2000 2236 2828 3606 2088 1304 2717 632 854 
1000000 1000000 1000000 1000000 1000000 4243 3606 3162 3000 3162 3606 3606 2828 2236 2000 2236 2828 3162 2236 1414 1000 1414 2236 3000 2000 1000 0 1000 2000 3162 2236 1414 1000 1414 2236 3606 2828 2236 2000 2236 2828 2040 1703 2789 1342 1063 
1000000 1000000 1000000 1000000 1000000 5000 4243 3606 3162 3000 3162 4472 3606 2828 2236 2000 2236 4123 3162 2236 1414 1000 1414 4000 3000 2000 1000 0 1000 4123 3162 2236 1414 1000 1414 4472 3606 2828 2236 2000 2236 2441 2470 3191 2280 1879 
1000000 1000000 1000000 1000000 1000000 5831 5000 4243 3606 3162 3000 5385 4472 3606 2828 2236 2000 5099 4123 3162 2236 1414 1000 5000 4000 3000 2000 1000 0 5099 4123 3162 2236 1414 1000 5385 4472 3606 2828 2236 2000 3124 3362 3818 3256 2816 
1000000 1000000 1000000 1000000 1000000 4000 4123 4472 5000 5657 6403 3000 3162 3606 4243 5000 5831 2000 2236 2828 3606 4472 5385 1000 1414 2236 3162 4123 5099 0 1000 2000 3000 4000 5000 1000 1414 2236 3162 4123 5099 3970 2983 4357 1844 2921 
1000000 1000000 1000000 1000000 1000000 4123 4000 4123 4472 5000 5657 3162 3000 3162 3606 4243 5000 2236 2000 2236 2828 3606 4472 1414 1000 1414 2236 3162 4123 1000 0 1000 2000 3000 4000 1414 1000 1414 2236 3162 4123 3400 2470 3922 894 2220 
1000000 1000000 1000000 1000000 1000000 4472 4123 4000 4123 4472 5000 3606 3162 3000 3162 3606 4243 2828 2236 2000 2236 2828 3606 2236 1414 1000 1414 2236 3162 2000 1000 0 1000 2000 3000 2236 1414 1000 1414 2236 3162 3059 2302 3712 447 1825 
1000000 1000000 1000000 1000000 1000000 5000 4472 4123 4000 4123 4472 4243 3606 3162 3000 3162 3606 3606 2828 2236 2000 2236 2828 3162 2236 1414 1000 1414 2236 3000 2000 1000 0 1000 2000 3162 2236 1414 1000 1414 2236 3027 2550 3766 1265 1931 
1000000 1000000 1000000 1000000 1000000 5657 5000 4472 4123 4000 4123 5000 4243 3606 3162 3000 3162 4472 3606 2828 2236 2000 2236 4123 3162 2236 1414 1000 1414 4000 3000 2000 1000 0 1000 4123 3162 2236 1414 1000 1414 3311 3114 4072 2236 2476 
1000000 1000000 1000000 1000000 1000000 6403 5657 5000 4472 4123 4000 5831 5000 4243 3606 3162 3000 5385 4472 3606 2828 2236 2000 5099 4123 3162 2236 1414 1000 5000 4000 3000 2000 1000 0 5099 4123 3162 2236 1414 1000 3842 3860 4580 3225 3245 
1000000 1000000 1000000 1000000 1000000 5000 5099 5385 5831 6403 7071 4000 4123 4472 5000 5657 6403 3000 3162 3606 4243 5000 5831 2000 2236 2828 3606 4472 5385 1000 1414 2236 3162 4123 5099 0 1000 2000 3000 4000 5000 4771 3808 5233 2280 3624 
1000000 1000000 1000000 1000000 1000000 5099 5000 5099 5385 5831 6403 4123 4000 4123 4472 5000 5657 3162 3000 3162 3606 4243 5000 2236 2000 2236 2828 3606 4472 1414 1000 1414 2236 3162 4123 1000 0 1000 2000 3000 4000 4308 3421 4876 1612 3087 
1000000 1000000 1000000 1000000 1000000 5385 5099 5000 5099 5385 5831 4472 4123 4000 4123 4472 5000 3606 3162 3000 3162 3606 4243 2828 2236 2000 2236 2828 3606 2236 1414 1000 1414 2236 3162 2000 1000 0 1000 2000 3000 4045 3302 4710 1414 2816 
1000000 1000000 1000000 1000000 1000000 5831 5385 5099 5000 5099 5385 5000 4472 4123 4000 4123 4472 4243 3606 3162 3000 3162 3606 3606 2828 2236 2000 2236 2828 3162 2236 1414 1000 1414 2236 3000 2000 1000 0 1000 2000 4020 3479 4752 1844 2886 
1000000 1000000 1000000 1000000 1000000 6403 5831 5385 5099 5000 5099 5657 5000 4472 4123 4000 4123 5000 4243 3606 3162 3000 3162 4472 3606 2828 2236 2000 2236 4123 3162 2236 1414 1000 1414 4000 3000 2000 1000 0 1000 4238 3912 4998 2608 3276 
1000000 1000000 1000000 1000000 1000000 7071 6403 5831 5385 5099 5000 6403 5657 5000 4472 4123 4000 5831 5000 4243 3606 3162 3000 5385 4472 3606 2828 2236 2000 5099 4123 3162 2236 1414 1000 5000 4000 3000 2000 1000 0 4665 4528 5420 3493 3890 
1000000 0 1000000 1000000 1000000 1000000 1000000 1000000 1000000 1000000 1000000 1000000 1000000 1000000 1000000 1000000 1000000 1000000 1000000 1000000 1000000 1000000 1000000 1000000 1000000 1000000 1000000 1000000 1000000 1000000 1000000 1000000 1000000 1000000 1000000 1000000 1000000 1000000 1000000 1000000 1000000 1000000 1000000 1000000 1000000 1000000 
1000000 1000000 0 1000000 1000000 1000000 1000000 1000000 1000000 1000000 1000000 1000000 1000000 1000000 1000000 1000000 1000000 1000000 1000000 1000000 1000000 1000000 1000000 1000000 1000000 1000000 1000000 1000000 1000000 1000000 1000000 1000000 1000000 1000000 1000000 1000000 1000000 1000000 1000000 1000000 1000000 1000000 1000000 1000000 1000000 1000000 
1000000 1000000 1000000 0 1000000 1000000 1000000 1000000 1000000 1000000 1000000 1000000 1000000 1000000 1000000 1000000 1000000 1000000 1000000 1000000 1000000 1000000 1000000 1000000 1000000 1000000 1000000 1000000 1000000 1000000 1000000 1000000 1000000 1000000 1000000 1000000 1000000 1000000 1000000 1000000 1000000 1000000 1000000 1000000 1000000 1000000 
1000000 1000000 1000000 1000000 0 1000000 1000000 1000000 1000000 1000000 1000000 1000000 1000000 1000000 1000000 1000000 1000000 1000000 1000000 1000000 1000000 1000000 1000000 1000000 1000000 1000000 1000000 1000000 1000000 1000000 1000000 1000000 1000000 1000000 1000000 1000000 1000000 1000000 1000000 1000000 1000000 1000000 1000000 1000000 1000000 1000000 
0 1000000 1000000 1000000 1000000 1000000 1000000 1000000 1000000 1000000 1000000 1000000 1000000 1000000 1000000 1000000 1000000 1000000 1000000 1000000 1000000 1000000 1000000 1000000 1000000 1000000 1000000 1000000 1000000 1000000 1000000 1000000 1000000 1000000 1000000 1000000 1000000 1000000 1000000 1000000 1000000 1000000 1000000 1000000 1000000 1000000 
EOF
