NAME : Gaspelle32-5-f
TYPE : ATSP
DIMENSION : 42
EDGE_WEIGHT_TYPE : EXPLICIT
EDGE_WEIGHT_FORMAT : FULL_MATRIX
EDGE_WEIGHT_SECTION
1000000 1000000 1000000 1000000 1000000 3493 4610 5187 8237 5614 5704 5803 5903 6003 5930 5000 4752 4079 3220 3624 5109 4140 5818 5780 7201 6796 6466 7517 6640 4528 3467 3900 3471 2100 1360 2602 5504 0 1000000 1000000 1000000 1000000 
1000000 1000000 1000000 1000000 1000000 2865 3493 5345 6335 2617 2408 2402 2000 2002 1600 2377 3138 2360 3105 2746 6845 2617 1000 1140 2209 1513 2102 3640 3636 3008 4061 4617 5337 5901 5284 3912 2040 1000000 0 1000000 1000000 1000000 
1000000 1000000 1000000 1000000 1000000 1300 3000 4305 7004 3700 3736 3833 3847 3946 3805 3008 3002 1900 1000 1421 4924 2081 3606 3581 5091 4623 4393 5644 4885 2693 2110 2864 2953 2470 1442 860 3453 1000000 1000000 0 1000000 1000000 
1000000 1000000 1000000 1000000 1000000 2022 3744 4941 7723 4460 4492 4588 4589 4687 4528 3764 3759 2617 1530 1897 4346 2360 4072 4025 5420 5025 4686 5780 4940 2780 1868 2502 2404 1720 1503 1562 4198 1000000 1000000 1000000 0 1000000 
1000000 1000000 1000000 1000000 1000000 3239 4876 5869 8780 5661 5701 5797 5805 5903 5743 4973 4924 3833 2702 3027 3833 3324 5124 5060 6313 6001 5557 6438 5517 3523 2335 2642 2159 825 2025 2683 5413 1000000 1000000 1000000 1000000 0 
1000000 1000000 1000000 1000000 1000000 0 2110 3808 6122 2506 2508 2600 2571 2668 2508 1789 1985 600 781 922 5673 1703 2625 2640 4272 3701 3667 5124 4540 2518 2581 3384 3748 3640 2419 1063 2184 3493 2865 1300 2022 3239 
1000000 1000000 1000000 1000000 1000000 2110 0 1910 4036 1253 1442 1526 1844 1921 2126 1118 361 1868 2884 2997 7762 3700 3847 3932 5532 4851 5124 6712 6320 4522 4687 5492 5814 5464 3256 2195 1562 4610 3493 3000 3744 4876 
1000000 1000000 1000000 1000000 1000000 3808 1910 0 3102 2818 3041 3089 3489 3536 3848 2983 2236 3712 4522 4730 9228 5492 5756 5842 7433 6747 7035 8621 8205 6315 6277 7077 7256 6595 3905 3448 3324 5187 5345 4305 4941 5869 
1000000 1000000 1000000 1000000 1000000 6122 4036 3102 0 3940 4085 4050 4397 4368 4780 4565 4140 5769 6903 6963 11792 7580 7117 7242 8533 7845 8393 9969 9835 8373 8701 9500 9849 9437 6912 6162 4531 8237 6335 7004 7723 8780 
1000000 1000000 1000000 1000000 1000000 2506 1253 2818 3940 0 224 283 671 721 1044 721 949 2000 3245 3189 8066 3701 3239 3354 4801 4101 4540 6140 5920 4465 4958 5728 6201 6133 4300 3041 608 5614 2617 3700 4460 5661 
1000000 1000000 1000000 1000000 1000000 2508 1442 3041 4085 224 0 100 447 500 825 728 1118 1972 3225 3140 8006 3612 3059 3178 4600 3900 4357 5954 5757 4360 4904 5664 6161 6147 4405 3114 447 5704 2408 3736 4492 5701 
1000000 1000000 1000000 1000000 1000000 2600 1526 3089 4050 283 100 0 412 447 806 825 1208 2059 3312 3220 8081 3680 3081 3202 4601 3901 4374 5968 5787 4420 4982 5738 6243 6239 4504 3214 500 5803 2402 3833 4588 5797 
1000000 1000000 1000000 1000000 1000000 2571 1844 3489 4397 671 447 412 0 100 400 922 1500 1992 3231 3089 7903 3471 2720 2846 4205 3506 4002 5590 5442 4177 4826 5561 6106 6198 4639 3302 400 5903 2000 3847 4589 5805 
1000000 1000000 1000000 1000000 1000000 2668 1921 3536 4368 721 500 447 100 0 412 1020 1581 2088 3324 3176 7981 3547 2751 2879 4211 3513 4026 5609 5478 4245 4909 5640 6191 6294 4738 3401 500 6003 2002 3946 4687 5903 
1000000 1000000 1000000 1000000 1000000 2508 2126 3848 4780 1044 825 806 400 412 0 1082 1769 1910 3105 2915 7661 3220 2341 2470 3805 3106 3614 5197 5070 3890 4614 5325 5906 6088 4707 3338 566 5930 1600 3805 4528 5743 
1000000 1000000 1000000 1000000 1000000 1789 1118 2983 4565 721 728 825 922 1020 1082 0 762 1281 2524 2476 7355 3023 2802 2900 4455 3766 4100 5701 5394 3808 4245 5021 5482 5423 3722 2402 539 5000 2377 3008 3764 4973 
1000000 1000000 1000000 1000000 1000000 1985 361 2236 4140 949 1118 1208 1500 1581 1769 762 0 1655 2766 2830 7658 3493 3523 3612 5197 4512 4809 6403 6041 4308 4561 5360 5728 5471 3413 2247 1204 4752 3138 3002 3759 4924 
1000000 1000000 1000000 1000000 1000000 600 1868 3712 5769 2000 1972 2059 1992 2088 1910 1281 1655 0 1253 1204 6081 1838 2283 2326 3981 3362 3448 4982 4500 2657 2970 3754 4201 4206 2955 1565 1616 4079 2360 1900 2617 3833 
1000000 1000000 1000000 1000000 1000000 781 2884 4522 6903 3245 3225 3312 3231 3324 3105 2524 2766 1253 0 424 4892 1170 2608 2581 4104 3624 3421 4742 4052 1910 1803 2608 2973 2983 2408 1334 2864 3220 3105 1000 1530 2702 
1000000 1000000 1000000 1000000 1000000 922 2997 4730 6963 3189 3140 3220 3089 3176 2915 2476 2830 1204 424 0 4880 806 2195 2163 3680 3202 3000 4346 3688 1603 1769 2550 3023 3225 2832 1709 2746 3624 2746 1421 1897 3027 
1000000 1000000 1000000 1000000 1000000 5673 7762 9228 11792 8066 8006 8081 7903 7981 7661 7355 7658 6081 4892 4880 0 4441 5869 5738 6041 6161 5394 5235 4305 3847 3111 2343 1972 3015 5728 5780 7593 5109 6845 4924 4346 3833 
1000000 1000000 1000000 1000000 1000000 1703 3700 5492 7580 3701 3612 3680 3471 3547 3220 3023 3493 1838 1170 806 4441 0 1825 1746 3061 2683 2335 3578 2886 825 1456 2110 2751 3324 3523 2500 3183 4140 2617 2081 2360 3324 
1000000 1000000 1000000 1000000 1000000 2625 3847 5756 7117 3239 3059 3081 2720 2751 2341 2802 3523 2283 2608 2195 5869 1825 0 141 1709 1082 1304 2907 2731 2062 3202 3688 4441 5148 4968 3680 2631 5818 1000 3606 4072 5124 
1000000 1000000 1000000 1000000 1000000 2640 3932 5842 7242 3354 3178 3202 2846 2879 2470 2900 3612 2326 2581 2163 5738 1746 141 0 1655 1063 1200 2802 2600 1942 3100 3569 4329 5064 4958 3688 2746 5780 1140 3581 4025 5060 
1000000 1000000 1000000 1000000 1000000 4272 5532 7433 8533 4801 4600 4601 4205 4211 3805 4455 5197 3981 4104 3680 6041 3061 1709 1655 0 700 762 1526 1924 2823 4085 4276 5099 6147 6512 5301 4205 7201 2209 5091 5420 6313 
1000000 1000000 1000000 1000000 1000000 3701 4851 6747 7845 4101 3900 3901 3506 3513 3106 3766 4512 3362 3624 3202 6161 2683 1082 1063 700 0 806 2154 2335 2631 3883 4201 5009 5920 6014 4751 3506 6796 1513 4623 5025 6001 
1000000 1000000 1000000 1000000 1000000 3667 5124 7035 8393 4540 4357 4374 4002 4026 3614 4100 4809 3448 3421 3000 5394 2335 1304 1200 762 806 0 1603 1562 2062 3324 3536 4357 5385 5826 4665 3932 6466 2102 4393 4686 5557 
1000000 1000000 1000000 1000000 1000000 5124 6712 8621 9969 6140 5954 5968 5590 5609 5197 5701 6403 4982 4742 4346 5235 3578 2907 2802 1526 2154 1603 0 985 3000 4104 3996 4789 6080 7083 6054 5533 7517 3640 5644 5780 6438 
1000000 1000000 1000000 1000000 1000000 4540 6320 8205 9835 5920 5757 5787 5442 5478 5070 5394 6041 4500 4052 3688 4305 2886 2731 2600 1924 2335 1562 985 0 2193 3189 3023 3808 5122 6307 5385 5316 6640 3636 4885 4940 5517 
1000000 1000000 1000000 1000000 1000000 2518 4522 6315 8373 4465 4360 4420 4177 4245 3890 3808 4308 2657 1910 1603 3847 825 2062 1942 2823 2631 2062 3000 2193 0 1265 1628 2402 3324 4115 3239 3920 4528 3008 2693 2780 3523 
1000000 1000000 1000000 1000000 1000000 2581 4687 6277 8701 4958 4904 4982 4826 4909 4614 4245 4561 2970 1803 1769 3111 1456 3202 3100 4085 3883 3324 4104 3189 1265 0 806 1300 2062 3354 2886 4500 3467 4061 2110 1868 2335 
1000000 1000000 1000000 1000000 1000000 3384 5492 7077 9500 5728 5664 5738 5561 5640 5325 5021 5360 3754 2608 2550 2343 2110 3688 3569 4276 4201 3536 3996 3023 1628 806 0 825 2121 4005 3669 5250 3900 4617 2864 2502 2642 
1000000 1000000 1000000 1000000 1000000 3748 5814 7256 9849 6201 6161 6243 6106 6191 5906 5482 5728 4201 2973 3023 1972 2751 4441 4329 5099 5009 4357 4789 3808 2402 1300 825 0 1476 3847 3808 5769 3471 5337 2953 2404 2159 
1000000 1000000 1000000 1000000 1000000 3640 5464 6595 9437 6133 6147 6239 6198 6294 6088 5423 5471 4206 2983 3225 3015 3324 5148 5064 6147 5920 5385 6080 5122 3324 2062 2121 1476 0 2818 3280 5819 2100 5901 2470 1720 825 
1000000 1000000 1000000 1000000 1000000 2419 3256 3905 6912 4300 4405 4504 4639 4738 4707 3722 3413 2955 2408 2832 5728 3523 4968 4958 6512 6014 5826 7083 6307 4115 3354 4005 3847 2818 0 1393 4243 1360 5284 1442 1503 2025 
1000000 1000000 1000000 1000000 1000000 1063 2195 3448 6162 3041 3114 3214 3302 3401 3338 2402 2247 1565 1334 1709 5780 2500 3680 3688 5301 4751 4665 6054 5385 3239 2886 3669 3808 3280 1393 0 2902 2602 3912 860 1562 2683 
1000000 1000000 1000000 1000000 1000000 2184 1562 3324 4531 608 447 500 400 500 566 539 1204 1616 2864 2746 7593 3183 2631 2746 4205 3506 3932 5533 5316 3920 4500 5250 5769 5819 4243 2902 0 5504 2040 3453 4198 5413 
1000000 0 1000000 1000000 1000000 1000000 1000000 1000000 1000000 1000000 1000000 1000000 1000000 1000000 1000000 1000000 1000000 1000000 1000000 1000000 1000000 1000000 1000000 1000000 1000000 1000000 1000000 1000000 1000000 1000000 1000000 1000000 1000000 1000000 1000000 1000000 1000000 1000000 1000000 1000000 1000000 1000000 
1000000 1000000 0 1000000 1000000 1000000 1000000 1000000 1000000 1000000 1000000 1000000 1000000 1000000 1000000 1000000 1000000 1000000 1000000 1000000 1000000 1000000 1000000 1000000 1000000 1000000 1000000 1000000 1000000 1000000 1000000 1000000 1000000 1000000 1000000 1000000 1000000 1000000 1000000 1000000 1000000 1000000 
1000000 1000000 1000000 0 1000000 1000000 1000000 1000000 1000000 1000000 1000000 1000000 1000000 1000000 1000000 1000000 1000000 1000000 1000000 1000000 1000000 1000000 1000000 1000000 1000000 1000000 1000000 1000000 1000000 1000000 1000000 1000000 1000000 1000000 1000000 1000000 1000000 1000000 1000000 1000000 1000000 1000000 
1000000 1000000 1000000 1000000 0 1000000 1000000 1000000 1000000 1000000 1000000 1000000 1000000 1000000 1000000 1000000 1000000 1000000 1000000 1000000 1000000 1000000 1000000 1000000 1000000 1000000 1000000 1000000 1000000 1000000 1000000 1000000 1000000 1000000 1000000 1000000 1000000 1000000 1000000 1000000 1000000 1000000 
0 1000000 1000000 1000000 1000000 1000000 1000000 1000000 1000000 1000000 1000000 1000000 1000000 1000000 1000000 1000000 1000000 1000000 1000000 1000000 1000000 1000000 1000000 1000000 1000000 1000000 1000000 1000000 1000000 1000000 1000000 1000000 1000000 1000000 1000000 1000000 1000000 1000000 1000000 1000000 1000000 1000000 
EOF
