NAME : Gaspelle21-5-f
TYPE : ATSP
DIMENSION : 31
EDGE_WEIGHT_TYPE : EXPLICIT
EDGE_WEIGHT_FORMAT : FULL_MATRIX
EDGE_WEIGHT_SECTION
1000000 1000000 1000000 1000000 1000000 7159 7084 6030 5855 5948 5295 5412 4540 4993 3985 3785 3048 2119 1720 3130 1300 1105 2802 860 2102 1237 0 1000000 1000000 1000000 1000000 
1000000 1000000 1000000 1000000 1000000 2816 2884 2140 2121 2236 949 1868 224 2002 707 1616 2385 2693 2915 3581 3106 4418 4875 5000 5337 5515 1000000 0 1000000 1000000 1000000 
1000000 1000000 1000000 1000000 1000000 5029 5054 3847 3688 4111 3162 3607 2377 3360 2000 1700 2002 728 1281 2912 1118 2550 3624 2789 3636 3413 1000000 1000000 0 1000000 1000000 
1000000 1000000 1000000 1000000 1000000 6161 6110 5049 4884 5025 4295 4494 3536 4123 3008 2846 2302 1281 985 2729 447 1487 2915 1700 2617 2209 1000000 1000000 1000000 0 1000000 
1000000 1000000 1000000 1000000 1000000 7084 7111 5704 5500 6103 5220 5580 4427 5240 4031 3400 3441 1703 2110 3764 1581 1942 3622 806 2955 1860 1000000 1000000 1000000 1000000 0 
1000000 1000000 1000000 1000000 1000000 0 854 2326 2594 2081 1868 2417 2657 3046 3214 4022 4727 5463 5622 5749 5886 7111 7218 7816 7910 8287 7159 2816 5029 6161 7084 
1000000 1000000 1000000 1000000 1000000 854 0 2983 3228 1456 1985 1910 2780 2532 3102 4314 4410 5576 5457 5324 5787 6905 6818 7800 7611 8149 7084 2884 5054 6110 7111 
1000000 1000000 1000000 1000000 1000000 2326 2983 0 283 3373 1789 3324 1921 3759 2843 2309 4522 4001 4870 5720 4924 6332 6984 6501 7339 7256 6030 2140 3847 5049 5704 
1000000 1000000 1000000 1000000 1000000 2594 3228 283 0 3536 1897 3448 1910 3848 2828 2100 4482 3801 4754 5685 4780 6198 6912 6301 7224 7086 5855 2121 3688 4884 5500 
1000000 1000000 1000000 1000000 1000000 2081 1456 3373 3536 0 1703 539 2247 1100 2121 3848 3081 4738 4254 3901 4653 5632 5401 6723 6251 6929 5948 2236 4111 5025 6103 
1000000 1000000 1000000 1000000 1000000 1868 1985 1789 1897 1703 0 1552 806 1972 1414 2343 3068 3624 3800 4205 4031 5301 5597 5948 6166 6438 5295 949 3162 4295 5220 
1000000 1000000 1000000 1000000 1000000 2417 1910 3324 3448 539 1552 0 1924 632 1640 3479 2550 4252 3716 3413 4118 5096 4909 6191 5731 6391 5412 1868 3607 4494 5580 
1000000 1000000 1000000 1000000 1000000 2657 2780 1921 1910 2247 806 1924 0 2121 922 1612 2608 2818 3126 3801 3302 4627 5099 5166 5554 5708 4540 224 2377 3536 4427 
1000000 1000000 1000000 1000000 1000000 3046 2532 3759 3848 1100 1972 632 2121 0 1552 3536 2025 4050 3276 2802 3720 4588 4301 5801 5162 5909 4993 2002 3360 4123 5240 
1000000 1000000 1000000 1000000 1000000 3214 3102 2843 2828 2121 1414 1640 922 1552 0 2002 1700 2617 2408 2884 2693 3901 4215 4701 4752 5080 3985 707 2000 3008 4031 
1000000 1000000 1000000 1000000 1000000 4022 4314 2309 2100 3848 2343 3479 1612 3536 2002 0 3130 1703 2921 4272 2818 4249 5235 4201 5334 5022 3785 1616 1700 2846 3400 
1000000 1000000 1000000 1000000 1000000 4727 4410 4522 4482 3081 3068 2550 2608 2025 1700 3130 0 2717 1345 1204 1860 2563 2530 3890 3202 3891 3048 2385 2002 2302 3441 
1000000 1000000 1000000 1000000 1000000 5463 5576 4001 3801 4738 3624 4252 2818 4050 2617 1703 2717 0 1803 3551 1442 2766 4082 2500 3895 3353 2119 2693 728 1281 1703 
1000000 1000000 1000000 1000000 1000000 5622 5457 4870 4754 4254 3800 3716 3126 3276 2408 2921 1345 1803 0 1800 539 1503 2343 2550 2470 2693 1720 2915 1281 985 2110 
1000000 1000000 1000000 1000000 1000000 5749 5324 5720 5685 3901 4205 3413 3801 2802 2884 4272 1204 3551 1800 0 2309 2267 1500 3982 2470 3607 3130 3581 2912 2729 3764 
1000000 1000000 1000000 1000000 1000000 5886 5787 4924 4780 4653 4031 4118 3302 3720 2693 2818 1860 1442 539 2309 0 1432 2642 2081 2524 2408 1300 3106 1118 447 1581 
1000000 1000000 1000000 1000000 1000000 7111 6905 6332 6198 5632 5301 5096 4627 4588 3901 4249 2563 2766 1503 2267 1432 0 1700 1844 1131 1360 1105 4418 2550 1487 1942 
1000000 1000000 1000000 1000000 1000000 7218 6818 6984 6912 5401 5597 4909 5099 4301 4215 5235 2530 4082 2343 1500 2642 1700 0 3523 1204 2731 2802 4875 3624 2915 3622 
1000000 1000000 1000000 1000000 1000000 7816 7800 6501 6301 6723 5948 6191 5166 5801 4701 4201 3890 2500 2550 3982 2081 1844 3523 0 2631 1221 860 5000 2789 1700 806 
1000000 1000000 1000000 1000000 1000000 7910 7611 7339 7224 6251 6166 5731 5554 5162 4752 5334 3202 3895 2470 2470 2524 1131 1204 2631 0 1628 2102 5337 3636 2617 2955 
1000000 1000000 1000000 1000000 1000000 8287 8149 7256 7086 6929 6438 6391 5708 5909 5080 5022 3891 3353 2693 3607 2408 1360 2731 1221 1628 0 1237 5515 3413 2209 1860 
1000000 0 1000000 1000000 1000000 1000000 1000000 1000000 1000000 1000000 1000000 1000000 1000000 1000000 1000000 1000000 1000000 1000000 1000000 1000000 1000000 1000000 1000000 1000000 1000000 1000000 1000000 1000000 1000000 1000000 1000000 
1000000 1000000 0 1000000 1000000 1000000 1000000 1000000 1000000 1000000 1000000 1000000 1000000 1000000 1000000 1000000 1000000 1000000 1000000 1000000 1000000 1000000 1000000 1000000 1000000 1000000 1000000 1000000 1000000 1000000 1000000 
1000000 1000000 1000000 0 1000000 1000000 1000000 1000000 1000000 1000000 1000000 1000000 1000000 1000000 1000000 1000000 1000000 1000000 1000000 1000000 1000000 1000000 1000000 1000000 1000000 1000000 1000000 1000000 1000000 1000000 1000000 
1000000 1000000 1000000 1000000 0 1000000 1000000 1000000 1000000 1000000 1000000 1000000 1000000 1000000 1000000 1000000 1000000 1000000 1000000 1000000 1000000 1000000 1000000 1000000 1000000 1000000 1000000 1000000 1000000 1000000 1000000 
0 1000000 1000000 1000000 1000000 1000000 1000000 1000000 1000000 1000000 1000000 1000000 1000000 1000000 1000000 1000000 1000000 1000000 1000000 1000000 1000000 1000000 1000000 1000000 1000000 1000000 1000000 1000000 1000000 1000000 1000000 
EOF
