NAME : Min134-8-f
TYPE : ATSP
DIMENSION : 150
EDGE_WEIGHT_TYPE : EXPLICIT
EDGE_WEIGHT_FORMAT : FULL_MATRIX
EDGE_WEIGHT_SECTION
1000000 1000000 1000000 1000000 1000000 1000000 1000000 1000000 14462 15762 14475 15845 17418 16197 14900 16164 15499 16633 16031 16943 14905 11962 17008 15000 18456 17473 11064 17705 15447 15133 16933 9126 16580 18021 16877 14835 19640 35327 35729 20333 21948 33874 27224 32949 20251 34265 28448 33049 36977 36564 27889 30256 35653 19580 31493 18208 32019 41769 18739 18001 22719 21796 39102 23259 28290 39432 40604 41384 41714 18593 20360 21684 18869 40513 33577 33559 60214 51900 60272 48754 45114 51083 51868 47844 48711 48705 60269 46674 53286 46492 58839 46293 40358 53455 36191 43190 48129 53224 51767 61993 58772 58466 53476 67540 75073 62850 49752 48683 45974 44981 58029 62711 75140 54601 57953 33603 31530 20281 20634 19488 18612 33504 31226 23321 33381 20671 32322 20930 14810 17673 19773 23236 23137 43786 33557 30628 27918 18781 29883 31435 31127 30529 0 1000000 1000000 1000000 1000000 1000000 1000000 1000000 
1000000 1000000 1000000 1000000 1000000 1000000 1000000 1000000 24066 25747 25212 5009 6888 4200 16227 3418 5404 5661 5590 5060 16715 24865 3100 16445 3467 7159 8496 4562 4415 4662 3200 11322 6357 1487 5155 25428 6088 16059 16494 894 2500 14504 8641 13515 806 14921 9519 14000 17671 17832 8549 11132 16427 6155 15521 9764 16308 24674 11150 15521 10929 9569 22772 11439 9529 23230 23544 24765 24645 10429 6301 5345 10602 23843 23861 23901 42716 35580 42819 33194 32131 33234 40716 32622 33179 33044 42756 35944 35027 27044 40106 27624 20912 35023 17018 25810 28794 34978 32864 45131 40048 39031 34047 48175 56301 43405 30383 29455 26896 25739 38702 43267 56362 35192 38629 27709 25602 14521 15536 14310 14221 16560 16428 12602 16476 15728 26321 15624 13055 12912 13448 16145 16101 24662 27929 21684 19340 14062 20017 25548 16337 21618 1000000 0 1000000 1000000 1000000 1000000 1000000 1000000 
1000000 1000000 1000000 1000000 1000000 1000000 1000000 1000000 13328 14321 14758 19873 22947 19231 29134 17710 19982 21294 20727 20930 29486 16603 18754 29346 20427 23218 15772 20988 18396 15172 18795 20338 21932 17651 20975 14718 23286 29503 30012 17908 18781 27659 25024 25164 17929 28168 25203 28554 27113 24593 20847 21360 29991 23324 32821 25799 33651 40783 27166 30206 28319 26926 39503 28877 25500 40006 39750 41215 40777 26519 23701 23050 26779 40310 41445 41480 57595 51763 57747 49903 49670 48088 58389 49506 49902 49706 57617 53649 49194 36920 53079 41503 31425 48888 30696 41603 40289 49168 45802 60582 53043 47461 42691 58252 68570 51862 38561 36662 33565 33451 49537 51722 68613 43422 49489 12435 10288 3225 2209 3418 3744 18928 14708 7446 18788 2010 11092 2202 7103 5187 4276 3607 3538 31852 12453 9733 7301 3808 9560 10198 14637 9633 1000000 1000000 0 1000000 1000000 1000000 1000000 1000000 
1000000 1000000 1000000 1000000 1000000 1000000 1000000 1000000 59036 60655 60284 37968 36459 37720 43265 38112 38294 37131 37734 36827 43662 60182 37071 43363 35420 36446 43576 36076 38584 40015 37130 44677 37215 36531 36890 60464 34158 19925 19424 34609 33055 21747 26820 24109 34660 21245 25845 21471 22827 26319 28727 27912 19462 34224 22931 36436 22663 13000 36510 40025 32117 32615 16289 31728 25854 16234 14036 14089 13086 36325 33443 32094 36125 14677 29329 29424 8981 10610 9207 13552 21376 4105 27786 14765 13650 13220 8968 27406 1020 15402 5595 7839 18627 400 18777 11353 10817 1118 4531 12884 5504 17172 16096 17781 21439 18722 17759 20087 21883 20349 10604 18660 21513 17114 10511 53174 51895 46330 47223 46581 46973 32561 37056 41871 32668 47414 52238 47135 47438 46129 45506 46106 46131 21791 53584 46680 46090 46717 44936 51904 37066 46689 1000000 1000000 1000000 0 1000000 1000000 1000000 1000000 
1000000 1000000 1000000 1000000 1000000 1000000 1000000 1000000 47042 48478 48430 30746 30706 30147 39899 29801 31151 30566 30923 30047 40385 49078 29158 40070 28178 30833 34759 29247 30680 30704 29248 37611 30981 27886 30139 48528 28402 12070 11927 25526 23943 12782 20156 12925 25613 12572 18655 14711 8902 10685 17925 15682 12027 28497 22340 32136 22741 19026 32890 37533 29149 28854 21109 29077 19063 21513 19003 20555 19109 32388 27844 25837 32323 20256 33863 33960 26737 25821 26976 26692 32122 19097 40809 27295 26759 26342 26715 38447 18279 2404 19506 12621 5772 17418 11900 18226 6992 18310 13320 30688 19504 12728 7734 22996 33682 17170 3992 4026 4219 2550 14410 17029 33715 8792 14374 36655 35680 32818 33532 33283 33901 16663 21262 27957 16794 33698 35897 33366 35520 33456 32241 31766 31816 4100 37087 30564 30566 33620 28998 35706 21300 30593 1000000 1000000 1000000 1000000 0 1000000 1000000 1000000 
1000000 1000000 1000000 1000000 1000000 1000000 1000000 1000000 25151 26077 26575 24168 26703 23331 35244 21849 24456 25268 24965 24716 35689 28407 22410 35467 23365 26982 22836 24381 22897 20173 22493 27638 25989 20727 24799 26523 25945 24615 25089 19558 19449 22930 23668 20004 19633 23398 23122 24741 20006 16510 17756 16638 25107 26021 31624 29640 32472 37042 31041 35198 30477 29206 36715 30907 23618 37252 36211 37889 37064 30321 26046 24539 30504 37074 42562 42621 51628 47489 51822 46478 48154 42517 57357 46399 46501 46217 51631 53175 42942 28620 45706 35501 24175 42399 25778 37423 32666 42938 38774 55103 45688 37749 33314 48946 60243 41999 29231 27022 23952 24352 40952 41863 60274 33811 40921 10400 9141 11386 11356 12181 13086 10240 5822 8420 10132 11400 9443 11063 16707 13803 11707 8635 8732 22676 10800 3985 4780 12866 2625 9159 5831 4016 1000000 1000000 1000000 1000000 1000000 0 1000000 1000000 
1000000 1000000 1000000 1000000 1000000 1000000 1000000 1000000 68506 70144 69726 46854 45069 46684 50982 47208 47154 45902 46540 45653 51337 69498 46119 51053 44385 45025 52655 44937 47591 49248 46169 53358 45910 45724 45708 69917 42855 29568 29061 43917 42404 31403 36007 33838 43961 30897 35156 30939 32572 36009 38359 37645 29093 42912 31094 44686 30665 20771 44571 47595 40219 40902 23706 39764 35106 23480 21927 21371 20834 44482 42134 40980 44254 22173 34900 34986 3081 12663 3239 16644 24381 11439 27801 17992 16734 16458 2983 29214 9808 24590 8011 17500 28339 10161 28398 19300 20116 9837 13800 5994 7971 22688 23472 17754 14772 22345 26122 28596 30808 29485 15658 22345 14866 24117 15606 62869 61623 56033 56936 56267 56637 42271 46790 51612 42380 57128 61954 56854 56972 55758 55193 55858 55881 31027 63282 56409 55851 56384 54676 61633 46801 56420 1000000 1000000 1000000 1000000 1000000 1000000 0 1000000 
1000000 1000000 1000000 1000000 1000000 1000000 1000000 1000000 69317 71016 70388 46330 43949 46378 47765 47256 46549 45127 45822 45032 48029 69654 46072 47785 44189 43832 52443 44437 47365 49647 46099 52054 44948 46134 45063 70628 42058 32750 32256 44795 43500 34528 36942 37371 44814 34033 36542 33210 37521 41322 40924 41024 32250 42090 30096 42797 29416 20896 42310 44267 38302 39312 22583 37751 36306 22144 21954 20600 20906 42416 41363 40757 42144 21520 29461 29526 9596 9913 9319 12303 17325 15276 17367 13159 12337 12397 9680 20176 16225 31913 18604 22252 33809 17257 31557 20106 27374 16174 21386 5977 18527 33305 32940 29662 24903 33700 34645 36920 38484 36793 26245 33681 25003 33874 26173 67604 66067 58514 59494 58588 58783 47252 51428 54630 47336 59693 66520 59470 58335 57690 57554 58937 58941 38088 67983 60914 59852 58562 59079 66060 51417 60906 1000000 1000000 1000000 1000000 1000000 1000000 1000000 0 
1000000 1000000 1000000 1000000 1000000 1000000 1000000 1000000 0 1712 1442 23324 26132 23122 27895 22103 23186 24681 23975 24638 28049 3864 23300 28051 25205 26323 17235 25118 22118 19670 23282 19482 25039 23190 24627 1487 27598 39188 39677 24701 26148 37414 32672 35457 24668 37901 33388 37583 38363 36514 30463 31870 39630 27586 39266 28211 39988 48738 29255 30327 32135 30865 46737 32734 33486 47173 47605 48791 48708 28825 28243 28594 29125 47871 44759 44764 66702 59615 66815 57085 55084 57178 62900 56423 57064 56957 66739 57812 58787 48387 63435 51206 42489 58676 40298 49870 51199 58745 56102 69192 63386 59593 54685 69966 79407 64041 50612 48934 45892 45501 60869 63900 79460 55551 60810 23000 21346 14682 14256 14058 13312 31477 27644 19502 31336 14145 22023 14506 11681 13595 15015 16757 16671 43993 22804 22681 20520 13595 22804 21246 27563 22586 14462 24066 13328 59036 47042 25151 68506 69317 
1000000 1000000 1000000 1000000 1000000 1000000 1000000 1000000 1712 0 1345 25035 27840 24834 29464 23810 24897 26392 25686 26349 29607 4327 25008 29616 26914 28030 18945 26829 23830 21369 24990 21129 26748 24885 26339 1000 29310 40788 41279 26373 27810 39006 34343 37009 26342 39495 35044 39213 39842 37911 32043 33395 41233 29298 40970 29906 41694 50421 30941 31948 33843 32574 48434 34442 35148 48872 49290 50483 50392 30516 29955 30300 30816 49563 46447 46452 68357 61307 68472 58788 56795 58828 64600 58129 58767 58659 68394 59508 60415 49860 65020 52822 43994 60294 41904 51545 52730 60374 57686 70867 64972 60989 56098 71428 80964 65432 52012 50297 47242 46896 62368 65291 81016 56944 62311 23262 21722 15929 15430 15346 14641 32761 28830 20793 32620 15305 22364 15665 13248 15024 16336 17835 17753 45372 23037 23420 21381 14924 23664 21623 28752 23327 15762 25747 14321 60655 48478 26077 70144 71016 
1000000 1000000 1000000 1000000 1000000 1000000 1000000 1000000 1442 1345 0 24268 27016 24105 28330 23139 24113 25601 24894 25584 28461 3002 24330 28478 26227 27197 18146 26091 23104 20756 24307 20110 25931 24292 25569 361 28557 40464 40950 25868 27339 38699 33837 36778 25832 39183 34586 38820 39732 37918 31762 33212 40902 28541 40311 29003 41022 49869 30006 30876 33011 31762 47817 33609 34670 48247 48731 49893 49838 29600 29214 29638 29900 48974 45513 45516 67893 60717 68003 58137 55991 58379 63708 57454 58114 58015 67931 58600 60023 49758 64721 52460 43842 59927 41565 51022 52533 59980 57391 70342 64672 60995 56082 71340 80719 65444 52013 50346 47308 46905 62222 65303 80772 56954 62163 24213 22607 16121 15698 15493 14741 32908 29085 20934 32767 15587 23270 15948 13010 14997 16444 18197 18111 45402 24003 24066 21931 15023 24216 22508 29004 23971 14475 25212 14758 60284 48430 26575 69726 70388 
1000000 1000000 1000000 1000000 1000000 1000000 1000000 1000000 23324 25035 24268 0 3102 854 11323 2343 412 1456 860 1315 11800 23339 1924 11543 2640 3362 6139 1924 1476 4701 1825 6963 2059 3688 1304 24537 4295 19646 20020 5801 7102 18317 11402 17846 5701 18668 12682 17273 22200 22687 13194 15905 19940 4276 16269 5936 16919 26301 7324 11044 8945 7611 23900 9543 12484 24289 25137 26095 26255 6657 4973 5882 6912 25192 22008 22029 44702 36842 44777 34033 31769 35420 39785 33284 34004 33933 44752 34787 37520 31149 43001 30453 25089 37654 20444 27635 32440 37461 35924 46747 42935 43184 38243 51844 59237 47494 34735 33978 31541 30270 42310 47357 59303 39444 42231 31026 28852 16920 17872 16498 16147 21557 21190 16248 21470 18042 29614 18031 13832 14714 15864 19117 19054 29291 31195 25457 22921 16065 23927 28787 21095 25381 15845 5009 19873 37968 30746 24168 46854 46330 
1000000 1000000 1000000 1000000 1000000 1000000 1000000 1000000 26132 27840 27016 3102 0 3722 9713 5270 3081 1655 2280 2062 10212 25907 4386 9918 3454 283 8902 2332 4569 7782 4319 8293 1105 5982 2000 27297 2385 19096 19412 7446 8276 17994 10689 18027 7354 18278 12133 16560 22514 23510 13903 16701 19324 2302 14103 2970 14669 24353 4384 8641 6003 4752 21741 6603 11807 22093 23187 24001 24298 3680 3061 4885 3905 23121 18945 18964 42798 34623 42858 31648 28977 33681 36831 30833 31613 31569 42853 31798 35946 30870 41649 29155 24956 36164 19747 25773 31728 35880 34732 44647 41578 42870 38001 51035 57850 47092 34692 34153 31908 30487 41492 46958 57919 39256 41409 33943 31782 19962 20925 19562 19230 23162 23307 19021 23089 21098 32535 21077 16925 17800 18900 22080 22020 29653 34125 28221 25745 19143 26633 31719 23217 28149 17418 6888 22947 36459 30706 26703 45069 43949 
1000000 1000000 1000000 1000000 1000000 1000000 1000000 1000000 23122 24834 24105 854 3722 0 12176 1562 1217 2081 1640 1709 12653 23277 1100 12397 2302 3996 6075 2002 1005 4085 1000 7479 2766 2844 1746 24365 4501 19182 19569 5016 6379 17806 11032 17231 4916 18171 12258 16858 21547 21949 12500 15186 19491 4500 16286 6640 16964 26209 8043 11871 9356 7991 23888 9946 12093 24290 25048 26054 26166 7360 5124 5725 7603 25146 22483 22508 44573 36833 44653 34093 32026 35246 40144 33373 34066 33984 44621 35176 37292 30600 42703 30154 24518 37401 20012 27512 31986 37235 35588 46686 42638 42631 37678 51397 58940 46956 34133 33335 30866 29623 41871 46819 59005 38867 41794 30273 28104 16241 17204 15842 15521 20728 20335 15447 20640 17377 28863 17356 13342 14094 15179 18383 18322 28619 30447 24656 22135 15429 23114 28040 20241 24581 16197 4200 19231 37720 30147 23331 46684 46378 
1000000 1000000 1000000 1000000 1000000 1000000 1000000 1000000 27895 29464 28330 11323 9713 12176 0 13519 10973 10591 10648 11199 500 26305 13228 224 13025 9505 13365 11823 12423 15095 13132 8987 9930 15000 11100 28671 11727 27969 28211 16925 17935 27118 19752 27511 16827 27334 21260 25336 32026 33201 23601 26402 28116 11628 20367 7767 20602 30414 7094 3499 11325 11216 27308 11628 20837 27509 29308 29638 30338 7529 12181 14269 7622 28878 19100 19069 48396 39356 48407 35828 31101 39971 37215 34754 35769 35842 48464 32020 42604 39827 48723 36602 34127 43022 28430 32010 40128 42526 42262 49555 48642 51682 46932 59066 64647 55765 43851 43499 41394 39884 49599 55636 64724 48237 49511 41152 38950 26641 27459 26046 25459 32754 32508 27045 32674 27595 39743 27680 22182 24052 25685 29251 29173 39147 41261 36139 33482 25466 34748 38874 32414 36056 14900 16227 29134 43265 39899 35244 50982 47765 
1000000 1000000 1000000 1000000 1000000 1000000 1000000 1000000 22103 23810 23139 2343 5270 1562 13519 0 2608 3640 3183 3225 13986 22472 1204 13742 3114 5547 5464 3324 1118 2648 1200 7906 4328 1931 3276 23385 5771 19185 19597 4308 5859 17710 11300 16881 4215 18104 12399 16980 21079 21222 11962 14546 19524 5787 17172 8201 17887 26892 9605 13381 10745 9362 24703 11327 12307 25124 25739 26820 26854 8920 6320 6500 9161 25905 23901 23928 45169 37631 45258 34998 33201 35773 41434 34321 34975 34877 45214 36502 37722 30373 42995 30461 24253 37783 20082 28140 31976 37667 35815 47393 42933 42380 37404 51382 59222 46739 33771 32867 30314 29151 41881 46601 59285 38562 41806 28711 26542 14699 15667 14313 14012 19631 19013 13905 19537 15842 27301 15815 11968 12592 13634 16822 16761 28079 28885 23114 20583 13913 21584 26478 18917 23038 16164 3418 17710 38112 29801 21849 47208 47256 
1000000 1000000 1000000 1000000 1000000 1000000 1000000 1000000 23186 24897 24113 412 3081 1217 10973 2608 0 1500 806 1523 11448 23139 2309 11195 3023 3324 5968 2220 1628 4826 2209 6580 1992 4061 1487 24385 4492 20030 20402 6203 7513 18711 11769 18254 6103 19059 13060 17648 22611 23098 13606 16317 20321 4464 16508 5818 17147 26577 7187 10780 9014 7700 24147 9613 12855 24531 25412 26352 26529 6537 5187 6201 6800 25452 22024 22044 44989 37085 45062 34249 31898 35723 39861 33489 34219 34153 45039 34847 37840 31548 43342 30795 25491 37982 20822 27922 32821 37780 36275 47009 43275 43584 38644 52222 59577 47890 35141 34388 31953 30681 42686 47754 59643 39847 42608 31219 29041 17058 18001 16621 16250 21943 21535 16492 21855 18169 29806 18166 13852 14812 16008 19296 19231 29703 31383 25697 23147 16174 24181 28975 21441 25620 15499 5404 19982 38294 31151 24456 47154 46549 
1000000 1000000 1000000 1000000 1000000 1000000 1000000 1000000 24681 26392 25601 1456 1655 2081 10591 3640 1500 0 707 608 11082 24594 2860 10806 2508 1924 7455 1334 2915 6127 2780 7566 721 4565 510 25875 3087 19208 19558 6335 7403 17979 10847 17742 6237 18300 12211 16754 22172 22906 13322 16090 19473 3046 15129 4561 15747 25266 5967 9948 7517 6200 22776 8115 11954 23150 24100 24999 25216 5280 3801 5099 5522 24105 20555 20576 43698 35702 43767 32825 30403 34482 38363 32049 32793 32733 43750 33354 36654 30859 42236 29702 24857 36825 19942 26638 31952 36592 35224 45661 42167 42888 37976 51325 58462 47159 34558 33903 31554 30210 41783 47024 58530 39204 41702 32344 30178 18317 19277 17911 17576 22164 22062 17477 22084 19449 30935 19431 15288 16145 17257 20462 20401 29298 32521 26685 24183 17489 25121 30114 21969 26611 16633 5661 21294 37131 30566 25268 45902 45127 
1000000 1000000 1000000 1000000 1000000 1000000 1000000 1000000 23975 25686 24894 860 2280 1640 10648 3183 806 707 0 922 11132 23890 2600 10867 2751 2530 6748 1720 2332 5557 2508 7009 1208 4366 849 25168 3770 19666 20025 6329 7517 18396 11341 18061 6229 18730 12675 17241 22461 23083 13533 16278 19942 3734 15809 5077 16434 25924 6464 10234 8210 6901 23455 8809 12440 23832 24758 25672 25875 5798 4478 5659 6054 24776 21220 21240 44350 36385 44420 33520 31109 35115 39056 32748 33489 33427 44401 34041 37266 31262 42816 30276 25234 37425 20425 27286 32434 37205 35782 46333 42749 43296 38371 51821 59047 47583 34915 34216 31828 30516 42280 47447 59115 39589 42200 31881 29709 17779 18730 17356 17000 22147 21898 17084 22064 18900 30470 18890 14645 15565 16724 19975 19912 29575 32052 26293 23766 16920 24754 29644 21805 26218 16031 5590 20727 37734 30923 24965 46540 45822 
1000000 1000000 1000000 1000000 1000000 1000000 1000000 1000000 24638 26349 25584 1315 2062 1709 11199 3225 1523 608 922 0 11690 24645 2335 11414 1924 2343 7453 806 2648 5794 2263 7931 1300 3996 100 25852 2983 18752 19109 5727 6801 17494 10420 17203 5629 17824 11760 16322 21621 22319 12742 15505 19026 2961 14986 5025 15626 25060 6438 10519 7679 6329 22624 8273 11521 23008 23895 24829 25012 5738 3669 4742 5967 23930 20786 20810 43477 35562 43549 32733 30459 34225 38502 31978 32703 32635 43528 33516 36363 30366 41901 29359 24348 36517 19506 26411 31516 36302 34862 45487 41834 42399 37479 50901 58133 46680 34039 33362 30997 29666 41360 46545 58200 38700 41280 31881 29720 17923 18892 17535 17224 21556 21469 16973 21476 19066 30473 19039 15037 15799 16859 20020 19961 28742 32063 26177 23691 17129 24600 29658 21377 26104 16943 5060 20930 36827 30047 24716 45653 45032 
1000000 1000000 1000000 1000000 1000000 1000000 1000000 1000000 28049 29607 28461 11800 10212 12653 500 13986 11448 11082 11132 11690 0 26397 13709 316 13520 10004 13724 12318 12888 15531 13612 9280 10424 15481 11592 28805 12226 28448 28688 17416 18432 27605 20241 28007 17317 27819 21750 25814 32523 33701 24101 26902 28593 12126 20776 8257 21000 30794 7561 3780 11765 11681 27674 12057 21324 27869 29692 30003 30718 8008 12678 14767 8096 29249 19266 19232 48738 39669 48747 36122 31312 40349 37328 35039 36062 36140 48807 32136 42995 40305 49127 37028 34614 43420 28903 32394 40587 42917 42688 49866 49046 52153 47408 59506 65034 56231 44336 43990 41890 40377 50044 56102 65111 48716 49955 41535 39333 27019 27829 26417 25821 33246 32983 27475 33166 27963 40127 28053 22514 24418 26069 29645 29566 39643 41640 36556 33894 25831 35175 39256 32888 36473 14905 16715 29486 43662 40385 35689 51337 48029 
1000000 1000000 1000000 1000000 1000000 1000000 1000000 1000000 3864 4327 3002 23339 25907 23277 26305 22472 23139 24594 23890 24645 26397 0 23632 26439 25489 26065 17212 25220 22295 20268 23597 18507 24850 23810 24620 3329 27628 40522 40996 25588 27128 38803 33498 37065 25542 39273 34359 38726 40273 38719 31961 33624 40941 27602 39564 27663 40239 49358 28570 29035 31844 30654 47151 32436 34393 47561 48207 49288 49321 28220 28311 28939 28519 48374 44026 44022 67559 60091 67657 57365 54832 58096 62304 56623 57336 57259 67601 57159 59873 50284 64778 52396 44276 59834 41585 50579 52844 59825 57471 69859 64724 61734 56781 71862 80877 66189 52757 51198 48203 47680 62628 66048 80933 57708 62565 26809 25110 17494 17224 16794 15967 34026 30442 22135 33886 17140 25802 17496 13588 15962 17649 19854 19762 46226 26623 26174 23888 16241 26159 25010 30356 26076 11962 24865 16603 60182 49078 28407 69498 69654 
1000000 1000000 1000000 1000000 1000000 1000000 1000000 1000000 23300 25008 24330 1924 4386 1100 13228 1204 2309 2860 2600 2335 13709 23632 0 13448 1910 4669 6537 2236 1562 3821 100 8453 3581 1772 2408 24578 4610 18322 18721 3920 5316 16903 10294 16235 3821 17280 11455 16053 20520 20868 11448 14116 18645 4632 15983 7355 16693 25750 8769 12795 9617 8228 23529 10192 11328 23946 24594 25656 25710 8066 5135 5316 8288 24743 22777 22806 44056 36462 44142 33809 32001 34681 40252 33127 33785 33690 44102 35331 36666 29652 41998 29454 23554 36746 19185 27014 31127 36610 34846 46247 41934 41677 36715 50540 58231 46016 33140 32311 29820 28597 41023 45878 58295 37894 40947 29565 27409 15700 16681 15345 15078 19635 19300 14639 19548 16860 28158 16818 13138 13670 14629 17728 17671 27576 29751 23842 21359 14969 22268 27347 19207 23769 17008 3100 18754 37071 29158 22410 46119 46072 
1000000 1000000 1000000 1000000 1000000 1000000 1000000 1000000 28051 29616 28478 11543 9918 12397 224 13742 11195 10806 10867 11414 316 26439 13448 0 13237 9708 13577 12035 12646 15318 13352 9184 10143 15220 11316 28820 11921 28132 28372 17141 18146 27290 19926 27697 17043 27504 21436 25497 32213 33400 23802 26603 28276 11821 20473 7943 20700 30500 7245 3523 11453 11365 27386 11748 21010 27583 29397 29715 30424 7692 12369 14459 7779 28959 19071 19038 48460 39403 48469 35864 31094 40057 37162 34785 35805 35880 48528 31968 42698 39989 48826 36720 34299 43120 28587 32099 40272 42620 42380 49601 48745 51837 47092 59195 64738 55915 44020 43677 41579 40064 49732 55786 64815 48399 49643 41370 39168 26858 27674 26261 25673 32969 32730 27268 32890 27810 39961 27896 22389 24266 25902 29470 29392 39332 41477 36361 33704 25680 34970 39091 32635 36277 15000 16445 29346 43363 40070 35467 51053 47785 
1000000 1000000 1000000 1000000 1000000 1000000 1000000 1000000 25205 26914 26227 2640 3454 2302 13025 3114 3023 2508 2751 1924 13520 25489 1910 13237 0 3716 8326 1204 3220 5704 1924 9602 3106 2830 2022 26478 2864 17007 17381 3992 4916 15692 8773 15310 3900 16038 10042 14635 19712 20398 10819 13583 17300 2907 14094 6297 14796 23935 7684 12093 7892 6500 21662 8450 9849 22074 22776 23808 23893 6963 3298 3454 7140 22897 21030 21062 42283 34602 42365 31919 30100 32946 38389 31227 31894 31802 42331 33489 34991 28541 40414 27865 22498 35101 17804 25225 29800 34933 33314 44422 40349 40576 35643 49204 56652 44876 32170 31465 29084 27765 39670 44739 56717 36854 39591 30940 28806 17322 18317 17010 16792 19752 19859 15890 19676 18501 29541 18439 14997 15403 16246 19208 19156 26829 31144 25042 22637 16669 23406 28748 19769 24973 18456 3467 20427 35420 28178 23365 44385 44189 
1000000 1000000 1000000 1000000 1000000 1000000 1000000 1000000 26323 28030 27197 3362 283 3996 9505 5547 3324 1924 2530 2343 10004 26065 4669 9708 3716 0 9100 2608 4833 8050 4601 8353 1334 6263 2280 27480 2460 19188 19499 7708 8515 18107 10784 18180 7616 18385 12238 16641 22674 23705 14100 16900 19410 2371 14029 2687 14583 24296 4101 8377 5814 4589 21660 6412 11901 22007 23131 23927 24240 3397 3106 4998 3624 23050 18711 18730 42740 34528 42798 31533 28801 33644 36623 30708 31497 31457 42795 31584 35926 30977 41652 29167 25078 36153 19824 25726 31796 35860 34752 44565 41580 42970 38108 51088 57846 47183 34817 34296 32066 30634 41547 47049 57916 39368 41464 34224 32063 20237 21199 19834 19499 23405 23573 19304 23332 21371 32816 21352 17175 18068 19176 22360 22300 29812 34406 28504 26028 19412 26915 32000 23483 28431 17473 7159 23218 36446 30833 26982 45025 43832 
1000000 1000000 1000000 1000000 1000000 1000000 1000000 1000000 17235 18945 18146 6139 8902 6075 13365 5464 5968 7455 6748 7453 13724 17212 6537 13577 8326 9100 0 8008 5108 4071 6488 4833 7806 7145 7433 18420 10435 24537 24963 9361 10988 22999 16763 21924 9285 23414 17836 22399 25914 25570 16836 19194 24894 10414 22357 11163 23027 32261 12345 14596 14905 13630 29963 15505 17761 30364 31101 32125 32219 11826 11109 11778 12120 31216 27709 27722 50589 42907 50674 40152 37853 41217 45718 39416 40124 40047 50636 40665 43184 35482 48449 35920 29342 43247 25470 33541 37289 43130 41253 52748 48387 47429 42435 56670 64672 51825 38692 37624 34932 33919 47197 51685 64734 43549 47124 27847 25645 13323 14111 12702 12097 22953 21323 14420 22840 14243 26443 14340 8905 10696 12404 16031 15948 32736 27940 23167 20447 12108 21942 25567 21224 23078 11064 8496 15772 43576 34759 22836 52655 52443 
1000000 1000000 1000000 1000000 1000000 1000000 1000000 1000000 25118 26829 26091 1924 2332 2002 11823 3324 2220 1334 1720 806 12318 25220 2236 12035 1204 2608 8008 0 3007 5967 2193 8721 1903 3680 894 26353 2500 17947 18305 5155 6120 16688 9621 16412 5060 17018 10955 15521 20839 21584 11994 14767 18222 2502 14362 5263 15022 24377 6671 10959 7422 6042 21986 8005 10720 22379 23213 24175 24331 5955 3126 3982 6155 23272 20577 20604 42780 34930 42854 32145 30024 33505 38161 31410 32116 32041 42830 33206 35620 29561 41134 28590 23546 35764 18704 25712 30713 35560 34083 44826 41067 41593 36674 50100 57368 45874 33240 32573 30220 28879 40560 45738 57435 37897 40480 31751 29602 17936 18917 17580 17308 20946 20988 16766 20869 19096 30346 19054 15278 15896 16865 19942 19886 27965 31943 25951 23503 17201 24345 29541 20897 25880 17705 4562 20988 36076 29247 24381 44937 44437 
1000000 1000000 1000000 1000000 1000000 1000000 1000000 1000000 22118 23830 23104 1476 4569 1005 12423 1118 1628 2915 2332 2648 12888 22295 1562 12646 3220 4833 5108 3007 0 3225 1487 6946 3536 2943 2668 23363 5504 19884 20283 5289 6778 18461 11834 17755 5192 18840 13012 17611 22008 22246 12910 15536 20207 5501 17270 7409 17954 27155 8792 12385 10325 8968 24862 10918 12876 25268 25996 27019 27113 8130 6129 6671 8386 26109 23431 23454 45500 37805 45583 35083 33030 36152 41133 34368 35056 34972 45547 36157 38169 31197 43533 30986 25093 38261 20745 28445 32689 38112 36392 47640 43469 43219 38252 52102 59768 47562 34659 33800 31280 30085 42585 47425 59832 39425 42509 29591 27413 15449 16398 15023 14671 20741 20124 14884 20648 16568 28178 16559 12394 13238 14395 17669 17605 29040 29755 24084 21526 14589 22580 27347 20028 24007 15447 4415 18396 38584 30680 22897 47591 47365 
1000000 1000000 1000000 1000000 1000000 1000000 1000000 1000000 19670 21369 20756 4701 7782 4085 15095 2648 4826 6127 5557 5794 15531 20268 3821 15318 5704 8050 4071 5967 3225 0 3833 8001 6760 3547 5831 20989 8417 20687 21129 5467 7084 19094 13241 17901 5404 19524 14174 18660 21849 21524 12788 15124 21064 8434 19615 10633 20353 29134 12011 15425 13388 12007 27068 13971 14166 27504 27990 29137 29100 11353 8956 8968 11611 28218 26540 26566 47291 39961 47389 37422 35801 37834 44073 36779 37401 37290 47333 39147 39669 31461 44768 32284 25321 39676 21664 30324 33376 39619 37522 49626 44709 43387 38390 52725 60961 47790 34630 33553 30865 29848 43279 47650 61021 39495 43207 26452 24266 12232 13176 11799 11449 19159 17936 11957 19052 13345 25038 13341 9321 10018 11183 14510 14442 28667 26606 21101 18491 11365 19666 24198 17837 21020 15133 4662 15172 40015 30704 20173 49248 49647 
1000000 1000000 1000000 1000000 1000000 1000000 1000000 1000000 23282 24990 24307 1825 4319 1000 13132 1200 2209 2780 2508 2263 13612 23597 100 13352 1924 4601 6488 2193 1487 3833 0 8363 3500 1868 2335 24557 4589 18399 18797 4020 5412 16984 10359 16325 3920 17360 11526 16125 20613 20966 11543 14213 18721 4610 16008 7286 16715 25790 8700 12709 9588 8201 23559 10165 11395 23975 24633 25691 25750 7998 5124 5345 8222 24778 22748 22777 44102 36495 44187 33834 32001 34731 40241 33148 33809 33715 44148 35315 36722 29738 42061 29517 23641 36805 19259 27057 31205 36666 34913 46286 41998 41764 36802 50617 58295 46101 33230 32404 29915 28690 41100 45963 58359 37982 41023 29629 27471 15747 16726 15387 15116 19734 19394 14711 19647 16905 28221 16865 13153 13706 14677 17786 17728 27670 29814 23915 21428 15008 22344 27409 19300 23842 16933 3200 18795 37130 29248 22493 46169 46099 
1000000 1000000 1000000 1000000 1000000 1000000 1000000 1000000 19482 21129 20110 6963 8293 7479 8987 7906 6580 7566 7009 7931 9280 18507 8453 9184 9602 8353 4833 8721 6946 8001 8363 0 7465 9835 7857 20430 10526 26609 26982 12209 13723 25272 18336 24688 12115 25628 19640 24224 28954 29110 19852 22452 26902 10464 22381 9341 22922 32645 10112 10911 13764 12753 30004 14328 19428 30343 31480 32277 32590 9827 11245 12659 10120 31401 25520 25516 51091 42844 51150 39773 36542 41961 43810 38903 39733 39710 51145 38657 44186 38079 49800 37268 31995 44374 27401 34064 39401 44123 42787 52906 49732 50110 45156 58801 66025 54434 41593 40746 38215 37031 49265 54297 66093 46342 49186 32563 30364 18057 18800 17403 16743 27136 25875 19232 27031 18920 31166 19042 13294 15381 17172 20820 20735 35978 32640 27996 25272 16780 26775 30283 25775 27906 9126 11322 20338 44677 37611 27638 53358 52054 
1000000 1000000 1000000 1000000 1000000 1000000 1000000 1000000 25039 26748 25931 2059 1105 2766 9930 4328 1992 721 1208 1300 10424 24850 3581 10143 3106 1334 7806 1903 3536 6760 3500 7465 0 5284 1208 26210 3061 19523 19860 7009 8022 18341 11131 18200 6912 18649 12530 17034 22653 23469 13871 16651 19774 3000 15027 3883 15617 25229 5280 9228 7101 5831 22674 7701 12245 23036 24063 24918 25177 4604 3780 5325 4855 24030 20044 20063 43672 35579 43736 32645 30060 34504 37934 31845 32611 32561 43725 32903 36721 31227 42360 29841 25255 36914 20225 26626 32230 36658 35390 45575 42291 43248 38351 51580 58577 47502 34972 34357 32043 30673 42035 47367 58646 39590 41954 33039 30870 18975 19929 18557 18206 22828 22769 18189 22750 20100 31628 20087 15845 16772 17918 21146 21085 29787 33213 27398 24891 18125 25838 30806 22677 27324 16580 6357 21932 37215 30981 25989 45910 44948 
1000000 1000000 1000000 1000000 1000000 1000000 1000000 1000000 23190 24885 24292 3688 5982 2844 15000 1931 4061 4565 4366 3996 15481 23810 1772 15220 2830 6263 7145 3680 2943 3547 1868 9835 5284 0 4082 24520 5682 17395 17820 2377 3945 15880 9725 14972 2285 16286 10720 15262 19151 19308 10032 12618 17750 5731 16151 8938 16907 25588 10348 14512 10693 9304 23551 11240 10678 23993 24446 25604 25555 9633 6054 5604 9835 24684 23795 23830 43751 36428 43847 33928 32535 34304 40972 33308 33909 33791 43793 36125 36170 28484 41340 28829 22357 36196 18325 26778 30163 36118 34125 46079 41280 40481 35501 49558 57553 44849 31853 30938 28383 27221 40071 44710 57615 36653 39997 28120 25982 14523 15524 14234 14052 17891 17533 13097 17802 15710 26720 15639 12502 12685 13446 16378 16327 26148 28321 22274 19840 13918 20665 25924 17439 22204 18021 1487 17651 36531 27886 20727 45724 46134 
1000000 1000000 1000000 1000000 1000000 1000000 1000000 1000000 24627 26339 25569 1304 2000 1746 11100 3276 1487 510 849 100 11592 24620 2408 11316 2022 2280 7433 894 2668 5831 2335 7857 1208 4082 0 25838 3008 18837 19193 5825 6901 17582 10500 17298 5727 17911 11843 16403 21717 22418 12841 15604 19109 2983 15023 4958 15660 25108 6370 10432 7666 6320 22664 8261 11602 23046 23943 24872 25060 5673 3700 4810 5903 23973 20762 20786 43528 35600 43599 32763 30466 34281 38495 32005 32733 32666 43579 33505 36424 30455 41969 29428 24440 36580 19588 26462 31598 36363 34934 45531 41901 42488 37569 50981 58200 46768 34132 33457 31094 29762 41440 46632 58267 38791 41360 31945 29783 17974 18940 17582 17266 21654 21562 17045 21574 19115 30537 19090 15062 15840 16910 20080 20020 28839 32126 26250 23760 17173 24676 29720 21469 26177 16877 5155 20975 36890 30139 24799 45708 45063 
1000000 1000000 1000000 1000000 1000000 1000000 1000000 1000000 1487 1000 361 24537 27297 24365 28671 23385 24385 25875 25168 25852 28805 3329 24578 28820 26478 27480 18420 26353 23363 20989 24557 20430 26210 24520 25838 0 28823 40631 41118 26077 27539 38861 34047 36922 26042 39347 34785 39004 39845 38001 31917 33343 41071 28808 40557 29301 41271 50091 30311 31207 33294 32041 48054 33892 34874 48486 48955 50124 50060 29901 29477 29884 30201 49204 45818 45821 68095 60948 68206 58382 56269 58577 64005 57704 58359 58258 68133 58900 60208 49870 64883 52637 43966 60106 41736 51238 52669 60165 57552 70558 64834 61079 56172 71450 80868 65528 52099 50419 47376 46988 62346 65386 80921 57038 62287 24025 22440 16148 15705 15532 14792 32953 29101 20978 32812 15590 23096 15951 13147 15081 16494 18180 18094 45479 23810 23970 21863 15075 24147 22340 29020 23876 14835 25428 14718 60464 48528 26523 69917 70628 
1000000 1000000 1000000 1000000 1000000 1000000 1000000 1000000 27598 29310 28557 4295 2385 4501 11727 5771 4492 3087 3770 2983 12226 27628 4610 11921 2864 2460 10435 2500 5504 8417 4589 10526 3061 5682 3008 28823 0 16729 17039 6389 6798 15660 8326 15815 6313 15933 9786 14182 20323 21508 11942 14741 16950 100 12042 4177 12665 22192 5408 10141 5033 3640 19689 5597 9443 20064 21026 21913 22142 4713 721 2571 4810 21020 18184 18215 40631 32617 40697 29758 27526 31445 35672 28997 29727 29662 40683 30731 33661 28524 39316 26807 22642 33858 17367 23577 29344 33597 32371 42575 39246 40512 35655 48650 55528 44724 32383 31894 29707 28245 39107 44590 55597 36918 39024 33747 31623 20185 21180 19870 19642 21598 22142 18664 21535 21364 32352 21303 17739 18246 19109 22055 22005 27455 33957 27770 25410 19523 26104 31566 22055 27704 19640 6088 23286 34158 28402 25945 42855 42058 
1000000 1000000 1000000 1000000 1000000 1000000 1000000 1000000 39188 40788 40464 19646 19096 19182 27969 19185 20030 19208 19666 18752 28448 40522 18322 28132 17007 19188 24537 17947 19884 20687 18399 26609 19523 17395 18837 40631 16729 0 510 15223 13603 1844 8408 4627 15290 1334 6997 2648 6530 10090 8802 8310 500 16819 10885 20239 11463 12492 20909 25495 17084 16834 12732 17006 7290 13261 11755 13485 12523 20440 16114 14224 20357 12748 23033 23122 28093 22916 28245 21909 24603 18595 33865 21916 21936 21637 28115 30371 19765 11860 24267 12090 6401 19554 1204 12808 12806 19733 16950 31145 24216 23793 18976 32219 40364 27996 15948 15903 14385 12557 22702 27862 40421 20271 22626 34904 33326 26488 27407 26704 27069 15005 18830 22194 15063 27601 33792 27336 27549 26206 25632 26489 26504 12322 35275 28194 27109 26817 26349 33318 18809 28182 35327 16059 29503 19925 12070 24615 29568 32750 
1000000 1000000 1000000 1000000 1000000 1000000 1000000 1000000 39677 41279 40950 20020 19412 19569 28211 19597 20402 19558 20025 19109 28688 40996 18721 28372 17381 19499 24963 18305 20283 21129 18797 26982 19860 17820 19193 41118 17039 510 0 15663 14046 2354 8732 5116 15729 1844 7350 2879 6790 10420 9305 8814 100 17128 10816 20496 11365 12049 21140 25696 17263 17051 12371 17169 7616 12897 11332 13068 12081 20683 16415 14550 20593 12343 22909 22999 27583 22429 27735 21456 24250 18085 33504 21479 21484 21181 27605 30056 19260 11621 23788 11588 6329 19054 700 12336 12420 19227 16475 30637 23736 23509 18721 31829 39897 27688 15769 15801 14375 12516 22304 27554 39955 20028 22227 35387 33816 26997 27916 27212 27575 15438 19298 22704 15498 28110 34279 27845 28042 26709 26140 26998 27013 12349 35759 28679 27607 27323 26836 33808 19278 28668 35729 16494 30012 19424 11927 25089 29061 32256 
1000000 1000000 1000000 1000000 1000000 1000000 1000000 1000000 24701 26373 25868 5801 7446 5016 16925 4308 6203 6335 6329 5727 17416 25588 3920 17141 3992 7708 9361 5155 5289 5467 4020 12209 7009 2377 5825 26077 6389 15223 15663 0 1628 13649 7971 12625 100 14072 8771 13206 16776 16965 7656 10249 15597 6466 15100 10247 15903 24067 11611 16085 11060 9731 22246 11543 8814 22713 22945 24201 24040 10891 6507 5277 11045 23279 23837 23881 42032 35003 42138 32684 31816 32533 40481 32140 32671 32527 42071 35758 34286 26158 39315 26852 20025 34265 16197 25172 27938 34238 32060 44493 39258 38141 33157 47311 55500 42518 29489 28562 26007 24846 37845 42379 55560 34300 37772 27603 25519 14699 15718 14534 14500 15832 15876 12487 15751 15913 26225 15789 13548 13231 13634 16177 16138 23772 27836 21474 19195 14327 19774 25468 15787 21411 20333 894 17908 34609 25526 19558 43917 44795 
1000000 1000000 1000000 1000000 1000000 1000000 1000000 1000000 26148 27810 27339 7102 8276 6379 17935 5859 7513 7403 7517 6801 18432 27128 5316 18146 4916 8515 10988 6120 6778 7084 5412 13723 8022 3945 6901 27539 6798 13603 14046 1628 0 12022 6573 11028 1703 12446 7250 11621 15232 15586 6135 8807 13982 6888 14051 10885 14876 22704 12185 16824 11032 9784 21005 11459 7339 21484 21596 22901 22681 11477 6742 5091 11595 21980 23430 23480 40556 33673 40667 31453 30891 31041 39679 30952 31443 31285 40594 35042 32747 24546 37726 25281 18417 32709 14587 23764 26310 32700 30461 43077 37669 36538 31557 45683 53901 40909 27912 27023 24508 23308 36217 40771 53960 32709 36145 27934 25896 15556 16575 15464 15508 14893 15370 12886 14822 16773 26577 16621 14849 14303 14512 16793 16763 22266 28189 21636 19486 15316 19881 25850 15286 21580 21948 2500 18781 33055 23943 19449 42404 43500 
1000000 1000000 1000000 1000000 1000000 1000000 1000000 1000000 37414 39006 38699 18317 17994 17806 27118 17710 18711 17979 18396 17494 27605 38803 16903 27290 15692 18107 22999 16688 18461 19094 16984 25272 18341 15880 17582 38861 15660 1844 2354 13649 12022 0 7376 2941 13721 510 5882 2555 5909 9069 6986 6500 2335 15754 11287 19355 11957 14116 20125 24807 16515 16125 14089 16500 6282 14625 13315 15022 14140 19612 15084 13110 19553 14244 23531 23617 29937 24673 30089 23551 25897 20438 35175 23505 23575 23288 29959 31522 21598 12886 26022 13918 7009 21374 3041 14525 14290 21567 18694 32982 25973 24910 20012 33679 42074 29187 16744 16435 14609 12914 24198 29051 42130 21262 24125 33179 31573 24645 25563 24865 25235 13509 17173 20353 13557 25757 32051 25492 25761 24382 23792 24650 24664 12440 33545 26460 25324 24982 24609 31563 17148 26446 33874 14504 27659 21747 12782 22930 31403 34528 
1000000 1000000 1000000 1000000 1000000 1000000 1000000 1000000 32672 34343 33837 11402 10689 11032 19752 11300 11769 10847 11341 10420 20241 33498 10294 19926 8773 10784 16763 9621 11834 13241 10359 18336 11131 9725 10500 34047 8326 8408 8732 7971 6573 7376 0 8040 8006 7622 1513 5908 12506 14464 6152 8406 8645 8417 8065 11985 8920 16130 12800 17541 9489 8900 14512 9590 1118 15005 15023 16349 16107 12264 7725 5818 12219 15430 19169 19238 34075 27104 34179 24951 24935 24598 33965 24502 24945 24773 34116 29587 26447 20204 31704 19164 14384 26488 9097 17205 21107 26395 24560 36525 31641 32186 27334 40482 47937 36403 24121 23756 21752 20168 30940 36269 48001 28605 30860 33092 31185 21811 22818 21800 21923 16445 18585 18515 16430 23018 31800 22832 21422 20778 20802 22687 22672 19526 33392 26501 24701 21715 24655 31152 18523 26460 27224 8641 25024 26820 20156 23668 36007 36942 
1000000 1000000 1000000 1000000 1000000 1000000 1000000 1000000 35457 37009 36778 17846 18027 17231 27511 16881 18254 17742 18061 17203 28007 37065 16235 27697 15310 18180 21924 16412 17755 17901 16325 24688 18200 14972 17298 36922 15815 4627 5116 12625 11028 2941 8040 0 12709 3396 6576 5140 4518 6712 5162 3808 5124 15914 13603 19782 14340 17051 20715 25503 17526 16919 16996 17608 7120 17533 16256 17962 17077 20136 15331 13252 20120 17182 25798 25880 32504 27543 32666 26485 28764 23071 38042 26446 26509 26219 32521 34305 24035 13560 28092 16348 7420 23726 5814 17426 15780 24011 20765 35662 28049 25518 20532 34931 43955 29903 16906 16161 13892 12472 25588 29763 44007 21681 25522 30279 28701 22233 23117 22508 22939 10600 14237 17779 10644 23308 29165 23027 23776 22182 21431 22044 22064 11640 30649 23567 22501 22677 21722 28692 14213 23555 32949 13515 25164 24109 12925 20004 33838 37371 
