NAME : Min27-5-f
TYPE : ATSP
DIMENSION : 37
EDGE_WEIGHT_TYPE : EXPLICIT
EDGE_WEIGHT_FORMAT : FULL_MATRIX
EDGE_WEIGHT_SECTION
1000000 1000000 1000000 1000000 1000000 22000 14901 11309 17929 16524 17570 11495 11459 15717 16197 17901 23940 23696 22755 19019 28074 27933 34556 31519 33341 52355 53030 54113 35270 32835 22289 27068 0 1000000 1000000 1000000 1000000 
1000000 1000000 1000000 1000000 1000000 26216 20751 19449 7779 5532 6586 19647 19660 16104 17578 18446 14542 14228 12336 9001 17225 17084 27693 23970 24439 43012 42795 43936 24580 24813 19420 23808 1000000 0 1000000 1000000 1000000 
1000000 1000000 1000000 1000000 1000000 9035 4205 7151 19449 21012 21700 7224 7316 5000 3985 5846 31762 31433 28962 26140 29416 29291 44914 41283 41675 59891 50094 50962 35063 27019 12307 16445 1000000 1000000 0 1000000 1000000 
1000000 1000000 1000000 1000000 1000000 16347 18795 22940 19491 23345 23331 22998 23093 11344 11836 9972 34260 33901 30263 29249 24987 24918 48898 44783 43235 58818 38024 38649 27500 14560 4245 632 1000000 1000000 1000000 0 1000000 
1000000 1000000 1000000 1000000 1000000 69442 67934 69102 45486 46259 45213 69275 69325 59317 61045 60221 42345 42371 41242 45047 34974 35113 45697 43833 38525 31507 20228 20588 28667 40323 54772 54386 1000000 1000000 1000000 1000000 0 
1000000 1000000 1000000 1000000 1000000 0 7324 12209 27222 29411 29982 12120 12210 11002 9209 9420 40456 40117 37401 34828 36379 36268 53876 50187 50339 68214 53987 54694 41057 30349 14853 16904 22000 26216 9035 16347 69442 
1000000 1000000 1000000 1000000 1000000 7324 0 5070 23516 24824 25571 5022 5120 8938 7507 9070 35284 34966 32700 29697 33584 33457 47980 44485 45189 63618 54148 54995 39267 30907 15755 19424 14901 20751 4205 18795 67934 
1000000 1000000 1000000 1000000 1000000 12209 5070 0 23810 24254 25137 200 224 12031 11133 12969 33825 33534 31765 28410 34257 34122 45581 42333 43600 62393 56498 57421 40551 33821 19447 23572 11309 19449 7151 22940 69102 
1000000 1000000 1000000 1000000 1000000 27222 23516 23810 0 4205 3905 23993 24034 16225 18014 18088 14787 14427 10913 9841 10515 10377 29408 25300 24075 41101 35193 36308 17395 17473 16261 19719 17929 7779 19449 19491 45486 
1000000 1000000 1000000 1000000 1000000 29411 24824 24254 4205 0 1063 24448 24472 18603 20305 20714 11322 10966 7991 5941 11780 11640 25711 21678 21034 38887 37656 38827 19221 21471 19860 23618 16524 5532 21012 23345 46259 
1000000 1000000 1000000 1000000 1000000 29982 25571 25137 3905 1063 0 25330 25357 19102 20831 21155 11064 10704 7473 5941 10720 10580 25601 21523 20624 38251 36631 37806 18169 20808 19969 23577 17570 6586 21700 23331 45213 
1000000 1000000 1000000 1000000 1000000 12120 5022 200 23993 24448 25330 0 100 12124 11201 13029 34025 33733 31962 28609 34435 34301 45777 42532 43800 62592 56640 57561 40719 33940 19526 23630 11495 19647 7224 22998 69275 
1000000 1000000 1000000 1000000 1000000 12210 5120 224 24034 24472 25357 100 0 12212 11295 13124 34029 33738 31978 28618 34480 34346 45759 42519 43800 62598 56711 57633 40774 34020 19617 23726 11459 19660 7316 23093 69325 
1000000 1000000 1000000 1000000 1000000 11002 8938 12031 16225 18603 19102 12124 12212 0 1811 2404 29820 29473 26564 24230 25536 25420 43696 39853 39629 57267 45210 46058 30695 22032 7500 11960 15717 16104 5000 11344 59317 
1000000 1000000 1000000 1000000 1000000 9209 7507 11133 18014 20305 20831 11201 11295 1811 0 1903 31475 31129 28280 25868 27343 27226 45237 41431 41310 59029 46727 47553 32445 23406 8365 12466 16197 17578 3985 11836 61045 
1000000 1000000 1000000 1000000 1000000 9420 9070 12969 18088 20714 21155 13029 13124 2404 1903 0 31988 31637 28627 26425 26967 26857 45974 42101 41747 59188 45480 46275 31720 22017 6685 10604 17901 18446 5846 9972 60221 
1000000 1000000 1000000 1000000 1000000 40456 35284 33825 14787 11322 11064 34025 34029 29820 31475 31988 0 361 4244 5629 14459 14384 14666 10526 9914 28577 39012 40296 20801 29300 31016 34469 23940 14542 31762 34260 42345 
1000000 1000000 1000000 1000000 1000000 40117 34966 33534 14427 10966 10704 33733 33738 29473 31129 31637 361 0 3912 5295 14199 14122 15023 10885 10242 28863 38865 40146 20606 28984 30656 34109 23696 14228 31433 33901 42371 
1000000 1000000 1000000 1000000 1000000 37401 32700 31765 10913 7991 7473 31962 31978 26564 28280 28627 4244 3912 0 3860 10630 10539 18810 14641 13185 30932 36065 37328 17494 25089 27167 30446 22755 12336 28962 30263 41242 
1000000 1000000 1000000 1000000 1000000 34828 29697 28410 9841 5941 5941 28609 28618 24230 25868 26425 5629 5295 3860 0 13103 12988 19775 15765 15536 34012 39122 40363 20412 26026 25800 29505 19019 9001 26140 29249 45047 
1000000 1000000 1000000 1000000 1000000 36379 33584 34257 10515 11780 10720 34435 34480 25536 27343 26967 14459 14199 10630 13103 0 141 27714 23632 20307 33895 26184 27400 7513 15795 23135 24961 28074 17225 29416 24987 34974 
1000000 1000000 1000000 1000000 1000000 36268 33457 34122 10377 11640 10580 34301 34346 25420 27226 26857 14384 14122 10539 12988 141 0 27680 23593 20294 33954 26314 27528 7648 15804 23047 24894 27933 17084 29291 24918 35113 
1000000 1000000 1000000 1000000 1000000 53876 47980 45581 29408 25711 25601 45777 45759 43696 45237 45974 14666 15023 18810 19775 27714 27680 0 4177 8287 21107 48429 49723 32356 43330 45558 49118 34556 27693 44914 48898 45697 
1000000 1000000 1000000 1000000 1000000 50187 44485 42333 25300 21678 21523 42532 42519 39853 41431 42101 10526 10885 14641 15765 23632 23593 4177 0 5345 22086 45140 46439 28544 39190 41492 44994 31519 23970 41283 44783 43833 
1000000 1000000 1000000 1000000 1000000 50339 45189 43600 24075 21034 20624 43800 43800 39629 41310 41747 9914 10242 13185 15536 20307 20294 8287 5345 0 19043 40153 41448 24279 36097 40294 43376 33341 24439 41675 43235 38525 
1000000 1000000 1000000 1000000 1000000 68214 63618 62393 41101 38887 38251 62592 62598 57267 59029 59188 28577 28863 30932 34012 33895 33954 21107 22086 19043 0 42636 43751 33920 48449 56589 58822 52355 43012 59891 58818 31507 
1000000 1000000 1000000 1000000 1000000 53987 54148 56498 35193 37656 36631 56640 56711 45210 46727 45480 39012 38865 36065 39122 26184 26314 48429 45140 40153 42636 0 1300 18722 23638 39190 37569 53030 42795 50094 38024 20228 
1000000 1000000 1000000 1000000 1000000 54694 54995 57421 36308 38827 37806 57561 57633 46058 47553 46275 40296 40146 37328 40363 27400 27528 49723 46439 41448 43751 1300 0 19955 24356 39931 38181 54113 43936 50962 38649 20588 
1000000 1000000 1000000 1000000 1000000 41057 39267 40551 17395 19221 18169 40719 40774 30695 32445 31720 20801 20606 17494 20412 7513 7648 32356 28544 24279 33920 18722 19955 0 14806 26732 27305 35270 24580 35063 27500 28667 
1000000 1000000 1000000 1000000 1000000 30349 30907 33821 17473 21471 20808 33940 34020 22032 23406 22017 29300 28984 25089 26026 15795 15804 43330 39190 36097 48449 23638 24356 14806 0 15580 14168 32835 24813 27019 14560 40323 
1000000 1000000 1000000 1000000 1000000 14853 15755 19447 16261 19860 19969 19526 19617 7500 8365 6685 31016 30656 27167 25800 23135 23047 45558 41492 40294 56589 39190 39931 26732 15580 0 4785 22289 19420 12307 4245 54772 
1000000 1000000 1000000 1000000 1000000 16904 19424 23572 19719 23618 23577 23630 23726 11960 12466 10604 34469 34109 30446 29505 24961 24894 49118 44994 43376 58822 37569 38181 27305 14168 4785 0 27068 23808 16445 632 54386 
1000000 0 1000000 1000000 1000000 1000000 1000000 1000000 1000000 1000000 1000000 1000000 1000000 1000000 1000000 1000000 1000000 1000000 1000000 1000000 1000000 1000000 1000000 1000000 1000000 1000000 1000000 1000000 1000000 1000000 1000000 1000000 1000000 1000000 1000000 1000000 1000000 
1000000 1000000 0 1000000 1000000 1000000 1000000 1000000 1000000 1000000 1000000 1000000 1000000 1000000 1000000 1000000 1000000 1000000 1000000 1000000 1000000 1000000 1000000 1000000 1000000 1000000 1000000 1000000 1000000 1000000 1000000 1000000 1000000 1000000 1000000 1000000 1000000 
1000000 1000000 1000000 0 1000000 1000000 1000000 1000000 1000000 1000000 1000000 1000000 1000000 1000000 1000000 1000000 1000000 1000000 1000000 1000000 1000000 1000000 1000000 1000000 1000000 1000000 1000000 1000000 1000000 1000000 1000000 1000000 1000000 1000000 1000000 1000000 1000000 
1000000 1000000 1000000 1000000 0 1000000 1000000 1000000 1000000 1000000 1000000 1000000 1000000 1000000 1000000 1000000 1000000 1000000 1000000 1000000 1000000 1000000 1000000 1000000 1000000 1000000 1000000 1000000 1000000 1000000 1000000 1000000 1000000 1000000 1000000 1000000 1000000 
0 1000000 1000000 1000000 1000000 1000000 1000000 1000000 1000000 1000000 1000000 1000000 1000000 1000000 1000000 1000000 1000000 1000000 1000000 1000000 1000000 1000000 1000000 1000000 1000000 1000000 1000000 1000000 1000000 1000000 1000000 1000000 1000000 1000000 1000000 1000000 1000000 
EOF
