NAME : Or117-14-f
TYPE : ATSP
DIMENSION : 145
EDGE_WEIGHT_TYPE : EXPLICIT
EDGE_WEIGHT_FORMAT : FULL_MATRIX
EDGE_WEIGHT_SECTION
1000000 1000000 1000000 1000000 1000000 1000000 1000000 1000000 1000000 1000000 1000000 1000000 1000000 1000000 4220 152245 28071 152245 49681 152245 10790 152245 36455 152245 35427 152245 10290 152245 10876 11766 825 67024 20634 13019 19208 23801 7003 35274 19413 82102 7803 20809 28143 13568 38173 0 15055 44096 40787 806 85798 27301 62550 21083 47047 21672 7841 9047 30414 13315 9407 45412 57618 24947 24060 16033 781 30489 26888 35427 15603 7860 23098 28071 49681 22114 20342 2500 45440 10790 4220 8677 28434 32602 39364 24052 72346 8602 64643 22058 56039 19038 21911 36839 12489 43148 25589 23567 45845 38694 33994 68704 15347 6081 23132 9121 36455 49610 2518 87074 16011 7569 46258 24809 21836 18180 76373 22642 632 28808 10290 922 24531 9654 31213 18191 23467 109044 108405 115298 110360 0 1000000 1000000 1000000 1000000 1000000 1000000 1000000 1000000 1000000 1000000 1000000 1000000 1000000 
1000000 1000000 1000000 1000000 1000000 1000000 1000000 1000000 1000000 1000000 1000000 1000000 1000000 1000000 148030 0 130283 0 161820 0 155633 0 176178 0 129294 0 162500 0 163046 156474 152906 140943 168473 164062 156022 168438 146755 174212 141379 103149 144935 152226 151855 163973 122868 152245 165279 179851 112877 151493 78852 170949 125124 143472 184226 169382 150666 146927 134110 164091 161624 110147 161817 134991 153249 165258 152396 150022 152871 129294 140705 154346 170211 130283 161820 131029 164050 154310 127014 155633 148030 144320 164016 174411 131224 152414 156446 153033 111827 137043 104115 150944 166454 155201 163497 137005 161845 145567 176121 149557 151651 121844 147080 146196 144832 156168 176178 125939 154003 123850 166260 155461 107976 165195 164487 144767 99546 151093 152022 128352 162500 151421 131217 152421 137806 141916 150139 99707 205031 66439 107613 1000000 0 1000000 1000000 1000000 1000000 1000000 1000000 1000000 1000000 1000000 1000000 1000000 1000000 
1000000 1000000 1000000 1000000 1000000 1000000 1000000 1000000 1000000 1000000 1000000 1000000 1000000 1000000 4884 152906 28339 152906 49168 152906 11104 152906 35668 152906 36244 152906 9690 152906 10296 12043 0 66825 19812 12210 18639 23000 7269 34499 20206 82301 8596 21356 27732 12747 38997 825 14234 43325 41324 1616 86236 26500 63342 21833 46257 20849 7547 9093 30491 12500 8721 45886 57140 25767 24586 15208 1360 31094 27431 36244 15808 8213 22277 28339 49168 22632 19573 1676 45511 11104 4884 9481 27750 31806 39401 23617 71982 8092 65465 22214 56847 19622 21119 36379 11678 43899 24923 23353 45125 39312 34574 69502 15164 6801 23847 8412 35668 50414 2550 87860 15192 6862 46782 24068 21076 18926 77197 23222 1400 29132 9690 1487 25348 9193 31168 18220 24071 109224 107782 115702 110481 1000000 1000000 0 1000000 1000000 1000000 1000000 1000000 1000000 1000000 1000000 1000000 1000000 1000000 
1000000 1000000 1000000 1000000 1000000 1000000 1000000 1000000 1000000 1000000 1000000 1000000 1000000 1000000 148030 0 130283 0 161820 0 155633 0 176178 0 129294 0 162500 0 163046 156474 152906 140943 168473 164062 156022 168438 146755 174212 141379 103149 144935 152226 151855 163973 122868 152245 165279 179851 112877 151493 78852 170949 125124 143472 184226 169382 150666 146927 134110 164091 161624 110147 161817 134991 153249 165258 152396 150022 152871 129294 140705 154346 170211 130283 161820 131029 164050 154310 127014 155633 148030 144320 164016 174411 131224 152414 156446 153033 111827 137043 104115 150944 166454 155201 163497 137005 161845 145567 176121 149557 151651 121844 147080 146196 144832 156168 176178 125939 154003 123850 166260 155461 107976 165195 164487 144767 99546 151093 152022 128352 162500 151421 131217 152421 137806 141916 150139 99707 205031 66439 107613 1000000 1000000 1000000 0 1000000 1000000 1000000 1000000 1000000 1000000 1000000 1000000 1000000 1000000 
1000000 1000000 1000000 1000000 1000000 1000000 1000000 1000000 1000000 1000000 1000000 1000000 1000000 1000000 25158 128352 2256 128352 43826 128352 37448 128352 48483 128352 39513 128352 38328 128352 39004 38552 29132 47183 40461 37577 27688 40096 21869 46578 32919 53806 24627 42475 25461 37121 37152 28808 38221 53400 16002 28317 57569 42614 66029 36449 57606 41310 24048 20683 9321 37433 36886 18310 48979 32330 45541 37801 29334 48840 47519 39513 13662 34804 42022 2256 43826 9588 35729 29937 20123 37448 25158 24749 36359 46302 15930 24797 57651 26032 62020 8711 46373 40327 38132 32063 37045 52835 33894 17933 51295 55422 52565 70802 18901 24200 39357 29158 48483 53079 31244 89416 39134 28888 20414 36939 36135 34954 69595 43189 28925 0 38328 27888 26663 25137 13852 13682 43249 80830 103020 86756 82727 1000000 1000000 1000000 1000000 0 1000000 1000000 1000000 1000000 1000000 1000000 1000000 1000000 1000000 
1000000 1000000 1000000 1000000 1000000 1000000 1000000 1000000 1000000 1000000 1000000 1000000 1000000 1000000 148030 0 130283 0 161820 0 155633 0 176178 0 129294 0 162500 0 163046 156474 152906 140943 168473 164062 156022 168438 146755 174212 141379 103149 144935 152226 151855 163973 122868 152245 165279 179851 112877 151493 78852 170949 125124 143472 184226 169382 150666 146927 134110 164091 161624 110147 161817 134991 153249 165258 152396 150022 152871 129294 140705 154346 170211 130283 161820 131029 164050 154310 127014 155633 148030 144320 164016 174411 131224 152414 156446 153033 111827 137043 104115 150944 166454 155201 163497 137005 161845 145567 176121 149557 151651 121844 147080 146196 144832 156168 176178 125939 154003 123850 166260 155461 107976 165195 164487 144767 99546 151093 152022 128352 162500 151421 131217 152421 137806 141916 150139 99707 205031 66439 107613 1000000 1000000 1000000 1000000 1000000 0 1000000 1000000 1000000 1000000 1000000 1000000 1000000 1000000 
1000000 1000000 1000000 1000000 1000000 1000000 1000000 1000000 1000000 1000000 1000000 1000000 1000000 1000000 22717 151093 43541 151093 72260 151093 13462 151093 57336 151093 22627 151093 25244 151093 25156 13153 23222 87419 40363 31674 41849 44590 26870 56469 11302 96140 20304 2200 50448 32867 28504 22642 34126 65279 48615 22271 93961 47974 44330 8139 67685 41283 30120 29771 48473 32247 26221 54594 80093 16447 2500 35776 21901 7948 4500 22627 33794 15580 42812 43541 72260 33777 41949 24377 62805 13462 22717 19704 50776 53263 57454 46467 94188 31232 50092 39858 48018 3606 43017 59289 31368 23542 48031 44841 67814 16193 11353 50773 36776 22084 6265 31486 57336 33063 21153 68011 34794 29971 53901 46704 43539 8417 63508 0 22027 43189 25244 22965 21586 32230 50679 37811 1265 123038 130968 123781 125512 1000000 1000000 1000000 1000000 1000000 1000000 0 1000000 1000000 1000000 1000000 1000000 1000000 1000000 
1000000 1000000 1000000 1000000 1000000 1000000 1000000 1000000 1000000 1000000 1000000 1000000 1000000 1000000 148030 0 130283 0 161820 0 155633 0 176178 0 129294 0 162500 0 163046 156474 152906 140943 168473 164062 156022 168438 146755 174212 141379 103149 144935 152226 151855 163973 122868 152245 165279 179851 112877 151493 78852 170949 125124 143472 184226 169382 150666 146927 134110 164091 161624 110147 161817 134991 153249 165258 152396 150022 152871 129294 140705 154346 170211 130283 161820 131029 164050 154310 127014 155633 148030 144320 164016 174411 131224 152414 156446 153033 111827 137043 104115 150944 166454 155201 163497 137005 161845 145567 176121 149557 151651 121844 147080 146196 144832 156168 176178 125939 154003 123850 166260 155461 107976 165195 164487 144767 99546 151093 152022 128352 162500 151421 131217 152421 137806 141916 150139 99707 205031 66439 107613 1000000 1000000 1000000 1000000 1000000 1000000 1000000 0 1000000 1000000 1000000 1000000 1000000 1000000 
1000000 1000000 1000000 1000000 1000000 1000000 1000000 1000000 1000000 1000000 1000000 1000000 1000000 1000000 4071 152022 28235 152022 50280 152022 10293 152022 37065 152022 34854 152022 10481 152022 11044 11287 1400 67486 21191 13485 19825 24400 7211 35891 18807 82307 7406 20204 28709 14073 37652 632 15559 44715 40706 608 85808 27900 61943 20456 47656 22227 8374 9396 30715 13799 9694 45392 58206 24382 23462 16574 412 29868 26284 34854 15826 7350 23660 28235 50280 22062 20962 3041 45741 10293 4071 8249 29066 33205 39688 24627 72889 9209 64086 22309 55589 18423 22518 37422 12962 42522 26221 24044 46476 38071 33379 68102 15815 5826 22500 9753 37065 49015 2319 86463 16508 8201 46189 25437 22459 17552 75852 22027 0 28925 10481 1170 24055 10245 31592 18532 22847 109263 109031 115336 110620 1000000 1000000 1000000 1000000 1000000 1000000 1000000 1000000 0 1000000 1000000 1000000 1000000 1000000 
1000000 1000000 1000000 1000000 1000000 1000000 1000000 1000000 1000000 1000000 1000000 1000000 1000000 1000000 148030 0 130283 0 161820 0 155633 0 176178 0 129294 0 162500 0 163046 156474 152906 140943 168473 164062 156022 168438 146755 174212 141379 103149 144935 152226 151855 163973 122868 152245 165279 179851 112877 151493 78852 170949 125124 143472 184226 169382 150666 146927 134110 164091 161624 110147 161817 134991 153249 165258 152396 150022 152871 129294 140705 154346 170211 130283 161820 131029 164050 154310 127014 155633 148030 144320 164016 174411 131224 152414 156446 153033 111827 137043 104115 150944 166454 155201 163497 137005 161845 145567 176121 149557 151651 121844 147080 146196 144832 156168 176178 125939 154003 123850 166260 155461 107976 165195 164487 144767 99546 151093 152022 128352 162500 151421 131217 152421 137806 141916 150139 99707 205031 66439 107613 1000000 1000000 1000000 1000000 1000000 1000000 1000000 1000000 1000000 0 1000000 1000000 1000000 1000000 
1000000 1000000 1000000 1000000 1000000 1000000 1000000 1000000 1000000 1000000 1000000 1000000 1000000 1000000 13901 156474 38231 156474 60808 156474 1105 156474 44258 156474 32202 156474 12093 156474 12027 0 12043 78772 27239 18554 30179 31560 18028 43450 16147 92343 14009 10984 39699 19780 36749 11766 21004 52230 48071 11765 93856 34904 56797 15692 54559 28147 19582 20551 41538 19138 13097 53407 68905 22902 13757 22692 10993 20980 16669 32202 26412 3992 29676 38231 60808 30330 29167 12667 56511 1105 13901 14080 38331 40170 50593 35552 83995 19981 61215 32937 56070 10000 30068 48227 18269 36255 35726 35329 55004 29148 24035 63188 27102 14426 16378 19462 44258 44772 9543 80825 21652 18062 53602 33989 30775 13200 74048 13153 11287 38552 12093 12442 25392 21152 42729 29588 14290 119363 118602 123632 121043 1000000 1000000 1000000 1000000 1000000 1000000 1000000 1000000 1000000 1000000 0 1000000 1000000 1000000 
1000000 1000000 1000000 1000000 1000000 1000000 1000000 1000000 1000000 1000000 1000000 1000000 1000000 1000000 148030 0 130283 0 161820 0 155633 0 176178 0 129294 0 162500 0 163046 156474 152906 140943 168473 164062 156022 168438 146755 174212 141379 103149 144935 152226 151855 163973 122868 152245 165279 179851 112877 151493 78852 170949 125124 143472 184226 169382 150666 146927 134110 164091 161624 110147 161817 134991 153249 165258 152396 150022 152871 129294 140705 154346 170211 130283 161820 131029 164050 154310 127014 155633 148030 144320 164016 174411 131224 152414 156446 153033 111827 137043 104115 150944 166454 155201 163497 137005 161845 145567 176121 149557 151651 121844 147080 146196 144832 156168 176178 125939 154003 123850 166260 155461 107976 165195 164487 144767 99546 151093 152022 128352 162500 151421 131217 152421 137806 141916 150139 99707 205031 66439 107613 1000000 1000000 1000000 1000000 1000000 1000000 1000000 1000000 1000000 1000000 1000000 0 1000000 1000000 
1000000 1000000 1000000 1000000 1000000 1000000 1000000 1000000 1000000 1000000 1000000 1000000 1000000 1000000 15088 163046 38009 163046 51760 163046 11904 163046 32585 163046 43072 163046 700 163046 0 12027 10296 72988 15508 7049 21932 20125 17275 31934 26595 91454 18179 22971 32383 8431 46844 10876 9391 40602 51615 11594 96368 23308 68628 27005 42722 16349 15432 18376 39208 7685 2500 56108 60102 33038 25556 11238 10661 32898 28430 43072 25403 10893 17868 38009 51760 32915 18491 9155 54030 11904 15088 18881 28119 28468 47760 28238 76283 14251 72376 31481 65530 22015 18900 40052 6940 48215 25884 30202 43855 40978 35774 74983 22750 16860 28130 11982 32585 56331 9061 92774 9879 11300 57065 23321 20085 24232 84798 25156 11044 39004 700 11748 33978 15483 39085 26948 26310 118231 107912 125734 119118 1000000 1000000 1000000 1000000 1000000 1000000 1000000 1000000 1000000 1000000 1000000 1000000 0 1000000 
1000000 1000000 1000000 1000000 1000000 1000000 1000000 1000000 1000000 1000000 1000000 1000000 1000000 1000000 148030 0 130283 0 161820 0 155633 0 176178 0 129294 0 162500 0 163046 156474 152906 140943 168473 164062 156022 168438 146755 174212 141379 103149 144935 152226 151855 163973 122868 152245 165279 179851 112877 151493 78852 170949 125124 143472 184226 169382 150666 146927 134110 164091 161624 110147 161817 134991 153249 165258 152396 150022 152871 129294 140705 154346 170211 130283 161820 131029 164050 154310 127014 155633 148030 144320 164016 174411 131224 152414 156446 153033 111827 137043 104115 150944 166454 155201 163497 137005 161845 145567 176121 149557 151651 121844 147080 146196 144832 156168 176178 125939 154003 123850 166260 155461 107976 165195 164487 144767 99546 151093 152022 128352 162500 151421 131217 152421 137806 141916 150139 99707 205031 66439 107613 1000000 1000000 1000000 1000000 1000000 1000000 1000000 1000000 1000000 1000000 1000000 1000000 1000000 0 
1000000 1000000 1000000 1000000 1000000 1000000 1000000 1000000 1000000 1000000 1000000 1000000 1000000 1000000 0 148030 24605 148030 49799 148030 12816 148030 38925 148030 32706 148030 14509 148030 15088 13901 4884 65329 23880 16843 20019 26545 4272 37600 17390 78757 4243 21152 27800 17219 34929 4220 18694 46331 36640 3499 81808 30017 60289 19647 49517 24924 7819 7094 27637 17067 13603 41365 57486 22200 24481 19443 4472 30261 27154 32706 12517 9946 26277 24605 49799 18014 22722 6389 42614 12816 0 5235 29928 35228 36695 23908 71504 9634 61670 19047 52341 19164 24549 36702 16293 41497 26976 22215 47548 38303 33921 66327 14073 2012 22048 11344 38925 47161 6297 84868 19679 9899 42127 26848 24101 16867 73076 22717 4071 25158 14509 3397 21044 10288 28950 15792 23354 105748 109186 111374 107266 4220 148030 4884 148030 25158 148030 22717 148030 4071 148030 13901 148030 15088 148030 
1000000 1000000 1000000 1000000 1000000 1000000 1000000 1000000 1000000 1000000 1000000 1000000 1000000 1000000 148030 0 130283 0 161820 0 155633 0 176178 0 129294 0 162500 0 163046 156474 152906 140943 168473 164062 156022 168438 146755 174212 141379 103149 144935 152226 151855 163973 122868 152245 165279 179851 112877 151493 78852 170949 125124 143472 184226 169382 150666 146927 134110 164091 161624 110147 161817 134991 153249 165258 152396 150022 152871 129294 140705 154346 170211 130283 161820 131029 164050 154310 127014 155633 148030 144320 164016 174411 131224 152414 156446 153033 111827 137043 104115 150944 166454 155201 163497 137005 161845 145567 176121 149557 151651 121844 147080 146196 144832 156168 176178 125939 154003 123850 166260 155461 107976 165195 164487 144767 99546 151093 152022 128352 162500 151421 131217 152421 137806 141916 150139 99707 205031 66439 107613 152245 0 152906 0 128352 0 151093 0 152022 0 156474 0 163046 0 
1000000 1000000 1000000 1000000 1000000 1000000 1000000 1000000 1000000 1000000 1000000 1000000 1000000 1000000 24605 130283 0 130283 41648 130283 37127 130283 46374 130283 40966 130283 37324 130283 38009 38231 28339 45863 38758 36231 25740 38221 21077 44460 33563 54158 24456 42720 23222 35711 38863 28071 36762 51206 18165 27631 58901 40666 67753 37063 55424 39584 22836 19633 7280 36057 35823 20156 46911 33400 45849 36258 28639 49453 47927 40966 12612 34406 40248 0 41648 10480 33885 29035 19349 37127 24605 24668 34230 44260 14639 22638 55946 24698 63999 6997 48526 40566 36284 29818 35710 54112 31806 15754 49052 56232 53202 72613 17226 23811 39979 27785 46374 54724 30547 91270 37656 27613 22427 34938 34234 35419 71733 43541 28235 2256 37324 27160 27896 23740 11724 12022 43666 81160 100966 87912 82842 28071 130283 28339 130283 2256 130283 43541 130283 28235 130283 38231 130283 38009 130283 
1000000 1000000 1000000 1000000 1000000 1000000 1000000 1000000 1000000 1000000 1000000 1000000 1000000 1000000 148030 0 130283 0 161820 0 155633 0 176178 0 129294 0 162500 0 163046 156474 152906 140943 168473 164062 156022 168438 146755 174212 141379 103149 144935 152226 151855 163973 122868 152245 165279 179851 112877 151493 78852 170949 125124 143472 184226 169382 150666 146927 134110 164091 161624 110147 161817 134991 153249 165258 152396 150022 152871 129294 140705 154346 170211 130283 161820 131029 164050 154310 127014 155633 148030 144320 164016 174411 131224 152414 156446 153033 111827 137043 104115 150944 166454 155201 163497 137005 161845 145567 176121 149557 151651 121844 147080 146196 144832 156168 176178 125939 154003 123850 166260 155461 107976 165195 164487 144767 99546 151093 152022 128352 162500 151421 131217 152421 137806 141916 150139 99707 205031 66439 107613 152245 0 152906 0 128352 0 151093 0 152022 0 156474 0 163046 0 
1000000 1000000 1000000 1000000 1000000 1000000 1000000 1000000 1000000 1000000 1000000 1000000 1000000 1000000 49799 161820 41648 161820 0 161820 60014 161820 28182 161820 79190 161820 51232 161820 51760 60808 49168 30031 38835 45090 30631 34083 45968 26879 66509 65140 53101 70481 22182 43686 78752 49681 43245 25252 57977 50002 83681 32609 107148 69225 28865 38612 42160 43078 34600 44467 49496 56988 8438 69547 73741 41373 50442 79990 76561 79190 41855 57273 37655 41648 0 49578 33736 48232 35257 60014 49799 53975 24168 30416 32530 25897 26072 41082 105033 38833 90168 68656 34231 13242 45025 90377 25962 29411 18797 88091 83586 112567 36270 50869 71774 41357 28182 93796 51461 131387 43273 42747 60384 29310 32284 66562 113350 72260 50280 43826 51232 49304 65649 40041 30001 37476 73011 87024 60210 107088 84737 49681 161820 49168 161820 43826 161820 72260 161820 50280 161820 60808 161820 51760 161820 
1000000 1000000 1000000 1000000 1000000 1000000 1000000 1000000 1000000 1000000 1000000 1000000 1000000 1000000 148030 0 130283 0 161820 0 155633 0 176178 0 129294 0 162500 0 163046 156474 152906 140943 168473 164062 156022 168438 146755 174212 141379 103149 144935 152226 151855 163973 122868 152245 165279 179851 112877 151493 78852 170949 125124 143472 184226 169382 150666 146927 134110 164091 161624 110147 161817 134991 153249 165258 152396 150022 152871 129294 140705 154346 170211 130283 161820 131029 164050 154310 127014 155633 148030 144320 164016 174411 131224 152414 156446 153033 111827 137043 104115 150944 166454 155201 163497 137005 161845 145567 176121 149557 151651 121844 147080 146196 144832 156168 176178 125939 154003 123850 166260 155461 107976 165195 164487 144767 99546 151093 152022 128352 162500 151421 131217 152421 137806 141916 150139 99707 205031 66439 107613 152245 0 152906 0 128352 0 151093 0 152022 0 156474 0 163046 0 
1000000 1000000 1000000 1000000 1000000 1000000 1000000 1000000 1000000 1000000 1000000 1000000 1000000 1000000 12816 155633 37127 155633 60014 155633 0 155633 43876 155633 31831 155633 11907 155633 11904 1105 11104 77761 26907 18220 29385 31140 16959 43026 15625 91239 12914 11332 38807 19405 36231 10790 20671 51827 47030 10754 92803 34514 56762 15400 54227 27835 18623 19507 40453 18788 12774 52345 68082 22354 14247 22314 10012 21360 17162 31831 25322 2953 29364 37127 60014 29244 28625 11811 55420 0 12816 12999 37696 39802 49510 34672 83083 19100 60941 31845 55480 10160 29600 47377 17908 36311 35056 34335 54485 29568 24512 63135 26102 13322 16278 18700 43876 44612 8637 80872 21356 17273 52563 33427 30227 12804 73684 13462 10293 37448 11907 11439 24633 20255 41671 28525 14553 118258 117973 122573 119940 10790 155633 11104 155633 37448 155633 13462 155633 10293 155633 1105 155633 11904 155633 
1000000 1000000 1000000 1000000 1000000 1000000 1000000 1000000 1000000 1000000 1000000 1000000 1000000 1000000 148030 0 130283 0 161820 0 155633 0 176178 0 129294 0 162500 0 163046 156474 152906 140943 168473 164062 156022 168438 146755 174212 141379 103149 144935 152226 151855 163973 122868 152245 165279 179851 112877 151493 78852 170949 125124 143472 184226 169382 150666 146927 134110 164091 161624 110147 161817 134991 153249 165258 152396 150022 152871 129294 140705 154346 170211 130283 161820 131029 164050 154310 127014 155633 148030 144320 164016 174411 131224 152414 156446 153033 111827 137043 104115 150944 166454 155201 163497 137005 161845 145567 176121 149557 151651 121844 147080 146196 144832 156168 176178 125939 154003 123850 166260 155461 107976 165195 164487 144767 99546 151093 152022 128352 162500 151421 131217 152421 137806 141916 150139 99707 205031 66439 107613 152245 0 152906 0 128352 0 151093 0 152022 0 156474 0 163046 0 
1000000 1000000 1000000 1000000 1000000 1000000 1000000 1000000 1000000 1000000 1000000 1000000 1000000 1000000 38925 176178 46374 176178 28182 176178 43876 176178 0 176178 71628 176178 32351 176178 32585 44258 35668 57185 17079 25718 21541 12791 36940 1985 55865 87777 43146 55205 24486 24479 73593 36455 23277 8023 64471 37134 101345 9362 99002 57414 10600 16248 31878 34968 42071 25124 31168 66227 36011 61118 57997 21567 36991 65227 60899 71628 38577 41930 14746 46374 28182 48912 16205 34107 51588 43876 38925 44145 12182 4123 46125 23821 54050 29553 100504 40138 89669 53951 14558 24067 25989 79432 14612 30720 12588 73406 68265 105135 31290 40765 59213 27603 0 86006 36975 123528 22709 29100 68761 12466 14849 54499 111449 57336 37065 48483 32351 36617 59549 29303 38543 35824 58405 112062 76409 127940 110729 36455 176178 35668 176178 48483 176178 57336 176178 37065 176178 44258 176178 32585 176178 
1000000 1000000 1000000 1000000 1000000 1000000 1000000 1000000 1000000 1000000 1000000 1000000 1000000 1000000 148030 0 130283 0 161820 0 155633 0 176178 0 129294 0 162500 0 163046 156474 152906 140943 168473 164062 156022 168438 146755 174212 141379 103149 144935 152226 151855 163973 122868 152245 165279 179851 112877 151493 78852 170949 125124 143472 184226 169382 150666 146927 134110 164091 161624 110147 161817 134991 153249 165258 152396 150022 152871 129294 140705 154346 170211 130283 161820 131029 164050 154310 127014 155633 148030 144320 164016 174411 131224 152414 156446 153033 111827 137043 104115 150944 166454 155201 163497 137005 161845 145567 176121 149557 151651 121844 147080 146196 144832 156168 176178 125939 154003 123850 166260 155461 107976 165195 164487 144767 99546 151093 152022 128352 162500 151421 131217 152421 137806 141916 150139 99707 205031 66439 107613 152245 0 152906 0 128352 0 151093 0 152022 0 156474 0 163046 0 
1000000 1000000 1000000 1000000 1000000 1000000 1000000 1000000 1000000 1000000 1000000 1000000 1000000 1000000 32706 129294 40966 129294 79190 129294 31831 129294 71628 129294 0 129294 42863 129294 43072 32202 36244 86683 56032 47950 51948 59149 35128 70302 16484 85873 28500 24233 57280 48747 6671 35427 50213 79008 36859 34687 78219 62641 28063 16560 82222 57064 40060 37608 47875 48364 43076 43022 85877 10512 24459 51380 35004 20765 23686 0 37347 32192 58509 40966 79190 30804 55423 37893 59131 31831 32706 27500 62243 67896 55442 54162 96736 42212 29347 40966 25520 23601 57195 66030 47480 13994 59247 49779 79882 22123 22788 33828 43549 30901 16711 44029 71628 14709 35500 52566 51110 42547 40985 59508 56806 19028 41853 22627 34854 39513 42863 35137 13577 42657 51648 41714 21503 111767 139395 107421 115487 35427 129294 36244 129294 39513 129294 22627 129294 34854 129294 32202 129294 43072 129294 
1000000 1000000 1000000 1000000 1000000 1000000 1000000 1000000 1000000 1000000 1000000 1000000 1000000 1000000 148030 0 130283 0 161820 0 155633 0 176178 0 129294 0 162500 0 163046 156474 152906 140943 168473 164062 156022 168438 146755 174212 141379 103149 144935 152226 151855 163973 122868 152245 165279 179851 112877 151493 78852 170949 125124 143472 184226 169382 150666 146927 134110 164091 161624 110147 161817 134991 153249 165258 152396 150022 152871 129294 140705 154346 170211 130283 161820 131029 164050 154310 127014 155633 148030 144320 164016 174411 131224 152414 156446 153033 111827 137043 104115 150944 166454 155201 163497 137005 161845 145567 176121 149557 151651 121844 147080 146196 144832 156168 176178 125939 154003 123850 166260 155461 107976 165195 164487 144767 99546 151093 152022 128352 162500 151421 131217 152421 137806 141916 150139 99707 205031 66439 107613 152245 0 152906 0 128352 0 151093 0 152022 0 156474 0 163046 0 
1000000 1000000 1000000 1000000 1000000 1000000 1000000 1000000 1000000 1000000 1000000 1000000 1000000 1000000 14509 162500 37324 162500 51232 162500 11907 162500 32351 162500 42863 162500 0 162500 700 12093 9690 72334 15274 6708 21322 19821 16621 31662 26380 90755 17678 23067 31753 8062 46554 10290 9100 40360 50995 11021 95708 23046 68563 26879 42542 16140 14734 17691 38508 7336 1838 55464 59563 32776 25710 10912 10104 33026 28595 42863 24720 10728 17665 37324 51232 32291 18060 8509 53330 11907 14509 18398 27659 28239 47061 27602 75695 13553 72184 30788 65172 22051 18543 39467 6551 48203 25385 29516 43524 41136 35951 74907 22051 16305 28071 11305 32351 56209 8556 92749 9646 10607 56439 22902 19660 24083 84551 25244 10481 38328 0 11152 33602 14787 38389 26249 26383 117531 107537 125063 118419 10290 162500 9690 162500 38328 162500 25244 162500 10481 162500 12093 162500 700 162500 
1000000 1000000 1000000 1000000 1000000 1000000 1000000 1000000 1000000 1000000 1000000 1000000 1000000 1000000 148030 0 130283 0 161820 0 155633 0 176178 0 129294 0 162500 0 163046 156474 152906 140943 168473 164062 156022 168438 146755 174212 141379 103149 144935 152226 151855 163973 122868 152245 165279 179851 112877 151493 78852 170949 125124 143472 184226 169382 150666 146927 134110 164091 161624 110147 161817 134991 153249 165258 152396 150022 152871 129294 140705 154346 170211 130283 161820 131029 164050 154310 127014 155633 148030 144320 164016 174411 131224 152414 156446 153033 111827 137043 104115 150944 166454 155201 163497 137005 161845 145567 176121 149557 151651 121844 147080 146196 144832 156168 176178 125939 154003 123850 166260 155461 107976 165195 164487 144767 99546 151093 152022 128352 162500 151421 131217 152421 137806 141916 150139 99707 205031 66439 107613 152245 0 152906 0 128352 0 151093 0 152022 0 156474 0 163046 0 
1000000 1000000 1000000 1000000 1000000 1000000 1000000 1000000 1000000 1000000 1000000 1000000 1000000 1000000 15088 163046 38009 163046 51760 163046 11904 163046 32585 163046 43072 163046 700 163046 0 12027 10296 72988 15508 7049 21932 20125 17275 31934 26595 91454 18179 22971 32383 8431 46844 10876 9391 40602 51615 11594 96368 23308 68628 27005 42722 16349 15432 18376 39208 7685 2500 56108 60102 33038 25556 11238 10661 32898 28430 43072 25403 10893 17868 38009 51760 32915 18491 9155 54030 11904 15088 18881 28119 28468 47760 28238 76283 14251 72376 31481 65530 22015 18900 40052 6940 48215 25884 30202 43855 40978 35774 74983 22750 16860 28130 11982 32585 56331 9061 92774 9879 11300 57065 23321 20085 24232 84798 25156 11044 39004 700 11748 33978 15483 39085 26948 26310 118231 107912 125734 119118 10876 163046 10296 163046 39004 163046 25156 163046 11044 163046 12027 163046 0 163046 
1000000 1000000 1000000 1000000 1000000 1000000 1000000 1000000 1000000 1000000 1000000 1000000 1000000 1000000 13901 156474 38231 156474 60808 156474 1105 156474 44258 156474 32202 156474 12093 156474 12027 0 12043 78772 27239 18554 30179 31560 18028 43450 16147 92343 14009 10984 39699 19780 36749 11766 21004 52230 48071 11765 93856 34904 56797 15692 54559 28147 19582 20551 41538 19138 13097 53407 68905 22902 13757 22692 10993 20980 16669 32202 26412 3992 29676 38231 60808 30330 29167 12667 56511 1105 13901 14080 38331 40170 50593 35552 83995 19981 61215 32937 56070 10000 30068 48227 18269 36255 35726 35329 55004 29148 24035 63188 27102 14426 16378 19462 44258 44772 9543 80825 21652 18062 53602 33989 30775 13200 74048 13153 11287 38552 12093 12442 25392 21152 42729 29588 14290 119363 118602 123632 121043 11766 156474 12043 156474 38552 156474 13153 156474 11287 156474 0 156474 12027 156474 
1000000 1000000 1000000 1000000 1000000 1000000 1000000 1000000 1000000 1000000 1000000 1000000 1000000 1000000 4884 152906 28339 152906 49168 152906 11104 152906 35668 152906 36244 152906 9690 152906 10296 12043 0 66825 19812 12210 18639 23000 7269 34499 20206 82301 8596 21356 27732 12747 38997 825 14234 43325 41324 1616 86236 26500 63342 21833 46257 20849 7547 9093 30491 12500 8721 45886 57140 25767 24586 15208 1360 31094 27431 36244 15808 8213 22277 28339 49168 22632 19573 1676 45511 11104 4884 9481 27750 31806 39401 23617 71982 8092 65465 22214 56847 19622 21119 36379 11678 43899 24923 23353 45125 39312 34574 69502 15164 6801 23847 8412 35668 50414 2550 87860 15192 6862 46782 24068 21076 18926 77197 23222 1400 29132 9690 1487 25348 9193 31168 18220 24071 109224 107782 115702 110481 825 152906 0 152906 29132 152906 23222 152906 1400 152906 12043 152906 10296 152906 
1000000 1000000 1000000 1000000 1000000 1000000 1000000 1000000 1000000 1000000 1000000 1000000 1000000 1000000 65329 140943 45863 140943 30031 140943 77761 140943 57185 140943 86683 140943 72334 140943 72988 78772 66825 0 63746 67530 51363 59738 61057 55598 78648 38901 67136 86154 40804 66282 83932 67024 66376 55220 54606 67009 62284 59371 112582 82008 58895 63869 59303 58328 39487 67000 70496 50568 24982 79199 89461 64759 67790 94190 91918 86683 53627 74809 63343 45863 30031 56303 57776 66547 28059 77761 65329 67714 49752 58605 31260 44841 15718 59423 106884 47760 89146 84054 59135 34854 67268 99973 50241 43474 48827 101491 97970 116895 51677 65539 84890 61095 57185 99950 69373 135092 66749 62042 54170 54518 56725 79947 111819 87419 67486 47183 72334 66330 73759 58165 36760 49673 87802 57651 65795 81036 54856 67024 140943 66825 140943 47183 140943 87419 140943 67486 140943 78772 140943 72988 140943 
1000000 1000000 1000000 1000000 1000000 1000000 1000000 1000000 1000000 1000000 1000000 1000000 1000000 1000000 23880 168473 38758 168473 38835 168473 26907 168473 17079 168473 56032 168473 15274 168473 15508 27239 19812 63746 0 8688 14244 4950 23124 16458 39813 88055 28077 38212 23705 7543 58742 20634 6237 25094 55597 21396 97239 7826 82809 41001 27323 1044 18392 22079 37011 8122 14144 58755 47270 45572 40950 4700 21030 48219 43846 56032 27794 25135 2500 38758 38835 37811 6101 18150 50135 26907 23880 29039 14714 12965 43900 20393 64487 15893 85277 31783 76117 37040 4682 29033 9009 62847 13559 25555 28570 56370 51208 89051 21560 25868 42592 13018 17079 70058 20635 107215 5630 14195 60592 9575 7021 38100 96926 40363 21191 40461 15274 21010 44922 16261 35072 26780 41460 114005 92782 125559 113872 20634 168473 19812 168473 40461 168473 40363 168473 21191 168473 27239 168473 15508 168473 
1000000 1000000 1000000 1000000 1000000 1000000 1000000 1000000 1000000 1000000 1000000 1000000 1000000 1000000 16843 164062 36231 164062 45090 164062 18220 164062 25718 164062 47950 164062 6708 164062 7049 18554 12210 67530 8688 0 16168 13118 17328 24978 31567 88326 20797 29524 26725 1414 51071 13019 2452 33710 51580 13822 95120 16381 74361 32535 36011 9618 13634 17279 36145 640 5457 55469 53480 37593 32280 4205 13240 39534 35181 47950 24030 16519 11146 36231 45090 33063 11531 10555 50475 18220 16843 21691 21213 21621 44147 22726 69995 11545 77282 29331 69057 28359 11851 33818 566 54258 19131 25900 36818 47694 42547 80643 19526 18848 34015 8450 25718 61743 12466 98700 3202 8746 56857 16325 13105 29655 89256 31674 13485 37577 6708 13600 37541 12500 35269 24413 32773 114830 100864 124088 115302 13019 164062 12210 164062 37577 164062 31674 164062 13485 164062 18554 164062 7049 164062 
1000000 1000000 1000000 1000000 1000000 1000000 1000000 1000000 1000000 1000000 1000000 1000000 1000000 1000000 20019 156022 25740 156022 30631 156022 29385 156022 21541 156022 51948 156022 21322 156022 21932 30179 18639 51363 14244 16168 0 12602 16869 19797 37365 73832 23867 39994 10562 14940 53102 19208 15160 27835 43485 19610 83401 14928 79884 39654 31603 14833 12207 14350 23021 15647 19500 45891 38750 41611 43216 13723 19949 49689 46068 51948 17046 26663 15121 25740 30631 27372 8497 17621 35895 29385 20019 24836 10412 18831 29656 6592 54418 10647 80106 19054 68356 38246 10805 18243 15906 61493 7424 11372 27958 57879 53202 85770 9750 21470 41979 10748 21541 66611 20860 104456 15663 12117 48100 9349 8560 36842 90483 41849 19825 27688 21322 18931 39106 9769 20841 14427 42671 99889 89273 111463 99941 19208 156022 18639 156022 27688 156022 41849 156022 19825 156022 30179 156022 21932 156022 
1000000 1000000 1000000 1000000 1000000 1000000 1000000 1000000 1000000 1000000 1000000 1000000 1000000 1000000 26545 168438 38221 168438 34083 168438 31140 168438 12791 168438 59149 168438 19821 168438 20125 31560 23000 59738 4950 13118 12602 0 25057 11890 43203 85535 30788 42472 20592 11811 61439 23801 10733 20690 55691 24507 95956 3500 86331 44662 23314 4549 20049 23492 35574 12500 18516 58372 42506 48641 45315 8916 24303 52500 48225 59149 28318 29145 3640 38221 34083 38626 4441 21406 47827 31140 26545 31779 10153 8820 41726 17849 59877 17586 88214 31396 78203 41183 2102 24892 13333 66658 9600 23840 23754 60699 55593 92501 21446 28458 46429 15224 12791 73410 24210 110827 10325 16646 60465 5224 4050 41747 99506 44590 24400 40096 19821 24025 47461 17605 33101 26544 45646 111145 87920 123844 110731 23801 168438 23000 168438 40096 168438 44590 168438 24400 168438 31560 168438 20125 168438 
1000000 1000000 1000000 1000000 1000000 1000000 1000000 1000000 1000000 1000000 1000000 1000000 1000000 1000000 4272 146755 21077 146755 45968 146755 16959 146755 36940 146755 35128 146755 16621 146755 17275 18028 7269 61057 23124 17328 16869 25057 0 35473 20686 75103 7159 25362 23854 17357 36667 7003 18745 44041 34540 6619 79095 28427 63020 23265 47454 24151 5064 2921 23581 17397 15340 38857 53532 24749 28692 19082 7606 34301 31331 35128 8615 14041 25367 21077 45968 15864 20912 8127 38596 16959 4272 8078 27115 33457 32601 20088 67319 7473 63626 15108 53163 23345 22980 32796 16762 44787 24120 17988 44758 42261 37996 68931 9925 4909 25812 10107 36940 49763 9501 87596 19743 9014 39930 24581 22129 20597 74546 26870 7211 21869 16621 6100 22617 7642 24725 11569 27459 102053 105623 108501 103419 7003 146755 7269 146755 21869 146755 26870 146755 7211 146755 18028 146755 17275 146755 
1000000 1000000 1000000 1000000 1000000 1000000 1000000 1000000 1000000 1000000 1000000 1000000 1000000 1000000 37600 174212 44460 174212 26879 174212 43026 174212 1985 174212 70302 174212 31662 174212 31934 43450 34499 55598 16458 24978 19797 11890 35473 0 54662 85879 41803 54357 22502 23692 72140 35274 22562 8846 62572 35934 99363 8633 97784 56302 11982 15706 30420 33423 40103 24368 30398 64282 34855 59800 57206 20787 35835 64385 60115 70302 36844 40989 14252 44460 26879 47156 14941 32969 49618 43026 37600 42803 10242 3982 44143 21881 52857 28140 99084 38269 88041 53047 13494 22205 25212 78349 12748 28784 12391 72588 67483 103885 29544 39408 58166 26323 1985 84737 35905 122332 22064 27840 66833 10904 13503 53388 109918 56469 35891 46578 31662 35396 58090 27831 36561 34007 57517 110246 76544 125984 108976 35274 174212 34499 174212 46578 174212 56469 174212 35891 174212 43450 174212 31934 174212 
1000000 1000000 1000000 1000000 1000000 1000000 1000000 1000000 1000000 1000000 1000000 1000000 1000000 1000000 17390 141379 33563 141379 66509 141379 15625 141379 55865 141379 16484 141379 26380 141379 26595 16147 20206 78648 39813 31567 37365 43203 20686 54662 0 85158 13542 11552 44330 32423 20609 19413 33874 63466 37326 18732 82680 46703 43138 3547 66459 40834 25164 23505 39215 32004 26609 43334 73865 6762 13801 35128 18900 15921 15108 16484 25569 15731 42307 33563 66509 23345 39721 21800 52908 15625 17390 12609 47313 52012 47942 40712 86669 27008 45819 30924 39950 9835 41324 53282 31113 24131 44365 37665 64915 22843 19649 49300 30241 15906 6440 28370 55865 30248 19185 67670 34747 26836 42600 44070 41185 3400 58234 11302 18807 32919 26380 19267 10530 27674 42014 29925 10946 111984 126304 112510 114632 19413 141379 20206 141379 32919 141379 11302 141379 18807 141379 16147 141379 26595 141379 
1000000 1000000 1000000 1000000 1000000 1000000 1000000 1000000 1000000 1000000 1000000 1000000 1000000 1000000 78757 103149 54158 103149 65140 103149 91239 103149 87777 103149 85873 103149 90755 103149 91454 92343 82301 38901 88055 88326 73832 85535 75103 85879 85158 0 78431 95713 65030 87469 80687 82102 88171 88340 49117 81709 26703 86554 105481 88672 92532 88577 76022 73317 52294 87995 89102 42900 62516 82541 98588 87119 82706 100714 100235 85873 66500 88553 88651 54158 65140 62625 82099 82822 37970 91239 78757 78529 77217 87780 44275 67767 53821 77374 95796 60110 76867 93602 84166 63747 87879 99792 76343 62726 82828 106038 104232 107910 68936 77948 91462 80131 87777 95327 84604 123744 88891 80388 44945 80690 81673 87730 95824 96140 82307 53806 90755 81203 76407 76213 53184 64506 96003 27025 101895 42297 29659 82102 103149 82301 103149 53806 103149 96140 103149 82307 103149 92343 103149 91454 103149 
1000000 1000000 1000000 1000000 1000000 1000000 1000000 1000000 1000000 1000000 1000000 1000000 1000000 1000000 4243 144935 24456 144935 53101 144935 12914 144935 43146 144935 28500 144935 17678 144935 18179 14009 8596 67136 28077 20797 23867 30788 7159 41803 13542 78431 0 19029 30956 21272 30696 7803 22755 50512 34503 6997 80110 34258 56177 16125 53734 29120 11709 10024 28511 21067 17055 39607 60603 18007 22327 23592 7720 27445 24803 28500 13548 10492 30488 24456 53101 16362 26948 10242 43233 12914 4243 1000 33948 39465 37580 27238 74059 13736 57428 19821 48269 16919 28790 39908 20259 37663 30974 24723 51593 35280 31184 62178 16919 2419 18722 15582 43146 43005 9122 80761 23729 14142 40035 31016 28311 13509 68857 20304 7406 24627 17678 7201 16855 14271 30433 17507 20762 105456 112780 109822 107287 7803 144935 8596 144935 24627 144935 20304 144935 7406 144935 14009 144935 18179 144935 
1000000 1000000 1000000 1000000 1000000 1000000 1000000 1000000 1000000 1000000 1000000 1000000 1000000 1000000 21152 152226 42720 152226 70481 152226 11332 152226 55205 152226 24233 152226 23067 152226 22971 10984 21356 86154 38212 29524 39994 42472 25362 54357 11552 95713 19029 0 48767 30729 29906 20809 31976 63159 48610 20480 94151 45845 46481 8814 65535 39127 28399 28239 47413 30101 24068 54509 78369 17307 3330 33640 20055 10028 6080 24233 32574 13557 40656 42720 70481 33179 39890 22451 61898 11332 21152 18506 48792 51127 56438 44749 92655 29411 52057 38755 49475 2154 40921 57568 29226 25713 46072 43350 65758 18250 13282 52921 35224 20663 7569 29547 55205 35096 19213 70202 32634 28044 53963 44662 41485 8338 65395 2200 20204 42475 23067 21181 22049 30440 49462 36490 3423 122658 129024 123994 124999 20809 152226 21356 152226 42475 152226 2200 152226 20204 152226 10984 152226 22971 152226 
